speedsAfterKrig/output_residuos_44_2008.asc
NCOLS          173       
NROWS          329       
XLLCENTER      510425.00 
YLLCENTER      8547775.00
DX             50.00     
DY             50.00     
NODATA_VALUE   -999.00   
[rows 190 to 227 of 329, columns 84 to 167 of 173]
0.12 0.12 0.12 0.12 0.12 0.12 0.12 0.12 0.12 0.12 0.12 0.12 0.13 0.13 0.13 0.13 0.13 0.13 0.13 0.13 0.13 0.13 0.13 0.13 0.13 0.13 0.13 0.13 0.13 0.13 0.13 0.13 0.13 0.12 0.12 0.12 0.12 0.12 0.12 0.12 0.12 0.12 0.12 0.12 0.12 0.12 0.12 0.12 0.12 0.11 0.11 0.11 0.11 0.11 0.11 0.11 0.11 0.11 0.11 0.11 0.11 0.11 0.11 0.11 0.11 0.11 0.11 0.11 0.12 0.12 0.12 0.12 0.11 0.11 0.10 0.09 0.08 0.06 0.04 0.03 0.01 0.01 0.00 0.01
0.12 0.12 0.12 0.12 0.12 0.12 0.12 0.12 0.12 0.12 0.12 0.13 0.13 0.13 0.13 0.13 0.13 0.13 0.13 0.14 0.14 0.14 0.14 0.14 0.14 0.14 0.13 0.13 0.13 0.13 0.13 0.13 0.13 0.13 0.12 0.12 0.12 0.12 0.12 0.12 0.12 0.12 0.12 0.12 0.12 0.12 0.12 0.12 0.12 0.12 0.12 0.12 0.11 0.11 0.11 0.11 0.11 0.11 0.11 0.11 0.10 0.10 0.10 0.10 0.10 0.10 0.11 0.11 0.11 0.11 0.12 0.12 0.11 0.11 0.10 0.09 0.08 0.06 0.05 0.03 0.02 0.01 0.01 0.01
0.12 0.12 0.12 0.12 0.12 0.12 0.12 0.12 0.12 0.12 0.13 0.13 0.13 0.13 0.13 0.13 0.13 0.14 0.14 0.14 0.15 0.15 0.15 0.15 0.15 0.14 0.14 0.14 0.13 0.13 0.13 0.13 0.13 0.13 0.13 0.12 0.12 0.12 0.12 0.12 0.12 0.12 0.12 0.12 0.12 0.12 0.12 0.12 0.12 0.12 0.12 0.12 0.12 0.12 0.12 0.11 0.11 0.11 0.10 0.10 0.10 0.09 0.09 0.09 0.09 0.09 0.10 0.10 0.11 0.11 0.11 0.11 0.11 0.11 0.10 0.09 0.08 0.07 0.05 0.04 0.03 0.02 0.01 0.02
0.12 0.12 0.12 0.12 0.12 0.12 0.12 0.12 0.12 0.13 0.13 0.13 0.13 0.13 0.13 0.14 0.14 0.15 0.15 0.16 0.17 0.17 0.17 0.17 0.17 0.16 0.15 0.15 0.14 0.14 0.13 0.13 0.13 0.13 0.13 0.13 0.12 0.12 0.12 0.12 0.12 0.12 0.12 0.12 0.12 0.12 0.12 0.12 0.12 0.12 0.12 0.12 0.12 0.12 0.12 0.11 0.11 0.10 0.10 0.09 0.09 0.08 0.08 0.08 0.08 0.08 0.09 0.09 0.10 0.10 0.11 0.11 0.11 0.11 0.10 0.10 0.09 0.07 0.06 0.05 0.04 0.03 0.03 0.03
0.12 0.12 0.12 0.12 0.12 0.12 0.12 0.12 0.13 0.13 0.13 0.13 0.13 0.13 0.14 0.15 0.16 0.17 0.18 0.19 0.20 0.20 0.20 0.20 0.20 0.19 0.18 0.17 0.16 0.15 0.14 0.13 0.13 0.13 0.13 0.13 0.13 0.12 0.12 0.12 0.12 0.12 0.12 0.12 0.12 0.12 0.12 0.12 0.12 0.12 0.12 0.12 0.12 0.12 0.12 0.11 0.11 0.10 0.09 0.08 0.07 0.07 0.06 0.06 0.06 0.07 0.07 0.08 0.09 0.10 0.11 0.11 0.11 0.11 0.11 0.10 0.09 0.08 0.07 0.06 0.05 0.05 0.04 0.05
0.12 0.12 0.12 0.12 0.12 0.12 0.12 0.12 0.13 0.13 0.13 0.13 0.13 0.14 0.15 0.16 0.17 0.19 0.21 0.23 0.24 0.25 0.25 0.25 0.24 0.23 0.21 0.19 0.17 0.16 0.15 0.14 0.13 0.13 0.13 0.13 0.13 0.12 0.12 0.12 0.12 0.12 0.12 0.12 0.12 0.12 0.12 0.12 0.12 0.12 0.12 0.12 0.12 0.12 0.11 0.11 0.10 0.09 0.08 0.07 0.06 0.05 0.05 0.04 0.05 0.05 0.06 0.07 0.08 0.09 0.10 0.11 0.11 0.11 0.11 0.11 0.10 0.09 0.08 0.07 0.07 0.06 0.06 0.06
0.12 0.12 0.12 0.12 0.12 0.12 0.12 0.13 0.13 0.13 0.13 0.13 0.14 0.15 0.16 0.18 0.20 0.23 0.25 0.28 0.30 0.32 0.32 0.32 0.30 0.28 0.25 0.23 0.20 0.18 0.16 0.15 0.14 0.13 0.13 0.13 0.13 0.13 0.12 0.12 0.12 0.12 0.12 0.12 0.12 0.12 0.12 0.12 0.12 0.12 0.12 0.12 0.12 0.12 0.11 0.11 0.10 0.09 0.07 0.06 0.05 0.04 0.03 0.03 0.03 0.04 0.05 0.06 0.07 0.09 0.10 0.10 0.11 0.11 0.11 0.11 0.10 0.10 0.09 0.09 0.08 0.08 0.08 0.08
0.12 0.12 0.12 0.12 0.12 0.12 0.12 0.13 0.13 0.13 0.13 0.14 0.15 0.16 0.18 0.20 0.24 0.27 0.31 0.35 0.38 0.40 0.41 0.40 0.38 0.35 0.31 0.27 0.24 0.20 0.18 0.16 0.15 0.14 0.13 0.13 0.13 0.13 0.12 0.12 0.12 0.12 0.12 0.12 0.12 0.12 0.12 0.12 0.12 0.12 0.12 0.12 0.12 0.12 0.11 0.10 0.09 0.08 0.07 0.05 0.04 0.03 0.02 0.01 0.02 0.03 0.04 0.05 0.07 0.08 0.09 0.10 0.11 0.11 0.11 0.11 0.11 0.11 0.10 0.10 0.09 0.09 0.09 0.09
0.12 0.12 0.12 0.12 0.12 0.12 0.13 0.13 0.13 0.13 0.13 0.14 0.15 0.17 0.20 0.23 0.28 0.33 0.39 0.44 0.48 0.51 0.52 0.51 0.48 0.44 0.39 0.33 0.28 0.23 0.20 0.17 0.15 0.14 0.13 0.13 0.13 0.13 0.13 0.12 0.12 0.12 0.12 0.12 0.12 0.12 0.12 0.12 0.12 0.12 0.12 0.12 0.12 0.12 0.11 0.10 0.09 0.08 0.06 0.05 0.03 0.02 0.01 0.01 0.01 0.02 0.03 0.05 0.06 0.08 0.09 0.10 0.11 0.11 0.12 0.12 0.11 0.11 0.11 0.11 0.10 0.10 0.10 0.10
0.12 0.12 0.12 0.12 0.12 0.12 0.13 0.13 0.13 0.13 0.14 0.15 0.16 0.19 0.22 0.27 0.33 0.40 0.47 0.54 0.59 0.63 0.65 0.63 0.60 0.54 0.47 0.40 0.33 0.27 0.22 0.19 0.16 0.15 0.14 0.13 0.13 0.13 0.13 0.12 0.12 0.12 0.12 0.12 0.12 0.12 0.12 0.12 0.12 0.12 0.12 0.12 0.12 0.12 0.11 0.10 0.09 0.08 0.06 0.04 0.03 0.01 0.01 0.00 0.01 0.01 0.03 0.04 0.06 0.08 0.09 0.10 0.11 0.11 0.12 0.12 0.12 0.12 0.11 0.11 0.11 0.11 0.11 0.11
0.12 0.12 0.12 0.12 0.12 0.12 0.13 0.13 0.13 0.13 0.14 0.15 0.17 0.20 0.25 0.30 0.38 0.46 0.55 0.64 0.71 0.76 0.78 0.76 0.71 0.64 0.55 0.46 0.38 0.31 0.25 0.20 0.17 0.15 0.14 0.13 0.13 0.13 0.13 0.12 0.12 0.12 0.12 0.12 0.12 0.12 0.12 0.12 0.12 0.12 0.12 0.12 0.12 0.12 0.11 0.10 0.09 0.08 0.06 0.05 0.03 0.02 0.01 0.01 0.01 0.02 0.03 0.05 0.06 0.08 0.09 0.10 0.11 0.11 0.12 0.12 0.12 0.12 0.12 0.12 0.12 0.12 0.11 0.11
0.12 0.12 0.12 0.12 0.12 0.12 0.13 0.13 0.13 0.13 0.14 0.16 0.18 0.22 0.27 0.34 0.42 0.52 0.63 0.73 0.82 0.88 0.90 0.88 0.82 0.74 0.63 0.53 0.43 0.34 0.27 0.22 0.18 0.16 0.14 0.13 0.13 0.13 0.13 0.12 0.12 0.12 0.12 0.12 0.12 0.12 0.12 0.12 0.12 0.12 0.12 0.12 0.12 0.12 0.11 0.10 0.09 0.08 0.07 0.05 0.04 0.03 0.02 0.01 0.02 0.03 0.04 0.05 0.07 0.08 0.09 0.10 0.11 0.12 0.12 0.12 0.12 0.12 0.12 0.12 0.12 0.12 0.12 0.12
0.12 0.12 0.12 0.12 0.12 0.12 0.13 0.13 0.13 0.13 0.14 0.16 0.19 0.23 0.29 0.36 0.46 0.57 0.69 0.81 0.91 0.97 0.99 0.97 0.91 0.81 0.70 0.58 0.46 0.37 0.29 0.23 0.19 0.16 0.14 0.13 0.13 0.13 0.13 0.13 0.12 0.12 0.12 0.12 0.12 0.12 0.12 0.12 0.12 0.12 0.12 0.12 0.12 0.12 0.11 0.11 0.10 0.09 0.07 0.06 0.05 0.04 0.03 0.03 0.03 0.04 0.05 0.06 0.07 0.09 0.10 0.11 0.11 0.12 0.12 0.12 0.12 0.12 0.12 0.12 0.12 0.12 0.12 0.12
0.12 0.12 0.12 0.12 0.12 0.13 0.13 0.13 0.13 0.14 0.15 0.16 0.19 0.23 0.30 0.38 0.48 0.60 0.73 0.85 0.96 1.03 1.05 1.03 0.96 0.86 0.73 0.61 0.49 0.38 0.30 0.24 0.19 0.16 0.15 0.14 0.13 0.13 0.13 0.13 0.12 0.12 0.12 0.12 0.12 0.12 0.12 0.12 0.12 0.12 0.12 0.12 0.12 0.12 0.11 0.11 0.10 0.09 0.08 0.07 0.06 0.05 0.05 0.04 0.05 0.05 0.06 0.07 0.08 0.09 0.10 0.11 0.11 0.12 0.12 0.12 0.12 0.12 0.12 0.12 0.12 0.12 0.12 0.12
0.12 0.12 0.12 0.12 0.12 0.13 0.13 0.13 0.13 0.14 0.15 0.16 0.19 0.24 0.30 0.38 0.49 0.61 0.74 0.86 0.97 1.04 1.06 1.04 0.97 0.87 0.74 0.61 0.49 0.38 0.30 0.24 0.19 0.16 0.15 0.14 0.13 0.13 0.13 0.13 0.12 0.12 0.12 0.12 0.12 0.12 0.12 0.12 0.12 0.12 0.12 0.12 0.12 0.12 0.12 0.11 0.11 0.10 0.09 0.08 0.07 0.07 0.06 0.06 0.06 0.07 0.07 0.08 0.09 0.10 0.11 0.11 0.12 0.12 0.12 0.12 0.12 0.12 0.12 0.12 0.12 0.12 0.12 0.11
0.12 0.12 0.12 0.12 0.12 0.13 0.13 0.13 0.13 0.14 0.15 0.16 0.19 0.23 0.29 0.37 0.47 0.59 0.71 0.83 0.93 1.00 1.02 1.00 0.94 0.84 0.72 0.59 0.48 0.37 0.29 0.23 0.19 0.16 0.15 0.14 0.13 0.13 0.13 0.13 0.12 0.12 0.12 0.12 0.12 0.12 0.12 0.12 0.12 0.12 0.12 0.12 0.12 0.12 0.12 0.12 0.11 0.11 0.10 0.09 0.09 0.08 0.08 0.08 0.08 0.08 0.09 0.09 0.10 0.11 0.11 0.12 0.12 0.12 0.12 0.12 0.12 0.12 0.12 0.12 0.12 0.12 0.11 0.11
0.12 0.12 0.12 0.12 0.12 0.12 0.13 0.13 0.13 0.13 0.14 0.16 0.18 0.22 0.28 0.35 0.44 0.55 0.66 0.77 0.86 0.92 0.94 0.92 0.86 0.77 0.66 0.55 0.44 0.35 0.28 0.22 0.18 0.16 0.14 0.13 0.13 0.13 0.13 0.12 0.12 0.12 0.12 0.12 0.12 0.12 0.12 0.12 0.12 0.12 0.12 0.12 0.12 0.12 0.12 0.12 0.11 0.11 0.11 0.10 0.10 0.09 0.09 0.09 0.09 0.09 0.10 0.10 0.11 0.11 0.12 0.12 0.12 0.12 0.12 0.12 0.12 0.12 0.12 0.12 0.12 0.11 0.11 0.10
0.12 0.12 0.12 0.12 0.12 0.12 0.13 0.13 0.13 0.13 0.14 0.15 0.18 0.21 0.26 0.32 0.40 0.49 0.59 0.68 0.76 0.81 0.83 0.82 0.76 0.69 0.59 0.49 0.40 0.32 0.26 0.21 0.18 0.15 0.14 0.13 0.13 0.13 0.13 0.12 0.12 0.12 0.12 0.12 0.12 0.12 0.12 0.12 0.12 0.12 0.12 0.12 0.12 0.12 0.12 0.12 0.12 0.11 0.11 0.11 0.11 0.10 0.10 0.10 0.10 0.10 0.11 0.11 0.11 0.12 0.12 0.12 0.12 0.12 0.12 0.12 0.12 0.12 0.12 0.12 0.11 0.11 0.10 0.09
0.12 0.12 0.12 0.12 0.12 0.12 0.13 0.13 0.13 0.13 0.14 0.15 0.17 0.19 0.23 0.28 0.35 0.43 0.51 0.58 0.65 0.69 0.71 0.69 0.65 0.58 0.51 0.43 0.35 0.29 0.23 0.19 0.17 0.15 0.14 0.13 0.13 0.13 0.13 0.12 0.12 0.12 0.12 0.12 0.12 0.12 0.12 0.12 0.12 0.12 0.12 0.12 0.12 0.12 0.12 0.12 0.12 0.12 0.11 0.11 0.11 0.11 0.11 0.11 0.11 0.11 0.11 0.11 0.12 0.12 0.12 0.12 0.12 0.12 0.12 0.12 0.12 0.12 0.12 0.11 0.11 0.10 0.09 0.08
0.12 0.12 0.12 0.12 0.12 0.12 0.13 0.13 0.13 0.13 0.13 0.14 0.16 0.18 0.21 0.25 0.30 0.36 0.42 0.48 0.53 0.57 0.58 0.57 0.53 0.48 0.42 0.36 0.30 0.25 0.21 0.18 0.16 0.14 0.13 0.13 0.13 0.13 0.13 0.12 0.12 0.12 0.12 0.12 0.12 0.12 0.12 0.12 0.12 0.12 0.12 0.12 0.12 0.12 0.12 0.12 0.12 0.12 0.12 0.11 0.11 0.11 0.11 0.11 0.11 0.11 0.11 0.12 0.12 0.12 0.12 0.12 0.12 0.12 0.12 0.12 0.12 0.12 0.11 0.11 0.10 0.09 0.08 0.07
0.12 0.12 0.12 0.12 0.12 0.12 0.12 0.13 0.13 0.13 0.13 0.14 0.15 0.16 0.19 0.22 0.25 0.30 0.34 0.39 0.43 0.45 0.46 0.45 0.43 0.39 0.34 0.30 0.25 0.22 0.19 0.16 0.15 0.14 0.13 0.13 0.13 0.13 0.12 0.12 0.12 0.12 0.12 0.12 0.12 0.12 0.12 0.12 0.12 0.12 0.12 0.12 0.12 0.12 0.12 0.12 0.12 0.12 0.11 0.11 0.11 0.11 0.11 0.11 0.11 0.11 0.12 0.12 0.12 0.12 0.12 0.12 0.12 0.12 0.12 0.12 0.12 0.12 0.11 0.11 0.10 0.09 0.07 0.06
0.12 0.12 0.12 0.12 0.12 0.12 0.12 0.13 0.13 0.13 0.13 0.13 0.14 0.15 0.17 0.19 0.22 0.25 0.28 0.31 0.34 0.35 0.36 0.35 0.34 0.31 0.28 0.25 0.22 0.19 0.17 0.15 0.14 0.13 0.13 0.13 0.13 0.13 0.12 0.12 0.12 0.12 0.12 0.12 0.12 0.12 0.12 0.12 0.12 0.12 0.12 0.12 0.12 0.12 0.12 0.12 0.12 0.11 0.11 0.11 0.11 0.11 0.11 0.11 0.11 0.11 0.11 0.12 0.12 0.12 0.12 0.12 0.12 0.12 0.12 0.12 0.12 0.12 0.11 0.10 0.09 0.08 0.07 0.05
0.12 0.12 0.12 0.12 0.12 0.12 0.12 0.12 0.13 0.13 0.13 0.13 0.14 0.14 0.15 0.17 0.18 0.21 0.23 0.25 0.26 0.28 0.28 0.28 0.26 0.25 0.23 0.21 0.19 0.17 0.15 0.14 0.14 0.13 0.13 0.13 0.13 0.12 0.12 0.12 0.12 0.12 0.12 0.12 0.12 0.12 0.12 0.12 0.12 0.12 0.12 0.12 0.12 0.12 0.12 0.12 0.11 0.11 0.11 0.10 0.10 0.10 0.10 0.10 0.11 0.11 0.11 0.11 0.12 0.12 0.12 0.12 0.12 0.12 0.12 0.12 0.12 0.12 0.11 0.10 0.09 0.08 0.06 0.05
0.12 0.12 0.12 0.12 0.12 0.12 0.12 0.12 0.13 0.13 0.13 0.13 0.13 0.14 0.14 0.15 0.16 0.18 0.19 0.20 0.21 0.22 0.22 0.22 0.21 0.20 0.19 0.18 0.16 0.15 0.14 0.14 0.13 0.13 0.13 0.13 0.13 0.12 0.12 0.12 0.12 0.12 0.12 0.12 0.12 0.12 0.12 0.12 0.12 0.12 0.12 0.12 0.12 0.12 0.12 0.11 0.11 0.10 0.10 0.09 0.09 0.09 0.09 0.09 0.10 0.10 0.11 0.11 0.11 0.12 0.12 0.12 0.12 0.12 0.12 0.12 0.12 0.12 0.11 0.10 0.09 0.08 0.06 0.04
0.12 0.12 0.12 0.12 0.12 0.12 0.12 0.12 0.12 0.13 0.13 0.13 0.13 0.13 0.14 0.14 0.15 0.16 0.16 0.17 0.18 0.18 0.18 0.18 0.18 0.17 0.16 0.16 0.15 0.14 0.14 0.13 0.13 0.13 0.13 0.13 0.12 0.12 0.12 0.12 0.12 0.12 0.12 0.12 0.12 0.12 0.12 0.12 0.12 0.12 0.12 0.12 0.12 0.12 0.11 0.11 0.10 0.09 0.09 0.08 0.08 0.08 0.08 0.08 0.09 0.09 0.10 0.11 0.11 0.12 0.12 0.12 0.12 0.12 0.12 0.12 0.12 0.12 0.11 0.10 0.09 0.08 0.06 0.05
0.12 0.12 0.12 0.12 0.12 0.12 0.12 0.12 0.12 0.12 0.13 0.13 0.13 0.13 0.13 0.13 0.14 0.14 0.15 0.15 0.15 0.16 0.16 0.16 0.15 0.15 0.15 0.14 0.14 0.13 0.13 0.13 0.13 0.13 0.13 0.12 0.12 0.12 0.12 0.12 0.12 0.12 0.12 0.12 0.12 0.12 0.12 0.12 0.12 0.12 0.12 0.12 0.12 0.11 0.11 0.10 0.09 0.08 0.07 0.07 0.06 0.06 0.06 0.07 0.07 0.08 0.09 0.10 0.11 0.11 0.12 0.12 0.12 0.12 0.12 0.12 0.12 0.12 0.11 0.10 0.09 0.08 0.07 0.05
0.12 0.12 0.12 0.12 0.12 0.12 0.12 0.12 0.12 0.12 0.12 0.13 0.13 0.13 0.13 0.13 0.13 0.13 0.14 0.14 0.14 0.14 0.14 0.14 0.14 0.14 0.14 0.13 0.13 0.13 0.13 0.13 0.13 0.13 0.12 0.12 0.12 0.12 0.12 0.12 0.12 0.12 0.12 0.12 0.12 0.12 0.12 0.12 0.12 0.12 0.12 0.12 0.11 0.11 0.10 0.09 0.08 0.07 0.06 0.05 0.05 0.04 0.05 0.05 0.06 0.07 0.08 0.09 0.10 0.11 0.11 0.12 0.12 0.12 0.12 0.12 0.12 0.12 0.11 0.11 0.10 0.09 0.07 0.06
0.12 0.12 0.12 0.12 0.12 0.12 0.12 0.12 0.12 0.12 0.12 0.12 0.13 0.13 0.13 0.13 0.13 0.13 0.13 0.13 0.13 0.13 0.13 0.13 0.13 0.13 0.13 0.13 0.13 0.13 0.13 0.13 0.13 0.12 0.12 0.12 0.12 0.12 0.12 0.12 0.12 0.12 0.12 0.12 0.12 0.12 0.12 0.12 0.12 0.12 0.12 0.12 0.11 0.11 0.10 0.09 0.07 0.06 0.05 0.04 0.03 0.03 0.03 0.04 0.05 0.06 0.07 0.09 0.10 0.11 0.11 0.12 0.12 0.12 0.12 0.12 0.12 0.12 0.11 0.11 0.10 0.09 0.08 0.07
0.12 0.12 0.12 0.12 0.12 0.12 0.12 0.12 0.12 0.12 0.12 0.12 0.12 0.13 0.13 0.13 0.13 0.13 0.13 0.13 0.13 0.13 0.13 0.13 0.13 0.13 0.13 0.13 0.13 0.13 0.13 0.13 0.12 0.12 0.12 0.12 0.12 0.12 0.12 0.12 0.12 0.12 0.12 0.12 0.12 0.12 0.12 0.12 0.12 0.12 0.12 0.12 0.11 0.10 0.09 0.08 0.07 0.05 0.04 0.03 0.02 0.01 0.02 0.03 0.04 0.05 0.07 0.08 0.09 0.10 0.11 0.12 0.12 0.12 0.12 0.12 0.12 0.12 0.12 0.11 0.11 0.10 0.09 0.08
0.12 0.12 0.12 0.12 0.12 0.12 0.12 0.12 0.12 0.12 0.12 0.12 0.12 0.12 0.12 0.13 0.13 0.13 0.13 0.13 0.13 0.13 0.13 0.13 0.13 0.13 0.13 0.13 0.13 0.13 0.12 0.12 0.12 0.12 0.12 0.12 0.12 0.12 0.12 0.12 0.12 0.12 0.12 0.12 0.12 0.12 0.12 0.12 0.12 0.12 0.12 0.12 0.11 0.10 0.09 0.08 0.06 0.05 0.03 0.02 0.01 0.01 0.01 0.02 0.03 0.05 0.06 0.08 0.09 0.10 0.11 0.12 0.12 0.12 0.12 0.12 0.12 0.12 0.12 0.12 0.11 0.11 0.10 0.09
0.12 0.12 0.12 0.12 0.12 0.12 0.12 0.12 0.12 0.12 0.12 0.12 0.12 0.12 0.12 0.12 0.12 0.13 0.13 0.13 0.13 0.13 0.13 0.13 0.13 0.13 0.13 0.13 0.12 0.12 0.12 0.12 0.12 0.12 0.12 0.12 0.12 0.12 0.12 0.12 0.12 0.12 0.12 0.12 0.12 0.12 0.12 0.12 0.12 0.12 0.12 0.12 0.11 0.10 0.09 0.08 0.06 0.04 0.03 0.01 0.01 0.00 0.01 0.01 0.03 0.04 0.06 0.08 0.09 0.10 0.11 0.12 0.12 0.12 0.12 0.12 0.12 0.12 0.12 0.12 0.12 0.11 0.11 0.10
0.12 0.12 0.12 0.12 0.12 0.12 0.12 0.12 0.12 0.12 0.12 0.12 0.12 0.12 0.12 0.12 0.12 0.12 0.12 0.12 0.12 0.12 0.12 0.12 0.12 0.12 0.12 0.12 0.12 0.12 0.12 0.12 0.12 0.12 0.12 0.12 0.12 0.12 0.12 0.12 0.12 0.12 0.12 0.12 0.12 0.12 0.12 0.12 0.12 0.12 0.12 0.12 0.11 0.10 0.09 0.08 0.06 0.05 0.03 0.02 0.01 0.01 0.01 0.02 0.03 0.05 0.06 0.08 0.09 0.10 0.11 0.12 0.12 0.12 0.12 0.12 0.12 0.12 0.12 0.12 0.12 0.12 0.11 0.11
0.12 0.12 0.12 0.12 0.12 0.12 0.12 0.12 0.12 0.12 0.12 0.12 0.12 0.12 0.12 0.12 0.12 0.12 0.12 0.12 0.12 0.12 0.12 0.12 0.12 0.12 0.12 0.12 0.12 0.12 0.12 0.12 0.12 0.12 0.12 0.12 0.12 0.12 0.12 0.12 0.12 0.12 0.12 0.12 0.12 0.12 0.12 0.12 0.12 0.12 0.12 0.12 0.11 0.10 0.09 0.08 0.07 0.05 0.04 0.03 0.02 0.01 0.02 0.03 0.04 0.05 0.07 0.08 0.09 0.10 0.11 0.12 0.12 0.12 0.12 0.12 0.12 0.12 0.12 0.12 0.12 0.12 0.12 0.11
0.12 0.12 0.12 0.12 0.12 0.12 0.12 0.12 0.12 0.12 0.12 0.12 0.12 0.12 0.12 0.12 0.12 0.12 0.12 0.12 0.12 0.12 0.12 0.12 0.12 0.12 0.12 0.12 0.12 0.12 0.12 0.12 0.12 0.12 0.12 0.12 0.12 0.12 0.12 0.12 0.12 0.12 0.12 0.12 0.12 0.12 0.12 0.12 0.12 0.12 0.12 0.12 0.11 0.11 0.10 0.09 0.07 0.06 0.05 0.04 0.03 0.03 0.03 0.04 0.05 0.06 0.07 0.09 0.10 0.11 0.11 0.12 0.12 0.12 0.12 0.12 0.12 0.12 0.12 0.12 0.12 0.12 0.12 0.12
0.12 0.12 0.12 0.12 0.12 0.12 0.12 0.12 0.12 0.12 0.12 0.12 0.12 0.12 0.12 0.12 0.12 0.12 0.12 0.12 0.12 0.12 0.12 0.12 0.12 0.12 0.12 0.12 0.12 0.12 0.12 0.12 0.12 0.12 0.12 0.12 0.12 0.12 0.12 0.12 0.12 0.12 0.12 0.12 0.12 0.12 0.12 0.12 0.12 0.12 0.12 0.12 0.11 0.11 0.10 0.09 0.08 0.07 0.06 0.05 0.05 0.04 0.05 0.05 0.06 0.07 0.08 0.09 0.10 0.11 0.11 0.12 0.12 0.12 0.12 0.12 0.12 0.12 0.12 0.12 0.12 0.12 0.12 0.12
0.12 0.12 0.12 0.12 0.12 0.12 0.12 0.12 0.12 0.12 0.12 0.12 0.12 0.12 0.12 0.12 0.12 0.12 0.12 0.12 0.12 0.12 0.12 0.12 0.12 0.12 0.12 0.12 0.12 0.12 0.12 0.12 0.12 0.12 0.12 0.12 0.12 0.12 0.12 0.12 0.12 0.12 0.12 0.12 0.12 0.12 0.12 0.12 0.12 0.12 0.12 0.12 0.12 0.11 0.11 0.10 0.09 0.08 0.07 0.07 0.06 0.06 0.06 0.07 0.07 0.08 0.09 0.10 0.11 0.11 0.12 0.12 0.12 0.12 0.12 0.12 0.12 0.12 0.12 0.12 0.12 0.12 0.12 0.12
0.12 0.12 0.12 0.12 0.12 0.12 0.12 0.12 0.12 0.12 0.12 0.12 0.12 0.12 0.12 0.12 0.12 0.12 0.12 0.12 0.12 0.12 0.12 0.12 0.12 0.12 0.12 0.12 0.12 0.12 0.12 0.12 0.12 0.12 0.12 0.12 0.12 0.12 0.12 0.12 0.12 0.12 0.12 0.12 0.12 0.12 0.12 0.12 0.12 0.12 0.12 0.12 0.12 0.12 0.11 0.11 0.10 0.09 0.09 0.08 0.08 0.08 0.08 0.08 0.09 0.09 0.10 0.11 0.11 0.12 0.12 0.12 0.12 0.12 0.12 0.12 0.12 0.12 0.12 0.12 0.12 0.12 0.12 0.12
0.12 0.12 0.12 0.12 0.12 0.12 0.12 0.12 0.12 0.12 0.12 0.12 0.12 0.12 0.12 0.12 0.12 0.12 0.12 0.12 0.12 0.12 0.12 0.12 0.12 0.12 0.12 0.12 0.12 0.12 0.12 0.12 0.12 0.12 0.12 0.12 0.12 0.12 0.12 0.12 0.12 0.12 0.12 0.12 0.12 0.12 0.12 0.12 0.12 0.12 0.12 0.12 0.12 0.12 0.12 0.11 0.11 0.10 0.10 0.09 0.09 0.09 0.09 0.09 0.10 0.10 0.11 0.11 0.12 0.12 0.12 0.12 0.12 0.12 0.12 0.12 0.12 0.12 0.12 0.12 0.12 0.12 0.12 0.12
