speedsAfterKrig/output_residuos_43_2008.asc
NCOLS          173       
NROWS          329       
XLLCENTER      510425.00 
YLLCENTER      8547775.00
DX             50.00     
DY             50.00     
NODATA_VALUE   -999.00   
[rows 228 to 265 of 329, columns 84 to 167 of 173]
0.44 0.49 0.53 0.58 0.63 0.69 0.75 0.82 0.88 0.95 1.02 1.10 1.17 1.24 1.32 1.39 1.46 1.52 1.58 1.63 1.68 1.72 1.75 1.77 1.78 1.79 1.78 1.77 1.75 1.72 1.68 1.63 1.58 1.52 1.46 1.39 1.32 1.25 1.18 1.10 1.03 0.96 0.89 0.82 0.75 0.69 0.63 0.57 0.52 0.47 0.42 0.38 0.34 0.30 0.27 0.24 0.22 0.20 0.18 0.17 0.16 0.15 0.15 0.15 0.15 0.15 0.15 0.16 0.17 0.18 0.19 0.20 0.21 0.22 0.23 0.24 0.25 0.26 0.27 0.28 0.29 0.30 0.30 0.31
0.44 0.48 0.53 0.59 0.64 0.70 0.77 0.84 0.91 0.99 1.07 1.15 1.23 1.31 1.39 1.46 1.54 1.61 1.67 1.73 1.78 1.83 1.86 1.89 1.90 1.91 1.91 1.89 1.87 1.83 1.79 1.74 1.69 1.62 1.56 1.48 1.41 1.33 1.25 1.17 1.09 1.01 0.94 0.86 0.79 0.72 0.66 0.60 0.54 0.48 0.44 0.39 0.35 0.31 0.28 0.25 0.22 0.20 0.19 0.17 0.16 0.15 0.15 0.15 0.15 0.15 0.16 0.16 0.17 0.18 0.19 0.20 0.21 0.23 0.24 0.25 0.26 0.27 0.28 0.29 0.30 0.31 0.32 0.32
0.43 0.48 0.53 0.59 0.65 0.72 0.79 0.87 0.95 1.03 1.11 1.20 1.29 1.38 1.46 1.55 1.63 1.71 1.78 1.84 1.90 1.95 1.99 2.02 2.04 2.04 2.04 2.03 2.00 1.97 1.92 1.87 1.81 1.74 1.66 1.59 1.50 1.42 1.33 1.25 1.16 1.07 0.99 0.91 0.83 0.76 0.69 0.62 0.56 0.51 0.45 0.40 0.36 0.32 0.29 0.26 0.23 0.21 0.19 0.17 0.16 0.15 0.15 0.15 0.15 0.15 0.16 0.17 0.17 0.19 0.20 0.21 0.22 0.23 0.24 0.26 0.27 0.28 0.29 0.30 0.31 0.32 0.33 0.33
0.43 0.48 0.54 0.60 0.67 0.74 0.82 0.90 0.99 1.08 1.17 1.26 1.36 1.46 1.55 1.64 1.73 1.82 1.90 1.97 2.03 2.08 2.13 2.16 2.18 2.19 2.19 2.17 2.15 2.11 2.06 2.00 1.93 1.86 1.78 1.70 1.61 1.51 1.42 1.33 1.23 1.14 1.05 0.96 0.88 0.80 0.73 0.65 0.59 0.53 0.47 0.42 0.37 0.33 0.29 0.26 0.23 0.21 0.19 0.17 0.16 0.15 0.15 0.15 0.15 0.15 0.16 0.17 0.18 0.19 0.20 0.21 0.23 0.24 0.25 0.26 0.28 0.29 0.30 0.31 0.32 0.33 0.34 0.35
0.43 0.48 0.54 0.61 0.68 0.76 0.85 0.93 1.03 1.13 1.23 1.33 1.43 1.54 1.64 1.75 1.84 1.94 2.02 2.10 2.17 2.23 2.28 2.31 2.34 2.35 2.34 2.33 2.30 2.26 2.21 2.14 2.07 1.99 1.91 1.81 1.72 1.62 1.51 1.41 1.31 1.21 1.11 1.02 0.93 0.84 0.76 0.69 0.62 0.55 0.49 0.43 0.39 0.34 0.30 0.27 0.24 0.21 0.19 0.18 0.16 0.16 0.15 0.15 0.15 0.15 0.16 0.17 0.18 0.19 0.20 0.22 0.23 0.24 0.26 0.27 0.28 0.30 0.31 0.32 0.33 0.34 0.35 0.36
0.43 0.49 0.55 0.62 0.70 0.79 0.88 0.97 1.07 1.18 1.29 1.40 1.52 1.63 1.74 1.85 1.96 2.06 2.15 2.24 2.32 2.38 2.43 2.47 2.50 2.51 2.51 2.49 2.46 2.42 2.36 2.29 2.22 2.13 2.04 1.94 1.83 1.72 1.61 1.50 1.39 1.28 1.18 1.08 0.98 0.89 0.80 0.72 0.64 0.57 0.51 0.45 0.40 0.35 0.31 0.27 0.24 0.22 0.19 0.18 0.16 0.16 0.15 0.15 0.15 0.16 0.16 0.17 0.18 0.19 0.21 0.22 0.23 0.25 0.26 0.28 0.29 0.30 0.31 0.33 0.34 0.35 0.36 0.37
0.43 0.49 0.56 0.64 0.72 0.81 0.91 1.01 1.12 1.24 1.35 1.48 1.60 1.72 1.85 1.96 2.08 2.19 2.29 2.39 2.47 2.54 2.60 2.64 2.67 2.68 2.68 2.66 2.63 2.58 2.52 2.45 2.37 2.27 2.17 2.06 1.95 1.83 1.71 1.60 1.48 1.36 1.25 1.14 1.03 0.94 0.84 0.75 0.67 0.60 0.53 0.47 0.41 0.36 0.32 0.28 0.25 0.22 0.20 0.18 0.17 0.16 0.15 0.15 0.15 0.16 0.16 0.17 0.18 0.19 0.21 0.22 0.24 0.25 0.27 0.28 0.29 0.31 0.32 0.33 0.34 0.36 0.37 0.37
0.43 0.50 0.57 0.65 0.74 0.84 0.94 1.06 1.17 1.30 1.42 1.55 1.69 1.82 1.95 2.08 2.20 2.32 2.43 2.53 2.62 2.70 2.76 2.81 2.84 2.86 2.85 2.84 2.80 2.75 2.69 2.61 2.52 2.42 2.31 2.19 2.07 1.95 1.82 1.69 1.56 1.44 1.32 1.20 1.09 0.98 0.88 0.79 0.70 0.62 0.55 0.49 0.43 0.37 0.33 0.29 0.25 0.22 0.20 0.18 0.17 0.16 0.15 0.15 0.15 0.16 0.16 0.17 0.18 0.20 0.21 0.22 0.24 0.25 0.27 0.28 0.30 0.31 0.33 0.34 0.35 0.36 0.37 0.38
0.43 0.50 0.58 0.67 0.76 0.87 0.98 1.10 1.22 1.36 1.49 1.63 1.77 1.92 2.06 2.20 2.33 2.46 2.58 2.68 2.78 2.86 2.93 2.98 3.02 3.03 3.03 3.01 2.97 2.92 2.85 2.77 2.67 2.56 2.45 2.32 2.19 2.06 1.92 1.79 1.65 1.52 1.39 1.26 1.14 1.03 0.93 0.83 0.73 0.65 0.57 0.50 0.44 0.38 0.34 0.29 0.26 0.23 0.20 0.18 0.17 0.16 0.15 0.15 0.15 0.15 0.16 0.17 0.18 0.20 0.21 0.23 0.24 0.26 0.27 0.29 0.30 0.32 0.33 0.35 0.36 0.37 0.38 0.39
0.43 0.51 0.59 0.68 0.79 0.90 1.01 1.14 1.27 1.41 1.56 1.71 1.86 2.01 2.16 2.31 2.45 2.59 2.72 2.83 2.94 3.02 3.10 3.15 3.19 3.21 3.20 3.18 3.15 3.09 3.02 2.93 2.82 2.71 2.59 2.45 2.31 2.17 2.03 1.88 1.74 1.60 1.46 1.33 1.20 1.08 0.97 0.86 0.76 0.68 0.59 0.52 0.45 0.40 0.34 0.30 0.26 0.23 0.20 0.18 0.17 0.16 0.15 0.15 0.15 0.15 0.16 0.17 0.18 0.20 0.21 0.23 0.24 0.26 0.28 0.29 0.31 0.32 0.34 0.35 0.36 0.37 0.39 0.39
0.43 0.51 0.60 0.70 0.81 0.92 1.05 1.18 1.32 1.47 1.63 1.78 1.94 2.11 2.27 2.42 2.58 2.72 2.86 2.98 3.09 3.18 3.26 3.32 3.36 3.38 3.37 3.35 3.31 3.25 3.17 3.08 2.97 2.85 2.72 2.58 2.43 2.28 2.13 1.97 1.82 1.67 1.53 1.39 1.25 1.13 1.01 0.90 0.79 0.70 0.62 0.54 0.47 0.41 0.35 0.31 0.27 0.23 0.21 0.18 0.17 0.16 0.15 0.15 0.15 0.15 0.16 0.17 0.18 0.20 0.21 0.23 0.24 0.26 0.28 0.29 0.31 0.33 0.34 0.35 0.37 0.38 0.39 0.40
0.44 0.52 0.61 0.71 0.83 0.95 1.08 1.22 1.37 1.53 1.69 1.86 2.03 2.20 2.37 2.53 2.69 2.84 2.99 3.12 3.23 3.33 3.41 3.48 3.52 3.54 3.54 3.51 3.47 3.41 3.33 3.23 3.11 2.99 2.85 2.70 2.55 2.39 2.22 2.06 1.90 1.74 1.59 1.44 1.30 1.17 1.05 0.93 0.82 0.73 0.64 0.55 0.48 0.42 0.36 0.31 0.27 0.24 0.21 0.19 0.17 0.16 0.15 0.15 0.15 0.15 0.16 0.17 0.18 0.20 0.21 0.23 0.24 0.26 0.28 0.30 0.31 0.33 0.34 0.36 0.37 0.38 0.39 0.40
0.44 0.52 0.62 0.73 0.85 0.97 1.11 1.26 1.42 1.58 1.75 1.92 2.10 2.28 2.46 2.63 2.80 2.96 3.11 3.25 3.37 3.47 3.56 3.62 3.67 3.69 3.69 3.67 3.62 3.56 3.47 3.37 3.25 3.11 2.97 2.81 2.65 2.48 2.32 2.15 1.98 1.81 1.65 1.50 1.35 1.21 1.08 0.96 0.85 0.75 0.66 0.57 0.50 0.43 0.37 0.32 0.28 0.24 0.21 0.19 0.17 0.16 0.15 0.15 0.15 0.15 0.16 0.17 0.18 0.20 0.21 0.23 0.25 0.26 0.28 0.30 0.31 0.33 0.35 0.36 0.37 0.39 0.40 0.41
0.44 0.53 0.63 0.74 0.86 1.00 1.14 1.29 1.46 1.63 1.80 1.98 2.17 2.36 2.54 2.72 2.90 3.07 3.22 3.37 3.49 3.60 3.69 3.76 3.81 3.83 3.83 3.80 3.76 3.69 3.60 3.49 3.37 3.23 3.08 2.92 2.75 2.58 2.40 2.22 2.05 1.88 1.71 1.55 1.40 1.25 1.12 0.99 0.88 0.77 0.67 0.59 0.51 0.44 0.38 0.33 0.28 0.25 0.21 0.19 0.17 0.16 0.15 0.15 0.15 0.15 0.16 0.17 0.18 0.20 0.21 0.23 0.25 0.26 0.28 0.30 0.32 0.33 0.35 0.36 0.38 0.39 0.40 0.41
0.44 0.53 0.64 0.75 0.88 1.01 1.16 1.32 1.49 1.67 1.85 2.04 2.23 2.42 2.62 2.80 2.99 3.16 3.32 3.47 3.60 3.72 3.81 3.88 3.93 3.95 3.95 3.93 3.88 3.81 3.72 3.61 3.48 3.33 3.18 3.01 2.84 2.66 2.48 2.29 2.11 1.93 1.76 1.60 1.44 1.29 1.15 1.02 0.90 0.79 0.69 0.60 0.52 0.45 0.39 0.33 0.29 0.25 0.22 0.19 0.17 0.16 0.15 0.15 0.15 0.15 0.16 0.17 0.18 0.20 0.21 0.23 0.25 0.26 0.28 0.30 0.32 0.33 0.35 0.37 0.38 0.39 0.40 0.42
0.44 0.54 0.64 0.76 0.89 1.03 1.18 1.35 1.52 1.70 1.89 2.08 2.28 2.48 2.68 2.87 3.06 3.24 3.41 3.56 3.70 3.81 3.91 3.98 4.03 4.06 4.06 4.03 3.98 3.91 3.82 3.70 3.57 3.42 3.26 3.09 2.91 2.73 2.54 2.35 2.17 1.99 1.81 1.64 1.48 1.32 1.18 1.05 0.92 0.81 0.71 0.62 0.53 0.46 0.40 0.34 0.29 0.25 0.22 0.20 0.18 0.16 0.15 0.15 0.15 0.15 0.16 0.17 0.18 0.20 0.21 0.23 0.25 0.27 0.28 0.30 0.32 0.34 0.35 0.37 0.38 0.39 0.41 0.42
0.44 0.54 0.64 0.77 0.90 1.04 1.20 1.37 1.54 1.73 1.92 2.12 2.32 2.53 2.73 2.93 3.12 3.30 3.47 3.63 3.77 3.89 3.99 4.06 4.12 4.14 4.14 4.12 4.07 3.99 3.90 3.78 3.65 3.50 3.33 3.16 2.98 2.79 2.60 2.40 2.21 2.03 1.85 1.67 1.51 1.35 1.21 1.07 0.94 0.83 0.72 0.63 0.54 0.47 0.40 0.35 0.30 0.26 0.23 0.20 0.18 0.16 0.15 0.15 0.15 0.15 0.16 0.17 0.18 0.20 0.21 0.23 0.25 0.27 0.28 0.30 0.32 0.34 0.35 0.37 0.38 0.40 0.41 0.42
0.44 0.54 0.65 0.77 0.90 1.05 1.21 1.38 1.56 1.75 1.94 2.15 2.35 2.56 2.76 2.97 3.16 3.35 3.52 3.68 3.83 3.95 4.05 4.13 4.18 4.21 4.21 4.18 4.13 4.06 3.96 3.84 3.71 3.55 3.39 3.21 3.03 2.83 2.64 2.45 2.25 2.06 1.88 1.70 1.54 1.38 1.23 1.09 0.96 0.84 0.74 0.64 0.56 0.48 0.41 0.35 0.31 0.26 0.23 0.20 0.18 0.17 0.16 0.15 0.15 0.15 0.16 0.17 0.18 0.20 0.21 0.23 0.25 0.27 0.28 0.30 0.32 0.34 0.35 0.37 0.38 0.40 0.41 0.42
0.44 0.54 0.65 0.77 0.90 1.05 1.21 1.38 1.57 1.76 1.96 2.16 2.37 2.58 2.79 2.99 3.19 3.38 3.55 3.72 3.86 3.98 4.09 4.17 4.22 4.25 4.25 4.22 4.18 4.10 4.00 3.89 3.75 3.59 3.43 3.25 3.06 2.87 2.67 2.48 2.28 2.09 1.91 1.73 1.56 1.40 1.25 1.11 0.98 0.86 0.75 0.65 0.57 0.49 0.42 0.36 0.31 0.27 0.23 0.21 0.18 0.17 0.16 0.15 0.15 0.16 0.16 0.17 0.18 0.20 0.21 0.23 0.25 0.27 0.28 0.30 0.32 0.34 0.35 0.37 0.38 0.40 0.41 0.42
0.44 0.53 0.64 0.77 0.90 1.05 1.21 1.38 1.57 1.76 1.96 2.16 2.37 2.58 2.79 3.00 3.20 3.39 3.57 3.73 3.87 4.00 4.10 4.18 4.24 4.27 4.27 4.25 4.20 4.12 4.03 3.91 3.77 3.62 3.45 3.27 3.08 2.89 2.69 2.50 2.30 2.11 1.92 1.75 1.57 1.41 1.26 1.12 0.99 0.87 0.76 0.66 0.58 0.50 0.43 0.37 0.32 0.27 0.24 0.21 0.19 0.17 0.16 0.16 0.15 0.16 0.16 0.17 0.18 0.20 0.21 0.23 0.25 0.27 0.28 0.30 0.32 0.34 0.35 0.37 0.39 0.40 0.41 0.42
0.43 0.53 0.64 0.76 0.90 1.05 1.21 1.38 1.56 1.75 1.95 2.16 2.36 2.57 2.78 2.99 3.19 3.38 3.56 3.72 3.87 3.99 4.10 4.18 4.23 4.26 4.27 4.24 4.19 4.12 4.03 3.91 3.77 3.62 3.45 3.28 3.09 2.90 2.70 2.51 2.31 2.12 1.94 1.76 1.59 1.43 1.27 1.13 1.00 0.88 0.77 0.67 0.58 0.51 0.44 0.38 0.32 0.28 0.24 0.21 0.19 0.17 0.16 0.16 0.16 0.16 0.16 0.17 0.18 0.20 0.21 0.23 0.25 0.27 0.28 0.30 0.32 0.34 0.35 0.37 0.39 0.40 0.41 0.42
0.43 0.52 0.63 0.75 0.89 1.04 1.19 1.37 1.55 1.74 1.93 2.14 2.34 2.55 2.76 2.97 3.16 3.35 3.53 3.69 3.84 3.96 4.07 4.15 4.20 4.24 4.24 4.22 4.17 4.10 4.01 3.89 3.76 3.61 3.45 3.27 3.09 2.90 2.70 2.51 2.32 2.13 1.94 1.76 1.59 1.43 1.28 1.14 1.01 0.89 0.78 0.68 0.59 0.51 0.44 0.38 0.33 0.29 0.25 0.22 0.20 0.18 0.17 0.16 0.16 0.16 0.16 0.17 0.18 0.20 0.21 0.23 0.25 0.27 0.28 0.30 0.32 0.34 0.35 0.37 0.38 0.40 0.41 0.42
0.42 0.52 0.63 0.75 0.88 1.02 1.18 1.35 1.52 1.71 1.91 2.11 2.31 2.52 2.72 2.93 3.12 3.31 3.48 3.65 3.79 3.92 4.02 4.10 4.16 4.19 4.19 4.17 4.13 4.06 3.97 3.86 3.73 3.58 3.42 3.25 3.07 2.88 2.69 2.50 2.31 2.12 1.94 1.77 1.60 1.44 1.29 1.15 1.02 0.90 0.79 0.69 0.60 0.52 0.45 0.39 0.34 0.29 0.25 0.22 0.20 0.18 0.17 0.16 0.16 0.16 0.17 0.17 0.18 0.20 0.21 0.23 0.25 0.26 0.28 0.30 0.32 0.34 0.35 0.37 0.38 0.40 0.41 0.42
0.42 0.51 0.62 0.73 0.86 1.00 1.16 1.32 1.50 1.68 1.87 2.07 2.27 2.47 2.67 2.87 3.07 3.25 3.42 3.58 3.72 3.85 3.95 4.03 4.09 4.12 4.13 4.11 4.07 4.00 3.92 3.81 3.68 3.54 3.39 3.22 3.04 2.86 2.68 2.49 2.30 2.12 1.94 1.77 1.60 1.45 1.30 1.16 1.03 0.91 0.80 0.70 0.61 0.53 0.46 0.40 0.35 0.30 0.26 0.23 0.20 0.19 0.17 0.16 0.16 0.16 0.17 0.17 0.18 0.20 0.21 0.23 0.24 0.26 0.28 0.30 0.32 0.33 0.35 0.37 0.38 0.40 0.41 0.42
0.41 0.50 0.61 0.72 0.85 0.98 1.13 1.29 1.46 1.64 1.83 2.02 2.22 2.41 2.61 2.81 2.99 3.17 3.34 3.50 3.64 3.76 3.86 3.94 4.00 4.04 4.05 4.03 3.99 3.93 3.85 3.75 3.63 3.49 3.34 3.18 3.01 2.83 2.65 2.47 2.29 2.11 1.94 1.77 1.60 1.45 1.30 1.17 1.04 0.92 0.81 0.71 0.62 0.54 0.47 0.41 0.35 0.31 0.27 0.23 0.21 0.19 0.17 0.17 0.16 0.16 0.16 0.17 0.18 0.19 0.21 0.22 0.24 0.26 0.28 0.30 0.31 0.33 0.35 0.37 0.38 0.39 0.41 0.42
0.41 0.50 0.59 0.70 0.83 0.96 1.10 1.26 1.42 1.60 1.78 1.96 2.15 2.35 2.54 2.73 2.91 3.09 3.25 3.40 3.54 3.66 3.76 3.84 3.90 3.94 3.95 3.94 3.90 3.85 3.77 3.67 3.56 3.43 3.28 3.13 2.97 2.80 2.62 2.45 2.27 2.10 1.93 1.77 1.61 1.46 1.31 1.18 1.05 0.93 0.83 0.73 0.64 0.56 0.48 0.42 0.36 0.32 0.27 0.24 0.21 0.19 0.18 0.17 0.16 0.16 0.16 0.17 0.18 0.19 0.21 0.22 0.24 0.26 0.27 0.29 0.31 0.33 0.35 0.36 0.38 0.39 0.41 0.42
0.40 0.49 0.58 0.69 0.80 0.93 1.07 1.22 1.38 1.55 1.72 1.90 2.09 2.27 2.46 2.64 2.82 2.99 3.15 3.30 3.43 3.55 3.65 3.73 3.79 3.83 3.84 3.83 3.80 3.75 3.68 3.59 3.48 3.36 3.23 3.08 2.92 2.76 2.60 2.43 2.26 2.09 1.93 1.77 1.61 1.46 1.32 1.19 1.06 0.95 0.84 0.74 0.65 0.57 0.50 0.43 0.37 0.32 0.28 0.25 0.22 0.20 0.18 0.17 0.16 0.16 0.16 0.17 0.18 0.19 0.20 0.22 0.23 0.25 0.27 0.29 0.31 0.32 0.34 0.36 0.37 0.39 0.40 0.42
0.40 0.48 0.57 0.67 0.78 0.90 1.04 1.18 1.33 1.49 1.66 1.83 2.01 2.19 2.37 2.54 2.72 2.88 3.04 3.18 3.31 3.43 3.53 3.61 3.67 3.71 3.72 3.72 3.70 3.65 3.59 3.50 3.41 3.29 3.17 3.03 2.88 2.73 2.57 2.41 2.25 2.09 1.93 1.77 1.62 1.48 1.34 1.21 1.08 0.97 0.86 0.76 0.67 0.59 0.51 0.45 0.39 0.34 0.29 0.25 0.22 0.20 0.18 0.17 0.16 0.16 0.16 0.16 0.17 0.18 0.20 0.21 0.23 0.25 0.26 0.28 0.30 0.32 0.34 0.35 0.37 0.39 0.40 0.41
0.39 0.47 0.56 0.65 0.76 0.88 1.00 1.14 1.28 1.44 1.60 1.76 1.93 2.10 2.27 2.44 2.61 2.77 2.92 3.06 3.19 3.30 3.40 3.48 3.54 3.58 3.60 3.60 3.59 3.55 3.49 3.42 3.33 3.22 3.11 2.98 2.84 2.70 2.55 2.39 2.24 2.09 1.93 1.78 1.64 1.50 1.36 1.23 1.11 0.99 0.88 0.78 0.69 0.61 0.53 0.46 0.40 0.35 0.30 0.26 0.23 0.20 0.18 0.17 0.16 0.16 0.16 0.16 0.17 0.18 0.19 0.20 0.22 0.24 0.26 0.28 0.30 0.31 0.33 0.35 0.37 0.38 0.40 0.41
0.39 0.46 0.54 0.63 0.74 0.85 0.97 1.10 1.23 1.38 1.53 1.69 1.85 2.01 2.17 2.34 2.50 2.65 2.79 2.93 3.06 3.17 3.26 3.34 3.41 3.45 3.48 3.49 3.48 3.45 3.40 3.33 3.25 3.16 3.05 2.93 2.81 2.67 2.53 2.39 2.24 2.09 1.95 1.80 1.66 1.52 1.39 1.26 1.14 1.02 0.91 0.81 0.72 0.63 0.55 0.48 0.42 0.36 0.31 0.27 0.24 0.21 0.19 0.17 0.16 0.15 0.15 0.15 0.16 0.17 0.18 0.20 0.21 0.23 0.25 0.27 0.29 0.31 0.33 0.34 0.36 0.38 0.39 0.41
0.39 0.46 0.53 0.62 0.71 0.82 0.93 1.05 1.18 1.32 1.46 1.61 1.76 1.92 2.08 2.23 2.38 2.53 2.67 2.80 2.93 3.04 3.13 3.21 3.28 3.33 3.36 3.37 3.37 3.35 3.31 3.25 3.19 3.10 3.01 2.90 2.78 2.66 2.53 2.39 2.25 2.11 1.97 1.83 1.69 1.56 1.43 1.30 1.18 1.06 0.95 0.85 0.75 0.66 0.58 0.51 0.44 0.38 0.33 0.28 0.24 0.21 0.19 0.17 0.16 0.15 0.15 0.15 0.15 0.16 0.17 0.19 0.20 0.22 0.24 0.26 0.28 0.30 0.32 0.34 0.36 0.37 0.39 0.40
0.39 0.45 0.52 0.60 0.69 0.79 0.89 1.01 1.13 1.26 1.40 1.54 1.68 1.83 1.98 2.12 2.27 2.41 2.55 2.68 2.80 2.91 3.00 3.09 3.15 3.21 3.25 3.27 3.27 3.26 3.23 3.19 3.13 3.06 2.97 2.88 2.77 2.66 2.54 2.41 2.28 2.15 2.01 1.88 1.74 1.61 1.48 1.35 1.23 1.11 1.00 0.89 0.79 0.70 0.61 0.53 0.46 0.40 0.34 0.29 0.25 0.22 0.19 0.17 0.15 0.14 0.14 0.14 0.14 0.15 0.16 0.18 0.20 0.21 0.23 0.25 0.27 0.29 0.31 0.33 0.35 0.37 0.38 0.40
0.39 0.44 0.51 0.58 0.67 0.76 0.86 0.97 1.08 1.20 1.33 1.46 1.60 1.74 1.88 2.02 2.16 2.30 2.43 2.56 2.67 2.78 2.88 2.97 3.04 3.10 3.14 3.17 3.18 3.18 3.16 3.13 3.09 3.03 2.95 2.87 2.78 2.67 2.56 2.44 2.32 2.19 2.06 1.93 1.80 1.67 1.54 1.41 1.29 1.17 1.05 0.94 0.84 0.74 0.65 0.57 0.49 0.42 0.36 0.31 0.26 0.22 0.19 0.17 0.15 0.14 0.13 0.13 0.14 0.14 0.15 0.17 0.18 0.20 0.22 0.24 0.26 0.28 0.30 0.32 0.34 0.36 0.38 0.39
0.39 0.44 0.50 0.57 0.65 0.73 0.82 0.92 1.03 1.15 1.27 1.39 1.52 1.65 1.79 1.92 2.06 2.19 2.32 2.44 2.56 2.67 2.77 2.85 2.93 3.00 3.05 3.09 3.11 3.12 3.11 3.09 3.06 3.01 2.95 2.88 2.80 2.71 2.60 2.50 2.38 2.26 2.13 2.01 1.88 1.75 1.62 1.49 1.36 1.24 1.12 1.00 0.89 0.79 0.69 0.61 0.52 0.45 0.38 0.33 0.28 0.23 0.20 0.17 0.15 0.14 0.13 0.12 0.13 0.13 0.14 0.16 0.17 0.19 0.21 0.23 0.25 0.27 0.29 0.31 0.33 0.35 0.37 0.39
0.39 0.44 0.49 0.56 0.63 0.71 0.79 0.89 0.99 1.09 1.21 1.32 1.45 1.57 1.70 1.83 1.96 2.09 2.21 2.33 2.45 2.56 2.66 2.76 2.84 2.91 2.97 3.02 3.05 3.07 3.08 3.07 3.05 3.02 2.97 2.91 2.84 2.76 2.67 2.57 2.46 2.34 2.22 2.10 1.97 1.84 1.71 1.58 1.45 1.32 1.19 1.07 0.96 0.85 0.75 0.65 0.56 0.48 0.41 0.35 0.29 0.24 0.20 0.17 0.15 0.13 0.12 0.12 0.12 0.12 0.13 0.14 0.16 0.18 0.20 0.22 0.24 0.26 0.28 0.31 0.33 0.35 0.36 0.38
0.39 0.43 0.49 0.54 0.61 0.68 0.76 0.85 0.94 1.04 1.15 1.26 1.38 1.50 1.62 1.74 1.87 1.99 2.12 2.24 2.36 2.47 2.57 2.67 2.76 2.84 2.91 2.97 3.01 3.05 3.07 3.07 3.07 3.05 3.01 2.97 2.91 2.84 2.75 2.66 2.56 2.45 2.33 2.21 2.08 1.95 1.82 1.68 1.55 1.41 1.28 1.15 1.03 0.92 0.80 0.70 0.61 0.52 0.44 0.37 0.31 0.26 0.21 0.18 0.15 0.13 0.11 0.11 0.11 0.11 0.12 0.13 0.15 0.17 0.19 0.21 0.23 0.25 0.27 0.30 0.32 0.34 0.36 0.37
0.39 0.43 0.48 0.53 0.60 0.66 0.74 0.82 0.90 1.00 1.10 1.20 1.31 1.43 1.54 1.66 1.79 1.91 2.03 2.15 2.27 2.39 2.50 2.60 2.70 2.79 2.87 2.94 3.00 3.04 3.08 3.10 3.11 3.10 3.08 3.04 3.00 2.94 2.86 2.78 2.68 2.58 2.46 2.34 2.21 2.08 1.94 1.80 1.66 1.52 1.38 1.25 1.12 0.99 0.87 0.76 0.66 0.56 0.47 0.40 0.33 0.27 0.22 0.18 0.15 0.12 0.11 0.10 0.10 0.10 0.11 0.12 0.13 0.15 0.17 0.19 0.22 0.24 0.26 0.29 0.31 0.33 0.35 0.37
0.39 0.43 0.48 0.53 0.58 0.64 0.71 0.79 0.87 0.96 1.05 1.15 1.26 1.36 1.48 1.60 1.72 1.84 1.96 2.08 2.21 2.33 2.44 2.55 2.66 2.76 2.85 2.93 3.00 3.06 3.11 3.15 3.17 3.18 3.17 3.15 3.11 3.06 3.00 2.92 2.83 2.73 2.62 2.49 2.36 2.23 2.08 1.94 1.79 1.64 1.50 1.35 1.21 1.08 0.95 0.83 0.71 0.61 0.51 0.43 0.35 0.29 0.23 0.19 0.15 0.12 0.10 0.09 0.09 0.09 0.09 0.11 0.12 0.14 0.16 0.18 0.21 0.23 0.25 0.28 0.30 0.32 0.34 0.36
