speedsAfterKrig/output_residuos_70_2010.asc
NCOLS          173       
NROWS          329       
XLLCENTER      510425.00 
YLLCENTER      8547775.00
DX             50.00     
DY             50.00     
NODATA_VALUE   -999.00   
[rows 266 to 303 of 329, columns 84 to 167 of 173]
0.22 0.22 0.22 0.22 0.22 0.22 0.23 0.23 0.23 0.23 0.23 0.23 0.23 0.23 0.23 0.23 0.23 0.23 0.23 0.24 0.24 0.24 0.24 0.24 0.24 0.24 0.24 0.24 0.24 0.24 0.24 0.23 0.23 0.23 0.23 0.22 0.22 0.22 0.22 0.22 0.22 0.22 0.22 0.22 0.22 0.22 0.22 0.22 0.22 0.22 0.22 0.22 0.22 0.21 0.21 0.20 0.20 0.19 0.19 0.18 0.18 0.17 0.17 0.17 0.17 0.17 0.18 0.18 0.19 0.19 0.20 0.20 0.21 0.21 0.22 0.22 0.22 0.22 0.22 0.22 0.22 0.22 0.22 0.22
0.22 0.22 0.22 0.22 0.23 0.23 0.23 0.23 0.23 0.24 0.24 0.24 0.24 0.24 0.24 0.24 0.23 0.23 0.23 0.23 0.23 0.23 0.23 0.23 0.23 0.23 0.23 0.23 0.23 0.23 0.23 0.23 0.23 0.23 0.22 0.22 0.22 0.22 0.22 0.22 0.22 0.22 0.22 0.22 0.22 0.22 0.22 0.22 0.22 0.22 0.22 0.22 0.21 0.21 0.21 0.20 0.19 0.19 0.18 0.17 0.16 0.16 0.16 0.15 0.16 0.16 0.16 0.17 0.18 0.19 0.19 0.20 0.21 0.21 0.21 0.22 0.22 0.22 0.22 0.22 0.22 0.22 0.22 0.22
0.22 0.22 0.22 0.23 0.23 0.23 0.24 0.24 0.24 0.24 0.25 0.25 0.25 0.24 0.24 0.24 0.24 0.24 0.23 0.23 0.23 0.23 0.23 0.23 0.23 0.23 0.23 0.23 0.23 0.23 0.23 0.22 0.22 0.22 0.22 0.22 0.22 0.22 0.22 0.22 0.22 0.22 0.22 0.22 0.22 0.22 0.22 0.22 0.22 0.22 0.22 0.22 0.21 0.21 0.20 0.20 0.19 0.18 0.17 0.16 0.15 0.15 0.14 0.14 0.14 0.15 0.15 0.16 0.17 0.18 0.19 0.20 0.20 0.21 0.21 0.22 0.22 0.22 0.22 0.22 0.22 0.22 0.22 0.22
0.22 0.23 0.23 0.23 0.23 0.24 0.24 0.25 0.25 0.25 0.26 0.26 0.26 0.26 0.25 0.25 0.25 0.24 0.24 0.23 0.23 0.23 0.23 0.23 0.23 0.23 0.23 0.22 0.22 0.22 0.22 0.22 0.22 0.22 0.22 0.22 0.22 0.22 0.22 0.22 0.22 0.22 0.22 0.22 0.22 0.22 0.22 0.22 0.22 0.22 0.22 0.21 0.21 0.21 0.20 0.19 0.18 0.17 0.16 0.15 0.14 0.13 0.13 0.12 0.13 0.13 0.14 0.15 0.16 0.17 0.18 0.19 0.20 0.21 0.21 0.21 0.22 0.22 0.22 0.22 0.22 0.22 0.22 0.22
0.23 0.23 0.23 0.24 0.24 0.25 0.25 0.26 0.26 0.27 0.27 0.27 0.27 0.27 0.27 0.26 0.26 0.25 0.24 0.24 0.23 0.23 0.23 0.23 0.23 0.22 0.22 0.22 0.22 0.22 0.22 0.22 0.22 0.22 0.22 0.22 0.22 0.22 0.22 0.22 0.22 0.22 0.22 0.22 0.22 0.22 0.22 0.22 0.22 0.22 0.22 0.21 0.21 0.20 0.20 0.19 0.18 0.16 0.15 0.14 0.13 0.12 0.11 0.11 0.11 0.12 0.13 0.14 0.15 0.16 0.18 0.19 0.20 0.20 0.21 0.21 0.22 0.22 0.22 0.22 0.22 0.22 0.22 0.22
0.23 0.23 0.24 0.24 0.25 0.26 0.26 0.27 0.28 0.29 0.29 0.29 0.29 0.29 0.28 0.28 0.27 0.26 0.25 0.24 0.24 0.23 0.23 0.23 0.23 0.22 0.22 0.22 0.22 0.22 0.22 0.22 0.22 0.22 0.22 0.22 0.22 0.22 0.22 0.22 0.22 0.22 0.22 0.22 0.22 0.22 0.22 0.22 0.22 0.22 0.22 0.21 0.21 0.20 0.19 0.18 0.17 0.16 0.15 0.13 0.12 0.11 0.10 0.10 0.10 0.11 0.12 0.13 0.15 0.16 0.17 0.18 0.19 0.20 0.21 0.21 0.22 0.22 0.22 0.22 0.22 0.22 0.22 0.22
0.23 0.23 0.24 0.25 0.26 0.27 0.28 0.29 0.30 0.31 0.31 0.32 0.31 0.31 0.30 0.29 0.28 0.27 0.26 0.25 0.24 0.24 0.23 0.23 0.23 0.22 0.22 0.22 0.22 0.22 0.22 0.22 0.22 0.22 0.22 0.23 0.23 0.23 0.23 0.22 0.22 0.22 0.22 0.22 0.22 0.22 0.22 0.22 0.22 0.22 0.22 0.21 0.21 0.20 0.19 0.18 0.17 0.16 0.14 0.13 0.11 0.10 0.10 0.09 0.10 0.10 0.11 0.13 0.14 0.16 0.17 0.18 0.19 0.20 0.21 0.21 0.22 0.22 0.22 0.22 0.22 0.22 0.22 0.22
0.23 0.24 0.25 0.26 0.27 0.28 0.29 0.31 0.32 0.33 0.34 0.34 0.34 0.33 0.33 0.31 0.30 0.29 0.27 0.26 0.25 0.24 0.24 0.23 0.23 0.23 0.22 0.22 0.22 0.22 0.22 0.23 0.23 0.23 0.23 0.23 0.23 0.23 0.23 0.23 0.23 0.23 0.23 0.22 0.22 0.22 0.22 0.22 0.22 0.22 0.22 0.21 0.21 0.20 0.19 0.18 0.17 0.15 0.14 0.12 0.11 0.10 0.09 0.09 0.09 0.10 0.11 0.12 0.14 0.15 0.17 0.18 0.19 0.20 0.21 0.21 0.22 0.22 0.22 0.22 0.22 0.22 0.22 0.22
0.24 0.24 0.25 0.26 0.28 0.29 0.31 0.33 0.34 0.36 0.36 0.37 0.37 0.36 0.35 0.33 0.32 0.30 0.28 0.27 0.26 0.25 0.24 0.23 0.23 0.23 0.23 0.23 0.23 0.23 0.23 0.23 0.23 0.23 0.23 0.24 0.24 0.24 0.24 0.24 0.23 0.23 0.23 0.23 0.23 0.23 0.22 0.22 0.22 0.22 0.22 0.21 0.21 0.20 0.19 0.18 0.17 0.16 0.14 0.13 0.11 0.10 0.10 0.09 0.10 0.10 0.11 0.13 0.14 0.16 0.17 0.18 0.19 0.20 0.21 0.21 0.22 0.22 0.22 0.22 0.22 0.22 0.22 0.22
0.24 0.25 0.26 0.27 0.29 0.31 0.33 0.35 0.37 0.38 0.39 0.40 0.39 0.39 0.37 0.36 0.34 0.31 0.30 0.28 0.26 0.25 0.24 0.24 0.23 0.23 0.23 0.23 0.23 0.23 0.23 0.24 0.24 0.24 0.25 0.25 0.25 0.25 0.25 0.25 0.24 0.24 0.24 0.23 0.23 0.23 0.23 0.22 0.22 0.22 0.22 0.21 0.21 0.20 0.19 0.18 0.17 0.16 0.14 0.13 0.12 0.11 0.10 0.10 0.10 0.11 0.12 0.13 0.14 0.16 0.17 0.18 0.19 0.20 0.21 0.21 0.22 0.22 0.22 0.22 0.22 0.22 0.22 0.22
0.24 0.25 0.26 0.28 0.30 0.32 0.34 0.36 0.39 0.40 0.42 0.42 0.42 0.41 0.39 0.37 0.35 0.33 0.31 0.29 0.27 0.26 0.24 0.24 0.23 0.23 0.23 0.23 0.23 0.24 0.24 0.25 0.25 0.26 0.26 0.27 0.27 0.27 0.27 0.27 0.26 0.26 0.25 0.24 0.24 0.23 0.23 0.23 0.22 0.22 0.22 0.21 0.21 0.20 0.20 0.19 0.18 0.16 0.15 0.14 0.13 0.12 0.11 0.11 0.11 0.12 0.13 0.14 0.15 0.16 0.18 0.19 0.20 0.20 0.21 0.21 0.22 0.22 0.22 0.22 0.22 0.22 0.22 0.22
0.24 0.25 0.27 0.28 0.30 0.33 0.35 0.38 0.40 0.42 0.43 0.44 0.44 0.43 0.41 0.39 0.36 0.34 0.31 0.29 0.27 0.26 0.25 0.24 0.24 0.23 0.23 0.24 0.24 0.25 0.26 0.27 0.27 0.28 0.29 0.30 0.30 0.30 0.30 0.30 0.29 0.28 0.27 0.26 0.25 0.24 0.24 0.23 0.23 0.22 0.22 0.22 0.21 0.21 0.20 0.19 0.18 0.17 0.16 0.15 0.14 0.13 0.13 0.12 0.13 0.13 0.14 0.15 0.16 0.17 0.18 0.19 0.20 0.21 0.21 0.21 0.22 0.22 0.22 0.22 0.22 0.22 0.22 0.22
0.24 0.25 0.27 0.29 0.31 0.33 0.36 0.39 0.41 0.43 0.45 0.45 0.45 0.44 0.42 0.40 0.37 0.35 0.32 0.30 0.28 0.26 0.25 0.24 0.24 0.24 0.24 0.25 0.25 0.26 0.28 0.29 0.31 0.32 0.34 0.35 0.35 0.35 0.35 0.34 0.33 0.32 0.30 0.28 0.27 0.26 0.25 0.24 0.23 0.23 0.22 0.22 0.21 0.21 0.20 0.20 0.19 0.18 0.17 0.16 0.15 0.14 0.14 0.14 0.14 0.14 0.15 0.16 0.17 0.18 0.19 0.20 0.20 0.21 0.21 0.22 0.22 0.22 0.22 0.22 0.22 0.22 0.22 0.22
0.24 0.25 0.27 0.29 0.31 0.34 0.36 0.39 0.42 0.44 0.45 0.46 0.45 0.44 0.43 0.40 0.38 0.35 0.32 0.30 0.28 0.26 0.25 0.24 0.24 0.24 0.25 0.26 0.27 0.29 0.31 0.33 0.36 0.38 0.40 0.41 0.42 0.42 0.42 0.41 0.39 0.37 0.34 0.32 0.30 0.28 0.26 0.25 0.24 0.23 0.23 0.22 0.22 0.21 0.21 0.20 0.19 0.18 0.18 0.17 0.16 0.16 0.15 0.15 0.15 0.16 0.16 0.17 0.18 0.19 0.19 0.20 0.21 0.21 0.21 0.22 0.22 0.22 0.22 0.22 0.22 0.22 0.22 0.22
0.24 0.25 0.27 0.29 0.31 0.33 0.36 0.39 0.41 0.43 0.45 0.45 0.45 0.44 0.42 0.40 0.37 0.35 0.32 0.30 0.28 0.26 0.25 0.25 0.25 0.25 0.26 0.28 0.30 0.32 0.35 0.39 0.42 0.46 0.49 0.51 0.52 0.53 0.52 0.50 0.47 0.44 0.40 0.37 0.34 0.31 0.28 0.26 0.25 0.24 0.23 0.22 0.22 0.21 0.21 0.20 0.20 0.19 0.18 0.18 0.17 0.17 0.16 0.16 0.16 0.17 0.17 0.18 0.19 0.19 0.20 0.20 0.21 0.21 0.21 0.22 0.22 0.22 0.22 0.22 0.22 0.22 0.22 0.22
0.24 0.25 0.27 0.28 0.30 0.33 0.35 0.38 0.40 0.42 0.43 0.44 0.44 0.43 0.41 0.39 0.36 0.34 0.32 0.29 0.28 0.26 0.25 0.25 0.25 0.26 0.28 0.30 0.33 0.37 0.41 0.46 0.51 0.56 0.60 0.64 0.66 0.66 0.65 0.62 0.58 0.54 0.49 0.44 0.39 0.35 0.31 0.28 0.26 0.25 0.24 0.23 0.22 0.22 0.21 0.21 0.20 0.20 0.19 0.18 0.18 0.18 0.17 0.17 0.17 0.18 0.18 0.19 0.19 0.20 0.20 0.21 0.21 0.21 0.22 0.22 0.22 0.22 0.22 0.22 0.22 0.22 0.22 0.22
0.24 0.25 0.26 0.28 0.30 0.32 0.34 0.36 0.39 0.40 0.42 0.42 0.42 0.41 0.39 0.37 0.35 0.33 0.31 0.29 0.27 0.26 0.25 0.25 0.26 0.27 0.30 0.33 0.37 0.42 0.48 0.55 0.62 0.69 0.75 0.80 0.83 0.83 0.82 0.78 0.73 0.66 0.59 0.52 0.45 0.39 0.35 0.31 0.28 0.26 0.24 0.23 0.22 0.22 0.21 0.21 0.20 0.20 0.19 0.19 0.18 0.18 0.18 0.18 0.18 0.18 0.19 0.19 0.20 0.20 0.21 0.21 0.21 0.21 0.22 0.22 0.22 0.22 0.22 0.22 0.22 0.22 0.22 0.22
0.24 0.24 0.26 0.27 0.29 0.31 0.33 0.35 0.37 0.38 0.39 0.40 0.40 0.39 0.37 0.36 0.34 0.32 0.30 0.28 0.27 0.26 0.26 0.26 0.27 0.29 0.32 0.36 0.42 0.49 0.57 0.66 0.76 0.85 0.93 1.00 1.03 1.04 1.02 0.97 0.90 0.81 0.71 0.62 0.53 0.45 0.39 0.34 0.30 0.27 0.25 0.24 0.23 0.22 0.21 0.21 0.20 0.20 0.19 0.19 0.18 0.18 0.18 0.18 0.18 0.18 0.19 0.19 0.20 0.20 0.21 0.21 0.21 0.22 0.22 0.22 0.22 0.22 0.22 0.22 0.22 0.22 0.22 0.22
0.23 0.24 0.25 0.26 0.27 0.29 0.31 0.33 0.34 0.36 0.37 0.37 0.37 0.36 0.35 0.34 0.32 0.30 0.29 0.27 0.26 0.26 0.26 0.26 0.28 0.31 0.35 0.40 0.48 0.57 0.67 0.79 0.92 1.04 1.14 1.22 1.27 1.28 1.25 1.19 1.09 0.98 0.86 0.74 0.62 0.52 0.44 0.37 0.32 0.29 0.26 0.24 0.23 0.22 0.21 0.21 0.20 0.20 0.19 0.19 0.18 0.18 0.18 0.18 0.18 0.18 0.19 0.19 0.20 0.20 0.21 0.21 0.21 0.22 0.22 0.22 0.22 0.22 0.22 0.22 0.22 0.22 0.22 0.22
0.23 0.23 0.24 0.25 0.26 0.28 0.29 0.30 0.32 0.33 0.34 0.34 0.34 0.34 0.33 0.31 0.30 0.29 0.27 0.26 0.26 0.25 0.26 0.27 0.29 0.33 0.38 0.45 0.54 0.65 0.78 0.93 1.09 1.23 1.36 1.46 1.52 1.54 1.50 1.42 1.30 1.16 1.01 0.86 0.72 0.59 0.49 0.41 0.35 0.30 0.27 0.25 0.23 0.22 0.21 0.20 0.20 0.19 0.19 0.18 0.18 0.17 0.17 0.17 0.18 0.18 0.18 0.19 0.19 0.20 0.21 0.21 0.21 0.22 0.22 0.22 0.22 0.22 0.22 0.22 0.22 0.22 0.22 0.22
0.22 0.23 0.23 0.24 0.25 0.26 0.27 0.28 0.29 0.30 0.31 0.31 0.31 0.31 0.30 0.29 0.28 0.27 0.26 0.26 0.25 0.25 0.26 0.28 0.30 0.35 0.41 0.49 0.60 0.74 0.90 1.07 1.26 1.43 1.59 1.71 1.78 1.80 1.75 1.66 1.52 1.35 1.17 0.99 0.82 0.67 0.54 0.45 0.37 0.32 0.28 0.25 0.23 0.22 0.21 0.20 0.19 0.19 0.18 0.17 0.17 0.16 0.16 0.16 0.17 0.17 0.18 0.18 0.19 0.20 0.20 0.21 0.21 0.21 0.22 0.22 0.22 0.22 0.22 0.22 0.22 0.22 0.22 0.22
0.22 0.22 0.22 0.23 0.24 0.24 0.25 0.26 0.27 0.28 0.29 0.29 0.29 0.29 0.28 0.28 0.27 0.26 0.25 0.25 0.25 0.25 0.26 0.28 0.31 0.36 0.43 0.53 0.66 0.82 1.00 1.20 1.42 1.62 1.80 1.94 2.02 2.04 1.99 1.88 1.72 1.53 1.32 1.11 0.91 0.74 0.59 0.48 0.39 0.33 0.29 0.26 0.23 0.22 0.21 0.20 0.19 0.18 0.17 0.16 0.16 0.15 0.15 0.15 0.16 0.16 0.17 0.18 0.18 0.19 0.20 0.20 0.21 0.21 0.22 0.22 0.22 0.22 0.22 0.22 0.22 0.22 0.22 0.22
0.21 0.21 0.21 0.22 0.22 0.23 0.24 0.24 0.25 0.26 0.26 0.27 0.27 0.27 0.27 0.26 0.26 0.25 0.25 0.24 0.24 0.25 0.26 0.29 0.32 0.38 0.46 0.57 0.71 0.88 1.09 1.32 1.55 1.78 1.98 2.13 2.22 2.24 2.19 2.07 1.89 1.67 1.44 1.21 0.99 0.80 0.64 0.51 0.41 0.34 0.29 0.26 0.24 0.22 0.20 0.19 0.18 0.17 0.16 0.15 0.14 0.14 0.14 0.14 0.14 0.15 0.16 0.17 0.18 0.19 0.20 0.20 0.21 0.21 0.22 0.22 0.22 0.22 0.22 0.22 0.22 0.22 0.22 0.22
0.20 0.20 0.20 0.20 0.21 0.21 0.22 0.23 0.23 0.24 0.25 0.25 0.25 0.25 0.25 0.25 0.24 0.24 0.24 0.24 0.24 0.25 0.26 0.29 0.33 0.39 0.48 0.59 0.74 0.93 1.15 1.39 1.65 1.89 2.11 2.27 2.37 2.39 2.33 2.20 2.01 1.78 1.53 1.28 1.04 0.84 0.67 0.53 0.43 0.35 0.30 0.26 0.24 0.22 0.20 0.19 0.17 0.16 0.15 0.14 0.13 0.13 0.12 0.13 0.13 0.14 0.15 0.16 0.17 0.18 0.19 0.20 0.21 0.21 0.21 0.22 0.22 0.22 0.22 0.22 0.22 0.22 0.22 0.22
0.19 0.19 0.19 0.19 0.19 0.20 0.20 0.21 0.22 0.22 0.23 0.23 0.24 0.24 0.24 0.24 0.24 0.24 0.23 0.24 0.24 0.25 0.26 0.29 0.33 0.39 0.48 0.60 0.76 0.95 1.18 1.43 1.69 1.95 2.17 2.34 2.44 2.46 2.40 2.27 2.07 1.83 1.57 1.31 1.07 0.86 0.68 0.54 0.43 0.36 0.30 0.26 0.23 0.21 0.20 0.18 0.17 0.15 0.14 0.13 0.12 0.11 0.11 0.11 0.12 0.13 0.14 0.15 0.16 0.18 0.19 0.20 0.20 0.21 0.21 0.22 0.22 0.22 0.22 0.22 0.22 0.22 0.22 0.22
0.18 0.18 0.17 0.17 0.18 0.18 0.19 0.19 0.20 0.21 0.22 0.22 0.23 0.23 0.23 0.23 0.23 0.23 0.23 0.23 0.24 0.25 0.26 0.29 0.33 0.39 0.48 0.60 0.76 0.95 1.18 1.43 1.69 1.94 2.16 2.33 2.43 2.45 2.39 2.26 2.06 1.82 1.56 1.31 1.07 0.86 0.68 0.54 0.43 0.35 0.30 0.26 0.23 0.21 0.19 0.18 0.16 0.15 0.13 0.12 0.11 0.10 0.10 0.10 0.11 0.12 0.13 0.14 0.16 0.17 0.18 0.19 0.20 0.21 0.21 0.22 0.22 0.22 0.22 0.22 0.22 0.22 0.22 0.22
0.17 0.16 0.16 0.16 0.16 0.16 0.17 0.18 0.19 0.20 0.20 0.21 0.22 0.22 0.22 0.22 0.23 0.23 0.23 0.23 0.23 0.24 0.26 0.29 0.33 0.39 0.47 0.59 0.74 0.92 1.14 1.38 1.63 1.87 2.08 2.24 2.34 2.36 2.30 2.17 1.98 1.76 1.51 1.26 1.03 0.83 0.66 0.53 0.42 0.35 0.30 0.26 0.23 0.21 0.19 0.17 0.16 0.14 0.13 0.11 0.10 0.10 0.09 0.10 0.10 0.11 0.13 0.14 0.16 0.17 0.18 0.19 0.20 0.21 0.21 0.22 0.22 0.22 0.22 0.22 0.22 0.22 0.22 0.22
0.15 0.15 0.14 0.14 0.14 0.15 0.16 0.17 0.18 0.19 0.19 0.20 0.21 0.21 0.22 0.22 0.22 0.22 0.23 0.23 0.23 0.24 0.26 0.28 0.32 0.37 0.45 0.56 0.70 0.87 1.07 1.29 1.52 1.74 1.94 2.09 2.18 2.20 2.15 2.03 1.85 1.64 1.41 1.18 0.97 0.78 0.63 0.50 0.41 0.34 0.29 0.25 0.23 0.21 0.19 0.17 0.16 0.14 0.12 0.11 0.10 0.09 0.09 0.09 0.10 0.11 0.12 0.14 0.15 0.17 0.18 0.19 0.20 0.21 0.21 0.22 0.22 0.22 0.22 0.22 0.22 0.22 0.22 0.22
0.14 0.13 0.13 0.13 0.13 0.13 0.14 0.15 0.16 0.18 0.19 0.20 0.20 0.21 0.21 0.22 0.22 0.22 0.22 0.23 0.23 0.24 0.25 0.27 0.31 0.36 0.43 0.52 0.65 0.80 0.98 1.17 1.38 1.58 1.75 1.89 1.97 1.98 1.94 1.83 1.67 1.49 1.28 1.08 0.89 0.72 0.58 0.47 0.39 0.33 0.28 0.25 0.22 0.21 0.19 0.17 0.16 0.14 0.13 0.11 0.10 0.10 0.09 0.10 0.10 0.11 0.13 0.14 0.16 0.17 0.18 0.19 0.20 0.21 0.21 0.22 0.22 0.22 0.22 0.22 0.22 0.22 0.22 0.22
0.13 0.12 0.11 0.11 0.11 0.12 0.13 0.14 0.15 0.17 0.18 0.19 0.20 0.21 0.21 0.22 0.22 0.22 0.22 0.22 0.23 0.24 0.25 0.27 0.29 0.34 0.40 0.48 0.59 0.72 0.87 1.04 1.21 1.38 1.53 1.65 1.72 1.73 1.69 1.60 1.47 1.31 1.13 0.96 0.79 0.65 0.53 0.44 0.36 0.31 0.27 0.24 0.22 0.21 0.19 0.18 0.16 0.15 0.13 0.12 0.11 0.10 0.10 0.10 0.11 0.12 0.13 0.15 0.16 0.17 0.18 0.19 0.20 0.21 0.21 0.22 0.22 0.22 0.22 0.22 0.22 0.22 0.22 0.22
0.12 0.11 0.10 0.10 0.10 0.11 0.12 0.13 0.15 0.16 0.17 0.19 0.20 0.20 0.21 0.21 0.22 0.22 0.22 0.22 0.23 0.23 0.24 0.26 0.28 0.32 0.37 0.43 0.52 0.63 0.76 0.90 1.04 1.18 1.31 1.40 1.46 1.47 1.44 1.36 1.25 1.12 0.97 0.83 0.69 0.58 0.48 0.40 0.34 0.29 0.26 0.24 0.22 0.21 0.19 0.18 0.17 0.15 0.14 0.13 0.12 0.11 0.11 0.11 0.12 0.13 0.14 0.15 0.16 0.18 0.19 0.20 0.20 0.21 0.21 0.22 0.22 0.22 0.22 0.22 0.22 0.22 0.22 0.22
0.11 0.10 0.10 0.09 0.10 0.10 0.11 0.13 0.14 0.16 0.17 0.18 0.19 0.20 0.21 0.21 0.22 0.22 0.22 0.22 0.23 0.23 0.24 0.25 0.27 0.30 0.34 0.39 0.46 0.55 0.65 0.76 0.88 0.99 1.09 1.16 1.21 1.22 1.19 1.13 1.04 0.94 0.82 0.71 0.60 0.50 0.43 0.36 0.31 0.28 0.25 0.23 0.22 0.21 0.20 0.18 0.17 0.16 0.15 0.14 0.13 0.13 0.12 0.13 0.13 0.14 0.15 0.16 0.17 0.18 0.19 0.20 0.21 0.21 0.21 0.22 0.22 0.22 0.22 0.22 0.22 0.22 0.22 0.22
0.11 0.10 0.09 0.09 0.09 0.10 0.11 0.12 0.14 0.15 0.17 0.18 0.19 0.20 0.21 0.21 0.22 0.22 0.22 0.22 0.22 0.23 0.23 0.24 0.26 0.28 0.31 0.35 0.41 0.47 0.55 0.63 0.72 0.81 0.89 0.94 0.98 0.99 0.97 0.92 0.85 0.77 0.68 0.59 0.51 0.44 0.38 0.33 0.29 0.27 0.25 0.23 0.22 0.21 0.20 0.19 0.18 0.17 0.16 0.15 0.15 0.14 0.14 0.14 0.15 0.15 0.16 0.17 0.18 0.19 0.20 0.20 0.21 0.21 0.22 0.22 0.22 0.22 0.22 0.22 0.22 0.22 0.22 0.22
0.11 0.10 0.09 0.09 0.09 0.10 0.11 0.12 0.14 0.15 0.17 0.18 0.19 0.20 0.21 0.21 0.22 0.22 0.22 0.22 0.22 0.23 0.23 0.24 0.25 0.26 0.29 0.32 0.36 0.41 0.46 0.53 0.59 0.66 0.71 0.76 0.78 0.79 0.77 0.74 0.69 0.63 0.56 0.50 0.44 0.38 0.34 0.30 0.27 0.25 0.24 0.23 0.22 0.21 0.20 0.20 0.19 0.18 0.17 0.16 0.16 0.16 0.15 0.16 0.16 0.16 0.17 0.18 0.19 0.19 0.20 0.21 0.21 0.21 0.22 0.22 0.22 0.22 0.22 0.22 0.22 0.22 0.22 0.22
0.11 0.10 0.10 0.09 0.10 0.10 0.11 0.13 0.14 0.15 0.17 0.18 0.19 0.20 0.21 0.21 0.22 0.22 0.22 0.22 0.22 0.22 0.23 0.23 0.24 0.25 0.27 0.29 0.32 0.35 0.39 0.44 0.49 0.53 0.57 0.60 0.62 0.62 0.61 0.59 0.55 0.51 0.46 0.42 0.37 0.34 0.30 0.28 0.26 0.24 0.23 0.22 0.22 0.21 0.21 0.20 0.19 0.19 0.18 0.18 0.17 0.17 0.17 0.17 0.17 0.18 0.18 0.19 0.19 0.20 0.20 0.21 0.21 0.22 0.22 0.22 0.22 0.22 0.22 0.22 0.22 0.22 0.22 0.22
0.12 0.11 0.10 0.10 0.10 0.11 0.12 0.13 0.14 0.16 0.17 0.18 0.19 0.20 0.21 0.21 0.22 0.22 0.22 0.22 0.22 0.22 0.23 0.23 0.23 0.24 0.25 0.27 0.29 0.31 0.34 0.37 0.40 0.43 0.46 0.48 0.50 0.50 0.49 0.47 0.45 0.42 0.39 0.36 0.33 0.30 0.28 0.26 0.25 0.24 0.23 0.22 0.22 0.21 0.21 0.21 0.20 0.20 0.19 0.19 0.18 0.18 0.18 0.18 0.18 0.19 0.19 0.20 0.20 0.20 0.21 0.21 0.21 0.22 0.22 0.22 0.22 0.22 0.22 0.22 0.22 0.22 0.22 0.22
0.13 0.12 0.11 0.11 0.11 0.11 0.12 0.13 0.15 0.16 0.17 0.18 0.19 0.20 0.21 0.21 0.22 0.22 0.22 0.22 0.22 0.22 0.22 0.23 0.23 0.24 0.24 0.25 0.27 0.28 0.30 0.32 0.34 0.36 0.38 0.39 0.40 0.40 0.40 0.39 0.37 0.35 0.33 0.31 0.29 0.27 0.26 0.25 0.24 0.23 0.23 0.22 0.22 0.22 0.21 0.21 0.21 0.20 0.20 0.20 0.19 0.19 0.19 0.19 0.19 0.20 0.20 0.20 0.21 0.21 0.21 0.21 0.22 0.22 0.22 0.22 0.22 0.22 0.22 0.22 0.22 0.22 0.22 0.22
0.13 0.12 0.12 0.11 0.11 0.12 0.13 0.14 0.15 0.16 0.17 0.18 0.19 0.20 0.21 0.21 0.22 0.22 0.22 0.22 0.22 0.22 0.22 0.22 0.23 0.23 0.23 0.24 0.25 0.26 0.27 0.28 0.30 0.31 0.32 0.33 0.34 0.34 0.33 0.33 0.32 0.31 0.29 0.28 0.27 0.25 0.24 0.24 0.23 0.23 0.22 0.22 0.22 0.22 0.22 0.21 0.21 0.21 0.21 0.20 0.20 0.20 0.20 0.20 0.20 0.20 0.21 0.21 0.21 0.21 0.21 0.22 0.22 0.22 0.22 0.22 0.22 0.22 0.22 0.22 0.22 0.22 0.22 0.22
