speedsAfterKrig/output_residuos_48_2008.asc
NCOLS          173       
NROWS          329       
XLLCENTER      510425.00 
YLLCENTER      8547775.00
DX             50.00     
DY             50.00     
NODATA_VALUE   -999.00   
[rows 222 to 258 of 329, columns 84 to 167 of 173]
0.28 0.30 0.33 0.36 0.39 0.42 0.45 0.48 0.51 0.55 0.58 0.61 0.64 0.67 0.69 0.72 0.74 0.76 0.78 0.80 0.81 0.83 0.83 0.84 0.84 0.84 0.84 0.83 0.82 0.81 0.80 0.78 0.76 0.74 0.71 0.69 0.66 0.63 0.60 0.57 0.54 0.50 0.47 0.44 0.41 0.38 0.35 0.32 0.29 0.26 0.23 0.21 0.18 0.16 0.14 0.12 0.10 0.09 0.07 0.06 0.05 0.04 0.03 0.02 0.01 0.01 0.00 0.00 -0.00 -0.00 -0.00 -0.00 -0.00 -0.00 0.00 0.00 0.01 0.01 0.01 0.02 0.02 0.03 0.03 0.04
0.27 0.30 0.33 0.36 0.39 0.42 0.45 0.49 0.52 0.55 0.58 0.61 0.65 0.67 0.70 0.73 0.75 0.78 0.80 0.82 0.83 0.84 0.85 0.86 0.86 0.86 0.86 0.85 0.84 0.83 0.82 0.80 0.78 0.76 0.73 0.70 0.68 0.65 0.62 0.58 0.55 0.52 0.49 0.45 0.42 0.39 0.36 0.32 0.29 0.27 0.24 0.21 0.19 0.16 0.14 0.12 0.10 0.09 0.07 0.06 0.05 0.04 0.03 0.02 0.01 0.01 0.00 0.00 -0.00 -0.00 -0.00 -0.00 -0.00 0.00 0.00 0.01 0.01 0.01 0.02 0.02 0.02 0.03 0.03 0.04
0.27 0.30 0.33 0.36 0.39 0.42 0.46 0.49 0.52 0.56 0.59 0.62 0.66 0.69 0.72 0.74 0.77 0.79 0.82 0.83 0.85 0.86 0.87 0.88 0.89 0.89 0.88 0.88 0.87 0.86 0.84 0.82 0.80 0.78 0.75 0.73 0.70 0.67 0.64 0.60 0.57 0.53 0.50 0.47 0.43 0.40 0.37 0.33 0.30 0.27 0.25 0.22 0.19 0.17 0.15 0.13 0.11 0.09 0.07 0.06 0.05 0.04 0.03 0.02 0.01 0.01 0.00 -0.00 -0.00 -0.00 -0.00 -0.00 -0.00 0.00 0.00 0.01 0.01 0.01 0.02 0.02 0.03 0.03 0.04 0.04
0.27 0.30 0.33 0.36 0.39 0.42 0.46 0.49 0.53 0.56 0.60 0.63 0.67 0.70 0.73 0.76 0.79 0.81 0.84 0.86 0.87 0.89 0.90 0.91 0.91 0.91 0.91 0.90 0.89 0.88 0.87 0.85 0.83 0.80 0.78 0.75 0.72 0.69 0.66 0.62 0.59 0.55 0.52 0.48 0.45 0.41 0.38 0.35 0.31 0.28 0.25 0.23 0.20 0.17 0.15 0.13 0.11 0.09 0.08 0.06 0.05 0.04 0.03 0.02 0.01 0.01 0.00 -0.00 -0.00 -0.00 -0.00 -0.00 -0.00 0.00 0.00 0.01 0.01 0.01 0.02 0.02 0.03 0.03 0.04 0.04
0.27 0.30 0.33 0.36 0.39 0.43 0.46 0.50 0.54 0.57 0.61 0.64 0.68 0.71 0.75 0.78 0.81 0.83 0.86 0.88 0.90 0.91 0.92 0.93 0.94 0.94 0.94 0.93 0.92 0.91 0.90 0.88 0.86 0.83 0.80 0.78 0.75 0.71 0.68 0.64 0.61 0.57 0.54 0.50 0.46 0.43 0.39 0.36 0.32 0.29 0.26 0.23 0.21 0.18 0.16 0.13 0.11 0.09 0.08 0.06 0.05 0.04 0.03 0.02 0.01 0.01 0.00 -0.00 -0.00 -0.00 -0.00 -0.00 -0.00 0.00 0.00 0.01 0.01 0.02 0.02 0.03 0.03 0.04 0.04 0.05
0.26 0.29 0.33 0.36 0.40 0.43 0.47 0.51 0.54 0.58 0.62 0.66 0.69 0.73 0.76 0.80 0.83 0.86 0.88 0.90 0.92 0.94 0.95 0.96 0.97 0.97 0.97 0.96 0.95 0.94 0.93 0.91 0.89 0.86 0.83 0.80 0.77 0.74 0.70 0.67 0.63 0.59 0.56 0.52 0.48 0.44 0.41 0.37 0.34 0.30 0.27 0.24 0.21 0.19 0.16 0.14 0.12 0.10 0.08 0.06 0.05 0.04 0.03 0.02 0.01 0.01 0.00 -0.00 -0.00 -0.00 -0.00 -0.00 -0.00 0.00 0.00 0.01 0.01 0.02 0.02 0.03 0.03 0.04 0.04 0.05
0.26 0.29 0.33 0.36 0.40 0.44 0.47 0.51 0.55 0.59 0.63 0.67 0.71 0.75 0.78 0.82 0.85 0.88 0.91 0.93 0.95 0.97 0.98 0.99 1.00 1.00 1.00 1.00 0.99 0.98 0.96 0.94 0.92 0.89 0.86 0.83 0.80 0.77 0.73 0.69 0.65 0.62 0.58 0.54 0.50 0.46 0.42 0.38 0.35 0.31 0.28 0.25 0.22 0.19 0.17 0.14 0.12 0.10 0.08 0.06 0.05 0.04 0.03 0.02 0.01 0.01 0.00 -0.00 -0.00 -0.01 -0.00 -0.00 -0.00 0.00 0.00 0.01 0.01 0.02 0.02 0.03 0.03 0.04 0.04 0.05
0.26 0.29 0.33 0.37 0.40 0.44 0.48 0.52 0.56 0.61 0.65 0.69 0.73 0.77 0.81 0.84 0.87 0.91 0.93 0.96 0.98 1.00 1.02 1.03 1.03 1.04 1.04 1.03 1.02 1.01 0.99 0.97 0.95 0.93 0.90 0.87 0.83 0.80 0.76 0.72 0.68 0.64 0.60 0.56 0.52 0.48 0.44 0.40 0.36 0.33 0.29 0.26 0.23 0.20 0.17 0.15 0.12 0.10 0.08 0.07 0.05 0.04 0.03 0.02 0.01 0.00 0.00 -0.00 -0.00 -0.01 -0.01 -0.00 -0.00 0.00 0.00 0.01 0.01 0.02 0.02 0.03 0.03 0.04 0.05 0.05
0.26 0.30 0.33 0.37 0.41 0.45 0.49 0.53 0.58 0.62 0.66 0.71 0.75 0.79 0.83 0.87 0.90 0.93 0.96 0.99 1.01 1.03 1.05 1.06 1.07 1.07 1.07 1.07 1.06 1.05 1.03 1.01 0.99 0.96 0.93 0.90 0.86 0.83 0.79 0.75 0.71 0.66 0.62 0.58 0.54 0.49 0.45 0.41 0.37 0.34 0.30 0.27 0.24 0.21 0.18 0.15 0.13 0.11 0.09 0.07 0.05 0.04 0.03 0.02 0.01 0.00 -0.00 -0.00 -0.01 -0.01 -0.01 -0.00 -0.00 0.00 0.00 0.01 0.01 0.02 0.02 0.03 0.04 0.04 0.05 0.05
0.26 0.30 0.33 0.37 0.41 0.46 0.50 0.54 0.59 0.63 0.68 0.72 0.77 0.81 0.85 0.89 0.93 0.96 0.99 1.02 1.05 1.07 1.09 1.10 1.11 1.11 1.11 1.11 1.10 1.09 1.07 1.05 1.02 1.00 0.97 0.93 0.90 0.86 0.82 0.78 0.73 0.69 0.65 0.60 0.56 0.51 0.47 0.43 0.39 0.35 0.31 0.28 0.24 0.21 0.18 0.16 0.13 0.11 0.09 0.07 0.05 0.04 0.03 0.02 0.01 0.00 -0.00 -0.00 -0.01 -0.01 -0.01 -0.01 -0.00 0.00 0.00 0.01 0.01 0.02 0.02 0.03 0.04 0.04 0.05 0.06
0.26 0.30 0.34 0.38 0.42 0.46 0.51 0.55 0.60 0.65 0.70 0.74 0.79 0.83 0.88 0.92 0.96 0.99 1.03 1.05 1.08 1.10 1.12 1.14 1.15 1.15 1.15 1.15 1.14 1.13 1.11 1.09 1.06 1.03 1.00 0.97 0.93 0.89 0.85 0.81 0.76 0.72 0.67 0.62 0.58 0.53 0.49 0.45 0.40 0.36 0.33 0.29 0.25 0.22 0.19 0.16 0.14 0.11 0.09 0.07 0.06 0.04 0.03 0.02 0.01 0.00 -0.00 -0.01 -0.01 -0.01 -0.01 -0.01 -0.00 -0.00 0.00 0.01 0.01 0.02 0.03 0.03 0.04 0.04 0.05 0.06
0.26 0.30 0.34 0.38 0.43 0.47 0.52 0.57 0.61 0.66 0.71 0.76 0.81 0.86 0.90 0.94 0.98 1.02 1.06 1.09 1.12 1.14 1.16 1.17 1.18 1.19 1.19 1.19 1.18 1.17 1.15 1.13 1.10 1.07 1.04 1.00 0.97 0.92 0.88 0.84 0.79 0.74 0.70 0.65 0.60 0.55 0.51 0.46 0.42 0.38 0.34 0.30 0.26 0.23 0.20 0.17 0.14 0.12 0.09 0.07 0.06 0.04 0.03 0.02 0.01 0.00 -0.00 -0.01 -0.01 -0.01 -0.01 -0.01 -0.00 -0.00 0.00 0.01 0.01 0.02 0.03 0.03 0.04 0.04 0.05 0.06
0.26 0.30 0.34 0.39 0.43 0.48 0.53 0.58 0.63 0.68 0.73 0.78 0.83 0.88 0.93 0.97 1.01 1.05 1.09 1.12 1.15 1.18 1.20 1.21 1.22 1.23 1.23 1.23 1.22 1.21 1.19 1.17 1.14 1.11 1.08 1.04 1.00 0.96 0.91 0.87 0.82 0.77 0.72 0.67 0.62 0.58 0.53 0.48 0.44 0.39 0.35 0.31 0.27 0.24 0.20 0.17 0.15 0.12 0.10 0.08 0.06 0.04 0.03 0.02 0.01 0.00 -0.00 -0.01 -0.01 -0.01 -0.01 -0.01 -0.01 -0.00 0.00 0.01 0.01 0.02 0.03 0.03 0.04 0.05 0.05 0.06
0.27 0.31 0.35 0.39 0.44 0.49 0.54 0.59 0.64 0.69 0.75 0.80 0.85 0.90 0.95 1.00 1.04 1.08 1.12 1.16 1.19 1.21 1.23 1.25 1.26 1.27 1.27 1.27 1.26 1.25 1.23 1.21 1.18 1.15 1.12 1.08 1.04 0.99 0.95 0.90 0.85 0.80 0.75 0.70 0.65 0.60 0.55 0.50 0.45 0.41 0.36 0.32 0.28 0.25 0.21 0.18 0.15 0.12 0.10 0.08 0.06 0.04 0.03 0.02 0.01 0.00 -0.01 -0.01 -0.01 -0.01 -0.01 -0.01 -0.01 -0.00 0.00 0.01 0.01 0.02 0.02 0.03 0.04 0.05 0.05 0.06
0.27 0.31 0.35 0.40 0.45 0.50 0.55 0.60 0.65 0.71 0.76 0.82 0.87 0.92 0.98 1.02 1.07 1.11 1.15 1.19 1.22 1.25 1.27 1.29 1.30 1.31 1.31 1.31 1.30 1.29 1.27 1.25 1.22 1.19 1.15 1.12 1.07 1.03 0.98 0.93 0.88 0.83 0.78 0.72 0.67 0.62 0.57 0.52 0.47 0.42 0.38 0.33 0.29 0.26 0.22 0.19 0.16 0.13 0.10 0.08 0.06 0.04 0.03 0.02 0.01 -0.00 -0.01 -0.01 -0.01 -0.01 -0.01 -0.01 -0.01 -0.01 -0.00 0.01 0.01 0.02 0.02 0.03 0.04 0.05 0.05 0.06
0.27 0.31 0.35 0.40 0.45 0.50 0.56 0.61 0.67 0.72 0.78 0.84 0.89 0.95 1.00 1.05 1.10 1.14 1.18 1.22 1.26 1.28 1.31 1.33 1.34 1.35 1.35 1.35 1.34 1.33 1.31 1.29 1.26 1.23 1.19 1.15 1.11 1.06 1.01 0.96 0.91 0.86 0.80 0.75 0.70 0.64 0.59 0.54 0.49 0.44 0.39 0.35 0.30 0.26 0.23 0.19 0.16 0.13 0.11 0.08 0.06 0.05 0.03 0.02 0.01 -0.00 -0.01 -0.01 -0.01 -0.02 -0.02 -0.01 -0.01 -0.01 -0.00 0.00 0.01 0.02 0.02 0.03 0.04 0.05 0.05 0.06
0.27 0.31 0.36 0.41 0.46 0.51 0.57 0.62 0.68 0.74 0.80 0.85 0.91 0.97 1.02 1.07 1.12 1.17 1.21 1.25 1.29 1.32 1.34 1.36 1.38 1.39 1.39 1.39 1.38 1.37 1.35 1.33 1.30 1.27 1.23 1.19 1.14 1.10 1.05 1.00 0.94 0.89 0.83 0.77 0.72 0.66 0.61 0.56 0.50 0.45 0.40 0.36 0.31 0.27 0.24 0.20 0.17 0.14 0.11 0.09 0.07 0.05 0.03 0.02 0.01 -0.00 -0.01 -0.01 -0.02 -0.02 -0.02 -0.02 -0.01 -0.01 -0.00 0.00 0.01 0.02 0.02 0.03 0.04 0.05 0.05 0.06
0.27 0.31 0.36 0.41 0.46 0.52 0.57 0.63 0.69 0.75 0.81 0.87 0.93 0.99 1.04 1.10 1.15 1.20 1.24 1.28 1.32 1.35 1.38 1.40 1.41 1.42 1.43 1.43 1.42 1.41 1.39 1.37 1.34 1.30 1.27 1.22 1.18 1.13 1.08 1.03 0.97 0.92 0.86 0.80 0.74 0.69 0.63 0.57 0.52 0.47 0.42 0.37 0.33 0.28 0.24 0.21 0.17 0.14 0.11 0.09 0.07 0.05 0.03 0.02 0.01 -0.00 -0.01 -0.02 -0.02 -0.02 -0.02 -0.02 -0.02 -0.01 -0.01 -0.00 0.01 0.01 0.02 0.03 0.04 0.04 0.05 0.06
0.27 0.31 0.36 0.41 0.47 0.52 0.58 0.64 0.70 0.76 0.82 0.88 0.95 1.01 1.06 1.12 1.17 1.22 1.27 1.31 1.35 1.38 1.41 1.43 1.45 1.46 1.46 1.46 1.46 1.44 1.43 1.40 1.37 1.34 1.30 1.26 1.21 1.16 1.11 1.06 1.00 0.94 0.88 0.83 0.77 0.71 0.65 0.59 0.54 0.48 0.43 0.38 0.34 0.29 0.25 0.21 0.18 0.15 0.12 0.09 0.07 0.05 0.03 0.02 0.00 -0.01 -0.01 -0.02 -0.02 -0.02 -0.02 -0.02 -0.02 -0.01 -0.01 -0.00 0.00 0.01 0.02 0.03 0.04 0.04 0.05 0.06
0.27 0.31 0.36 0.42 0.47 0.53 0.59 0.65 0.71 0.77 0.83 0.90 0.96 1.02 1.08 1.14 1.19 1.24 1.29 1.34 1.38 1.41 1.44 1.46 1.48 1.49 1.50 1.50 1.49 1.48 1.46 1.44 1.41 1.37 1.34 1.29 1.25 1.20 1.14 1.09 1.03 0.97 0.91 0.85 0.79 0.73 0.67 0.61 0.55 0.50 0.45 0.40 0.35 0.30 0.26 0.22 0.18 0.15 0.12 0.09 0.07 0.05 0.03 0.02 0.00 -0.01 -0.01 -0.02 -0.02 -0.03 -0.03 -0.02 -0.02 -0.02 -0.01 -0.01 0.00 0.01 0.02 0.03 0.03 0.04 0.05 0.06
0.27 0.31 0.36 0.42 0.47 0.53 0.59 0.65 0.72 0.78 0.84 0.91 0.97 1.03 1.10 1.16 1.21 1.26 1.31 1.36 1.40 1.44 1.47 1.49 1.51 1.52 1.53 1.53 1.52 1.51 1.49 1.47 1.44 1.41 1.37 1.33 1.28 1.23 1.17 1.12 1.06 1.00 0.94 0.87 0.81 0.75 0.69 0.63 0.57 0.52 0.46 0.41 0.36 0.31 0.27 0.23 0.19 0.16 0.12 0.10 0.07 0.05 0.03 0.02 0.00 -0.01 -0.02 -0.02 -0.03 -0.03 -0.03 -0.03 -0.02 -0.02 -0.01 -0.01 -0.00 0.01 0.01 0.02 0.03 0.04 0.05 0.06
0.27 0.31 0.36 0.42 0.47 0.53 0.59 0.66 0.72 0.78 0.85 0.92 0.98 1.05 1.11 1.17 1.23 1.28 1.33 1.38 1.42 1.46 1.49 1.52 1.54 1.55 1.56 1.56 1.55 1.54 1.53 1.50 1.47 1.44 1.40 1.36 1.31 1.26 1.20 1.15 1.09 1.02 0.96 0.90 0.84 0.77 0.71 0.65 0.59 0.53 0.48 0.42 0.37 0.32 0.28 0.24 0.20 0.16 0.13 0.10 0.07 0.05 0.03 0.01 0.00 -0.01 -0.02 -0.03 -0.03 -0.03 -0.03 -0.03 -0.03 -0.02 -0.02 -0.01 -0.00 0.00 0.01 0.02 0.03 0.04 0.05 0.06
0.26 0.31 0.36 0.41 0.47 0.53 0.59 0.66 0.72 0.79 0.86 0.92 0.99 1.05 1.12 1.18 1.24 1.30 1.35 1.40 1.44 1.48 1.51 1.54 1.56 1.57 1.58 1.59 1.58 1.57 1.55 1.53 1.50 1.47 1.43 1.39 1.34 1.29 1.23 1.17 1.11 1.05 0.99 0.92 0.86 0.79 0.73 0.67 0.61 0.55 0.49 0.44 0.38 0.33 0.29 0.24 0.20 0.17 0.13 0.10 0.08 0.05 0.03 0.01 -0.00 -0.01 -0.02 -0.03 -0.03 -0.04 -0.04 -0.03 -0.03 -0.03 -0.02 -0.02 -0.01 -0.00 0.01 0.02 0.03 0.04 0.04 0.05
0.26 0.31 0.36 0.41 0.47 0.53 0.59 0.66 0.72 0.79 0.86 0.93 0.99 1.06 1.13 1.19 1.25 1.31 1.36 1.41 1.46 1.49 1.53 1.56 1.58 1.60 1.61 1.61 1.61 1.60 1.58 1.56 1.53 1.50 1.46 1.41 1.37 1.31 1.26 1.20 1.14 1.08 1.01 0.95 0.88 0.82 0.75 0.69 0.62 0.56 0.51 0.45 0.39 0.34 0.30 0.25 0.21 0.17 0.14 0.11 0.08 0.05 0.03 0.01 -0.00 -0.01 -0.02 -0.03 -0.04 -0.04 -0.04 -0.04 -0.04 -0.03 -0.03 -0.02 -0.01 -0.00 0.00 0.01 0.02 0.03 0.04 0.05
0.25 0.30 0.35 0.41 0.47 0.53 0.59 0.65 0.72 0.79 0.86 0.93 0.99 1.06 1.13 1.19 1.26 1.31 1.37 1.42 1.47 1.51 1.54 1.57 1.60 1.62 1.63 1.63 1.63 1.62 1.61 1.58 1.56 1.52 1.49 1.44 1.39 1.34 1.29 1.23 1.17 1.10 1.04 0.97 0.90 0.84 0.77 0.71 0.64 0.58 0.52 0.46 0.41 0.36 0.31 0.26 0.22 0.18 0.14 0.11 0.08 0.05 0.03 0.01 -0.00 -0.02 -0.03 -0.03 -0.04 -0.04 -0.04 -0.04 -0.04 -0.04 -0.03 -0.02 -0.02 -0.01 0.00 0.01 0.02 0.03 0.04 0.05
0.25 0.30 0.35 0.40 0.46 0.52 0.58 0.65 0.72 0.78 0.85 0.92 0.99 1.06 1.13 1.20 1.26 1.32 1.37 1.43 1.48 1.52 1.56 1.59 1.61 1.63 1.64 1.65 1.65 1.64 1.63 1.61 1.58 1.55 1.51 1.47 1.42 1.37 1.31 1.25 1.19 1.13 1.06 1.00 0.93 0.86 0.79 0.73 0.66 0.60 0.54 0.48 0.42 0.37 0.32 0.27 0.22 0.18 0.15 0.11 0.08 0.06 0.03 0.01 -0.00 -0.02 -0.03 -0.04 -0.04 -0.05 -0.05 -0.05 -0.04 -0.04 -0.04 -0.03 -0.02 -0.01 -0.00 0.01 0.02 0.03 0.04 0.05
0.24 0.29 0.34 0.39 0.45 0.51 0.58 0.64 0.71 0.78 0.85 0.92 0.99 1.06 1.13 1.19 1.26 1.32 1.38 1.43 1.48 1.52 1.56 1.60 1.62 1.64 1.66 1.67 1.67 1.66 1.65 1.63 1.60 1.57 1.54 1.49 1.45 1.39 1.34 1.28 1.22 1.15 1.09 1.02 0.95 0.88 0.82 0.75 0.68 0.62 0.55 0.49 0.43 0.38 0.33 0.28 0.23 0.19 0.15 0.12 0.09 0.06 0.03 0.01 -0.01 -0.02 -0.03 -0.04 -0.05 -0.05 -0.05 -0.05 -0.05 -0.05 -0.04 -0.03 -0.03 -0.02 -0.01 0.00 0.01 0.02 0.03 0.04
0.23 0.28 0.33 0.38 0.44 0.50 0.57 0.63 0.70 0.77 0.84 0.91 0.98 1.05 1.12 1.19 1.25 1.32 1.38 1.43 1.48 1.53 1.57 1.60 1.63 1.65 1.67 1.68 1.68 1.68 1.67 1.65 1.62 1.59 1.56 1.52 1.47 1.42 1.36 1.31 1.24 1.18 1.11 1.05 0.98 0.91 0.84 0.77 0.70 0.64 0.57 0.51 0.45 0.39 0.34 0.29 0.24 0.20 0.16 0.12 0.09 0.06 0.03 0.01 -0.01 -0.02 -0.04 -0.04 -0.05 -0.06 -0.06 -0.06 -0.06 -0.05 -0.05 -0.04 -0.03 -0.02 -0.01 -0.00 0.01 0.02 0.03 0.04
0.22 0.27 0.32 0.37 0.43 0.49 0.55 0.62 0.69 0.76 0.83 0.90 0.97 1.04 1.11 1.18 1.25 1.31 1.37 1.43 1.48 1.53 1.57 1.61 1.64 1.66 1.68 1.69 1.69 1.69 1.68 1.67 1.64 1.62 1.58 1.54 1.50 1.44 1.39 1.33 1.27 1.21 1.14 1.07 1.00 0.93 0.86 0.79 0.72 0.66 0.59 0.53 0.47 0.41 0.35 0.30 0.25 0.21 0.16 0.13 0.09 0.06 0.03 0.01 -0.01 -0.02 -0.04 -0.05 -0.06 -0.06 -0.06 -0.06 -0.06 -0.06 -0.05 -0.05 -0.04 -0.03 -0.02 -0.01 0.00 0.01 0.02 0.03
0.21 0.26 0.31 0.36 0.42 0.48 0.54 0.60 0.67 0.74 0.81 0.88 0.96 1.03 1.10 1.17 1.24 1.30 1.36 1.42 1.48 1.53 1.57 1.61 1.64 1.67 1.69 1.70 1.71 1.71 1.70 1.68 1.66 1.64 1.60 1.56 1.52 1.47 1.42 1.36 1.30 1.23 1.17 1.10 1.03 0.96 0.89 0.82 0.75 0.68 0.61 0.55 0.48 0.42 0.37 0.31 0.26 0.22 0.17 0.13 0.10 0.06 0.04 0.01 -0.01 -0.03 -0.04 -0.05 -0.06 -0.07 -0.07 -0.07 -0.07 -0.06 -0.06 -0.05 -0.04 -0.04 -0.03 -0.02 -0.00 0.01 0.02 0.03
0.20 0.24 0.29 0.34 0.40 0.46 0.52 0.59 0.66 0.73 0.80 0.87 0.94 1.01 1.08 1.16 1.22 1.29 1.35 1.41 1.47 1.52 1.57 1.61 1.64 1.67 1.69 1.71 1.72 1.72 1.71 1.70 1.68 1.66 1.63 1.59 1.55 1.50 1.44 1.39 1.33 1.26 1.20 1.13 1.06 0.99 0.91 0.84 0.77 0.70 0.63 0.57 0.50 0.44 0.38 0.33 0.27 0.23 0.18 0.14 0.10 0.07 0.04 0.01 -0.01 -0.03 -0.04 -0.06 -0.06 -0.07 -0.07 -0.07 -0.07 -0.07 -0.07 -0.06 -0.05 -0.04 -0.03 -0.02 -0.01 0.00 0.01 0.02
0.18 0.23 0.28 0.33 0.38 0.44 0.50 0.57 0.64 0.71 0.78 0.85 0.92 0.99 1.07 1.14 1.21 1.28 1.34 1.40 1.46 1.51 1.56 1.60 1.64 1.67 1.70 1.72 1.73 1.73 1.73 1.72 1.70 1.68 1.65 1.61 1.57 1.52 1.47 1.42 1.36 1.29 1.23 1.16 1.09 1.02 0.94 0.87 0.80 0.73 0.66 0.59 0.52 0.46 0.40 0.34 0.29 0.24 0.19 0.15 0.11 0.07 0.04 0.01 -0.01 -0.03 -0.05 -0.06 -0.07 -0.08 -0.08 -0.08 -0.08 -0.08 -0.07 -0.07 -0.06 -0.05 -0.04 -0.03 -0.02 -0.01 0.01 0.02
0.17 0.21 0.26 0.31 0.37 0.42 0.48 0.55 0.62 0.68 0.76 0.83 0.90 0.97 1.05 1.12 1.19 1.26 1.33 1.39 1.45 1.50 1.56 1.60 1.64 1.67 1.70 1.72 1.74 1.74 1.74 1.73 1.72 1.70 1.67 1.64 1.60 1.55 1.50 1.45 1.39 1.33 1.26 1.19 1.12 1.05 0.97 0.90 0.83 0.75 0.68 0.61 0.55 0.48 0.42 0.36 0.30 0.25 0.20 0.16 0.11 0.08 0.04 0.02 -0.01 -0.03 -0.05 -0.06 -0.07 -0.08 -0.09 -0.09 -0.09 -0.08 -0.08 -0.07 -0.07 -0.06 -0.05 -0.04 -0.02 -0.01 -0.00 0.01
0.15 0.20 0.24 0.29 0.35 0.40 0.46 0.53 0.59 0.66 0.73 0.80 0.88 0.95 1.03 1.10 1.17 1.24 1.31 1.38 1.44 1.49 1.55 1.60 1.64 1.67 1.70 1.73 1.74 1.75 1.76 1.75 1.74 1.72 1.70 1.67 1.63 1.58 1.54 1.48 1.42 1.36 1.29 1.23 1.16 1.08 1.01 0.93 0.86 0.78 0.71 0.64 0.57 0.50 0.44 0.38 0.32 0.26 0.21 0.17 0.12 0.08 0.05 0.02 -0.01 -0.03 -0.05 -0.07 -0.08 -0.09 -0.09 -0.09 -0.09 -0.09 -0.09 -0.08 -0.07 -0.06 -0.05 -0.04 -0.03 -0.02 -0.01 0.01
0.14 0.18 0.22 0.27 0.32 0.38 0.44 0.50 0.57 0.64 0.71 0.78 0.85 0.93 1.00 1.08 1.15 1.22 1.29 1.36 1.42 1.48 1.54 1.59 1.63 1.67 1.71 1.73 1.75 1.77 1.77 1.77 1.76 1.75 1.72 1.70 1.66 1.62 1.57 1.52 1.46 1.40 1.33 1.26 1.19 1.12 1.05 0.97 0.89 0.82 0.74 0.67 0.60 0.53 0.46 0.40 0.34 0.28 0.23 0.18 0.13 0.09 0.05 0.02 -0.01 -0.03 -0.05 -0.07 -0.08 -0.09 -0.10 -0.10 -0.10 -0.10 -0.10 -0.09 -0.08 -0.07 -0.06 -0.05 -0.04 -0.03 -0.01 -0.00
0.12 0.16 0.20 0.25 0.30 0.36 0.42 0.48 0.54 0.61 0.68 0.75 0.83 0.90 0.98 1.05 1.13 1.20 1.27 1.34 1.41 1.47 1.53 1.58 1.63 1.67 1.71 1.74 1.76 1.78 1.79 1.79 1.79 1.77 1.75 1.73 1.69 1.65 1.61 1.56 1.50 1.44 1.37 1.31 1.23 1.16 1.08 1.01 0.93 0.85 0.78 0.70 0.63 0.55 0.49 0.42 0.36 0.30 0.24 0.19 0.14 0.10 0.06 0.02 -0.01 -0.03 -0.05 -0.07 -0.09 -0.10 -0.10 -0.11 -0.11 -0.11 -0.10 -0.10 -0.09 -0.08 -0.07 -0.06 -0.05 -0.03 -0.02 -0.01
0.10 0.14 0.18 0.23 0.28 0.33 0.39 0.45 0.52 0.58 0.65 0.73 0.80 0.88 0.95 1.03 1.10 1.18 1.25 1.33 1.39 1.46 1.52 1.58 1.63 1.68 1.72 1.75 1.78 1.80 1.81 1.81 1.81 1.80 1.79 1.76 1.73 1.69 1.65 1.60 1.54 1.48 1.42 1.35 1.28 1.20 1.13 1.05 0.97 0.89 0.81 0.74 0.66 0.58 0.51 0.44 0.38 0.32 0.26 0.20 0.15 0.11 0.07 0.03 -0.00 -0.03 -0.05 -0.07 -0.09 -0.10 -0.11 -0.11 -0.12 -0.12 -0.11 -0.11 -0.10 -0.09 -0.08 -0.07 -0.06 -0.04 -0.03 -0.01
