speedsAfterKrig/output_residuos_63_2010.asc
NCOLS          173       
NROWS          329       
XLLCENTER      510425.00 
YLLCENTER      8547775.00
DX             50.00     
DY             50.00     
NODATA_VALUE   -999.00   
[rows 259 to 295 of 329, columns 84 to 167 of 173]
0.26 0.36 0.48 0.61 0.75 0.90 1.06 1.22 1.40 1.58 1.76 1.95 2.14 2.33 2.53 2.72 2.90 3.09 3.26 3.43 3.59 3.73 3.87 3.99 4.10 4.19 4.26 4.31 4.35 4.37 4.38 4.36 4.32 4.27 4.20 4.12 4.02 3.90 3.77 3.63 3.48 3.32 3.16 2.98 2.80 2.62 2.43 2.25 2.06 1.88 1.70 1.52 1.35 1.19 1.03 0.88 0.74 0.61 0.49 0.38 0.28 0.19 0.11 0.04 -0.03 -0.08 -0.12 -0.16 -0.18 -0.20 -0.21 -0.22 -0.21 -0.21 -0.20 -0.18 -0.16 -0.14 -0.11 -0.09 -0.06 -0.03 -0.00 0.03
0.21 0.31 0.43 0.55 0.69 0.83 0.99 1.15 1.32 1.50 1.68 1.87 2.06 2.25 2.44 2.63 2.82 3.00 3.18 3.35 3.52 3.67 3.81 3.93 4.05 4.14 4.22 4.28 4.33 4.36 4.37 4.36 4.33 4.29 4.22 4.14 4.05 3.94 3.82 3.68 3.53 3.38 3.21 3.04 2.86 2.68 2.49 2.30 2.12 1.93 1.75 1.57 1.40 1.23 1.07 0.92 0.78 0.64 0.52 0.40 0.30 0.20 0.12 0.04 -0.02 -0.08 -0.12 -0.16 -0.19 -0.21 -0.22 -0.23 -0.23 -0.22 -0.21 -0.20 -0.18 -0.15 -0.13 -0.10 -0.07 -0.04 -0.01 0.02
0.16 0.26 0.37 0.49 0.62 0.76 0.91 1.07 1.24 1.41 1.59 1.78 1.97 2.16 2.35 2.55 2.74 2.92 3.10 3.28 3.44 3.60 3.75 3.88 4.00 4.10 4.19 4.26 4.31 4.34 4.36 4.36 4.34 4.30 4.25 4.17 4.09 3.98 3.86 3.73 3.59 3.43 3.27 3.10 2.92 2.74 2.55 2.37 2.18 1.99 1.81 1.62 1.45 1.28 1.11 0.96 0.81 0.67 0.54 0.42 0.31 0.21 0.13 0.05 -0.02 -0.08 -0.13 -0.17 -0.20 -0.22 -0.23 -0.24 -0.24 -0.24 -0.23 -0.21 -0.19 -0.17 -0.15 -0.12 -0.09 -0.06 -0.03 0.00
0.11 0.21 0.31 0.43 0.56 0.69 0.84 0.99 1.16 1.33 1.51 1.69 1.88 2.07 2.27 2.46 2.65 2.84 3.02 3.20 3.37 3.53 3.68 3.82 3.95 4.06 4.15 4.23 4.29 4.34 4.36 4.37 4.36 4.32 4.28 4.21 4.13 4.03 3.92 3.79 3.65 3.50 3.34 3.17 2.99 2.81 2.62 2.43 2.24 2.05 1.87 1.68 1.50 1.33 1.16 1.00 0.85 0.70 0.57 0.45 0.33 0.23 0.14 0.05 -0.02 -0.08 -0.13 -0.17 -0.21 -0.23 -0.25 -0.25 -0.26 -0.25 -0.24 -0.23 -0.21 -0.19 -0.16 -0.13 -0.11 -0.07 -0.04 -0.01
0.06 0.15 0.26 0.37 0.49 0.62 0.77 0.92 1.08 1.25 1.42 1.61 1.79 1.98 2.18 2.37 2.57 2.76 2.95 3.13 3.30 3.47 3.63 3.77 3.90 4.02 4.12 4.21 4.28 4.33 4.37 4.38 4.38 4.35 4.31 4.25 4.18 4.09 3.98 3.85 3.72 3.57 3.41 3.24 3.07 2.89 2.70 2.51 2.32 2.12 1.93 1.75 1.56 1.38 1.21 1.04 0.89 0.74 0.60 0.47 0.35 0.24 0.15 0.06 -0.01 -0.08 -0.13 -0.18 -0.21 -0.24 -0.26 -0.27 -0.27 -0.27 -0.26 -0.25 -0.23 -0.20 -0.18 -0.15 -0.12 -0.09 -0.06 -0.03
0.02 0.10 0.20 0.31 0.42 0.55 0.69 0.84 1.00 1.17 1.34 1.52 1.71 1.90 2.09 2.29 2.48 2.68 2.87 3.06 3.24 3.41 3.57 3.72 3.86 3.99 4.10 4.20 4.27 4.33 4.38 4.40 4.40 4.39 4.36 4.31 4.24 4.15 4.05 3.93 3.80 3.65 3.49 3.33 3.15 2.97 2.78 2.59 2.39 2.20 2.01 1.81 1.62 1.44 1.26 1.09 0.93 0.78 0.63 0.50 0.38 0.26 0.16 0.07 -0.01 -0.08 -0.14 -0.18 -0.22 -0.25 -0.27 -0.28 -0.29 -0.29 -0.28 -0.26 -0.25 -0.22 -0.20 -0.17 -0.14 -0.11 -0.07 -0.04
-0.03 0.05 0.14 0.24 0.36 0.48 0.62 0.76 0.92 1.08 1.26 1.44 1.62 1.81 2.01 2.21 2.41 2.60 2.80 2.99 3.18 3.35 3.52 3.68 3.83 3.96 4.08 4.19 4.27 4.34 4.39 4.43 4.44 4.43 4.41 4.36 4.30 4.22 4.12 4.01 3.88 3.74 3.58 3.42 3.24 3.06 2.87 2.68 2.48 2.28 2.08 1.89 1.69 1.50 1.32 1.15 0.98 0.82 0.67 0.53 0.40 0.28 0.18 0.08 -0.00 -0.08 -0.14 -0.19 -0.23 -0.26 -0.28 -0.30 -0.30 -0.30 -0.30 -0.28 -0.26 -0.24 -0.22 -0.19 -0.16 -0.13 -0.09 -0.06
-0.08 -0.00 0.09 0.18 0.29 0.42 0.55 0.69 0.84 1.01 1.18 1.36 1.54 1.73 1.93 2.13 2.33 2.53 2.73 2.93 3.12 3.30 3.48 3.65 3.80 3.95 4.07 4.19 4.28 4.36 4.42 4.46 4.48 4.49 4.47 4.43 4.38 4.30 4.21 4.10 3.97 3.84 3.68 3.52 3.34 3.16 2.97 2.77 2.57 2.37 2.17 1.96 1.77 1.57 1.38 1.20 1.03 0.86 0.71 0.56 0.43 0.30 0.19 0.09 0.00 -0.07 -0.14 -0.19 -0.24 -0.27 -0.30 -0.31 -0.32 -0.32 -0.31 -0.30 -0.28 -0.26 -0.24 -0.21 -0.18 -0.14 -0.11 -0.07
-0.12 -0.05 0.03 0.13 0.23 0.35 0.48 0.62 0.77 0.93 1.10 1.28 1.47 1.66 1.86 2.06 2.26 2.47 2.67 2.87 3.07 3.26 3.45 3.62 3.78 3.94 4.07 4.19 4.30 4.39 4.46 4.51 4.54 4.55 4.54 4.51 4.46 4.39 4.30 4.20 4.08 3.94 3.79 3.62 3.45 3.26 3.07 2.87 2.67 2.46 2.25 2.05 1.84 1.64 1.45 1.26 1.08 0.91 0.75 0.59 0.45 0.32 0.21 0.10 0.01 -0.07 -0.14 -0.20 -0.25 -0.28 -0.31 -0.33 -0.34 -0.34 -0.33 -0.32 -0.30 -0.28 -0.26 -0.23 -0.20 -0.16 -0.13 -0.09
-0.17 -0.10 -0.02 0.07 0.18 0.29 0.42 0.55 0.70 0.86 1.03 1.21 1.39 1.59 1.79 1.99 2.20 2.41 2.62 2.82 3.03 3.23 3.42 3.60 3.77 3.93 4.08 4.21 4.33 4.42 4.50 4.56 4.60 4.62 4.62 4.60 4.55 4.49 4.41 4.31 4.19 4.05 3.90 3.74 3.56 3.38 3.18 2.98 2.77 2.56 2.35 2.14 1.93 1.72 1.52 1.32 1.14 0.96 0.79 0.63 0.48 0.35 0.23 0.11 0.02 -0.07 -0.14 -0.21 -0.26 -0.30 -0.32 -0.34 -0.36 -0.36 -0.35 -0.34 -0.33 -0.30 -0.28 -0.25 -0.22 -0.18 -0.15 -0.11
-0.21 -0.14 -0.07 0.02 0.12 0.23 0.36 0.49 0.64 0.80 0.96 1.14 1.33 1.52 1.73 1.93 2.14 2.36 2.57 2.78 2.99 3.20 3.40 3.59 3.77 3.94 4.10 4.24 4.36 4.47 4.56 4.63 4.67 4.70 4.71 4.69 4.66 4.60 4.52 4.42 4.31 4.18 4.03 3.86 3.68 3.50 3.30 3.09 2.88 2.67 2.45 2.23 2.01 1.80 1.59 1.39 1.20 1.01 0.83 0.67 0.52 0.37 0.24 0.13 0.02 -0.07 -0.14 -0.21 -0.26 -0.31 -0.34 -0.36 -0.37 -0.38 -0.37 -0.36 -0.35 -0.33 -0.30 -0.27 -0.24 -0.20 -0.16 -0.13
-0.25 -0.19 -0.11 -0.03 0.07 0.18 0.30 0.43 0.58 0.74 0.90 1.08 1.27 1.47 1.67 1.88 2.09 2.31 2.53 2.75 2.97 3.18 3.39 3.59 3.78 3.96 4.12 4.27 4.41 4.52 4.62 4.70 4.76 4.79 4.81 4.80 4.77 4.72 4.64 4.55 4.44 4.30 4.16 3.99 3.81 3.62 3.42 3.21 3.00 2.78 2.55 2.33 2.10 1.88 1.67 1.46 1.26 1.06 0.88 0.71 0.55 0.40 0.26 0.14 0.03 -0.06 -0.14 -0.21 -0.27 -0.32 -0.35 -0.38 -0.39 -0.40 -0.39 -0.38 -0.37 -0.35 -0.32 -0.29 -0.26 -0.22 -0.18 -0.15
-0.28 -0.22 -0.15 -0.07 0.02 0.13 0.25 0.38 0.52 0.68 0.85 1.03 1.22 1.41 1.62 1.83 2.05 2.28 2.50 2.73 2.95 3.17 3.39 3.59 3.79 3.98 4.16 4.32 4.46 4.59 4.69 4.78 4.85 4.89 4.91 4.91 4.89 4.84 4.77 4.68 4.57 4.44 4.29 4.13 3.95 3.75 3.55 3.34 3.11 2.89 2.66 2.43 2.20 1.97 1.75 1.53 1.32 1.12 0.93 0.75 0.58 0.43 0.29 0.16 0.04 -0.06 -0.14 -0.22 -0.28 -0.33 -0.37 -0.39 -0.41 -0.42 -0.41 -0.41 -0.39 -0.37 -0.34 -0.31 -0.28 -0.24 -0.20 -0.16
-0.32 -0.26 -0.19 -0.11 -0.02 0.08 0.20 0.33 0.48 0.63 0.80 0.98 1.17 1.37 1.58 1.80 2.02 2.25 2.48 2.71 2.94 3.17 3.39 3.61 3.82 4.02 4.20 4.37 4.52 4.66 4.78 4.87 4.95 5.00 5.03 5.03 5.01 4.97 4.91 4.82 4.71 4.58 4.43 4.27 4.09 3.89 3.68 3.46 3.24 3.01 2.77 2.53 2.29 2.06 1.83 1.60 1.39 1.18 0.98 0.79 0.62 0.46 0.31 0.17 0.05 -0.05 -0.14 -0.22 -0.29 -0.34 -0.38 -0.41 -0.43 -0.44 -0.44 -0.43 -0.41 -0.39 -0.36 -0.33 -0.30 -0.26 -0.22 -0.18
-0.34 -0.29 -0.22 -0.15 -0.06 0.05 0.16 0.29 0.43 0.59 0.76 0.94 1.13 1.34 1.55 1.77 2.00 2.23 2.47 2.70 2.94 3.18 3.41 3.64 3.85 4.06 4.25 4.43 4.59 4.74 4.87 4.97 5.05 5.11 5.15 5.16 5.15 5.11 5.05 4.96 4.86 4.73 4.58 4.41 4.23 4.03 3.82 3.59 3.36 3.12 2.88 2.64 2.39 2.15 1.91 1.68 1.45 1.24 1.03 0.83 0.65 0.48 0.33 0.19 0.06 -0.05 -0.14 -0.23 -0.30 -0.35 -0.39 -0.43 -0.45 -0.46 -0.46 -0.45 -0.43 -0.41 -0.39 -0.35 -0.32 -0.28 -0.24 -0.20
-0.37 -0.32 -0.25 -0.18 -0.09 0.01 0.13 0.26 0.40 0.56 0.73 0.91 1.10 1.31 1.52 1.75 1.98 2.22 2.46 2.70 2.95 3.19 3.43 3.67 3.89 4.11 4.31 4.50 4.67 4.83 4.96 5.07 5.16 5.23 5.27 5.29 5.28 5.25 5.19 5.11 5.00 4.88 4.73 4.56 4.37 4.17 3.95 3.73 3.49 3.24 3.00 2.74 2.49 2.24 1.99 1.75 1.52 1.29 1.08 0.88 0.69 0.51 0.35 0.21 0.07 -0.04 -0.14 -0.23 -0.30 -0.36 -0.41 -0.44 -0.46 -0.47 -0.48 -0.47 -0.45 -0.43 -0.41 -0.38 -0.34 -0.30 -0.26 -0.22
-0.39 -0.34 -0.28 -0.20 -0.12 -0.02 0.10 0.23 0.37 0.53 0.70 0.88 1.08 1.29 1.51 1.73 1.97 2.21 2.46 2.71 2.97 3.22 3.46 3.71 3.94 4.17 4.38 4.58 4.76 4.92 5.06 5.18 5.28 5.35 5.40 5.43 5.42 5.39 5.34 5.26 5.15 5.03 4.88 4.71 4.52 4.31 4.09 3.86 3.62 3.37 3.11 2.85 2.59 2.33 2.08 1.83 1.59 1.35 1.13 0.92 0.72 0.54 0.37 0.22 0.08 -0.04 -0.14 -0.23 -0.31 -0.37 -0.42 -0.46 -0.48 -0.49 -0.50 -0.49 -0.48 -0.46 -0.43 -0.40 -0.36 -0.32 -0.28 -0.24
-0.41 -0.36 -0.30 -0.22 -0.14 -0.04 0.08 0.20 0.35 0.51 0.68 0.86 1.06 1.27 1.49 1.73 1.97 2.22 2.47 2.73 2.99 3.25 3.50 3.75 3.99 4.23 4.45 4.65 4.84 5.02 5.17 5.29 5.40 5.48 5.53 5.56 5.56 5.54 5.49 5.41 5.30 5.18 5.03 4.85 4.66 4.45 4.23 3.99 3.74 3.48 3.22 2.95 2.69 2.42 2.16 1.90 1.65 1.41 1.18 0.96 0.76 0.57 0.40 0.24 0.09 -0.03 -0.14 -0.24 -0.32 -0.38 -0.43 -0.47 -0.50 -0.51 -0.52 -0.51 -0.50 -0.48 -0.45 -0.42 -0.38 -0.34 -0.30 -0.25
-0.42 -0.37 -0.31 -0.24 -0.15 -0.05 0.06 0.19 0.33 0.49 0.66 0.85 1.05 1.27 1.49 1.73 1.97 2.23 2.49 2.75 3.02 3.28 3.54 3.80 4.05 4.29 4.52 4.74 4.94 5.11 5.27 5.41 5.52 5.61 5.67 5.70 5.71 5.68 5.63 5.56 5.45 5.33 5.17 5.00 4.80 4.59 4.36 4.12 3.86 3.60 3.33 3.06 2.78 2.51 2.24 1.97 1.71 1.47 1.23 1.00 0.79 0.60 0.42 0.25 0.10 -0.03 -0.14 -0.24 -0.32 -0.39 -0.45 -0.49 -0.51 -0.53 -0.53 -0.53 -0.52 -0.50 -0.47 -0.44 -0.40 -0.36 -0.32 -0.27
-0.43 -0.38 -0.32 -0.25 -0.17 -0.07 0.05 0.18 0.32 0.48 0.65 0.84 1.05 1.26 1.49 1.73 1.98 2.24 2.51 2.78 3.05 3.32 3.59 3.86 4.12 4.36 4.60 4.82 5.03 5.21 5.38 5.52 5.64 5.73 5.80 5.83 5.84 5.82 5.78 5.70 5.60 5.47 5.32 5.14 4.94 4.73 4.49 4.24 3.98 3.71 3.44 3.16 2.87 2.59 2.31 2.04 1.78 1.52 1.28 1.04 0.83 0.62 0.44 0.27 0.11 -0.02 -0.14 -0.25 -0.33 -0.40 -0.46 -0.50 -0.53 -0.55 -0.55 -0.55 -0.54 -0.52 -0.49 -0.46 -0.42 -0.38 -0.33 -0.29
-0.43 -0.39 -0.33 -0.26 -0.17 -0.07 0.04 0.17 0.32 0.48 0.65 0.84 1.05 1.27 1.50 1.75 2.00 2.26 2.53 2.81 3.09 3.37 3.64 3.91 4.18 4.43 4.68 4.91 5.12 5.31 5.48 5.63 5.76 5.85 5.92 5.97 5.98 5.96 5.92 5.84 5.74 5.61 5.45 5.28 5.07 4.85 4.62 4.36 4.10 3.82 3.54 3.25 2.96 2.67 2.39 2.11 1.83 1.57 1.32 1.08 0.86 0.65 0.46 0.28 0.12 -0.02 -0.14 -0.25 -0.34 -0.41 -0.47 -0.51 -0.55 -0.56 -0.57 -0.57 -0.55 -0.53 -0.51 -0.47 -0.44 -0.39 -0.35 -0.30
-0.43 -0.39 -0.33 -0.26 -0.17 -0.07 0.04 0.17 0.32 0.48 0.66 0.85 1.06 1.28 1.51 1.76 2.02 2.29 2.56 2.84 3.13 3.41 3.69 3.97 4.24 4.51 4.76 4.99 5.21 5.41 5.59 5.74 5.87 5.97 6.05 6.09 6.11 6.09 6.05 5.97 5.87 5.74 5.58 5.40 5.20 4.98 4.73 4.47 4.20 3.92 3.63 3.34 3.04 2.75 2.45 2.17 1.89 1.62 1.36 1.12 0.89 0.67 0.47 0.29 0.13 -0.01 -0.14 -0.25 -0.34 -0.42 -0.48 -0.53 -0.56 -0.58 -0.59 -0.58 -0.57 -0.55 -0.52 -0.49 -0.45 -0.41 -0.36 -0.32
-0.43 -0.39 -0.33 -0.26 -0.17 -0.07 0.04 0.17 0.32 0.48 0.66 0.86 1.07 1.29 1.53 1.78 2.04 2.32 2.60 2.88 3.17 3.46 3.74 4.03 4.31 4.57 4.83 5.07 5.30 5.50 5.68 5.84 5.98 6.08 6.16 6.21 6.22 6.21 6.17 6.10 5.99 5.86 5.70 5.52 5.31 5.09 4.84 4.58 4.30 4.02 3.72 3.42 3.12 2.82 2.52 2.22 1.94 1.66 1.40 1.15 0.91 0.69 0.49 0.30 0.14 -0.01 -0.14 -0.26 -0.35 -0.43 -0.49 -0.54 -0.57 -0.59 -0.60 -0.60 -0.59 -0.57 -0.54 -0.51 -0.47 -0.42 -0.38 -0.33
-0.42 -0.38 -0.32 -0.25 -0.17 -0.07 0.05 0.18 0.33 0.49 0.67 0.87 1.08 1.31 1.55 1.80 2.07 2.34 2.63 2.92 3.21 3.50 3.79 4.08 4.37 4.64 4.90 5.15 5.38 5.58 5.77 5.94 6.07 6.18 6.26 6.31 6.33 6.32 6.28 6.21 6.10 5.97 5.81 5.63 5.42 5.19 4.94 4.67 4.39 4.10 3.80 3.49 3.19 2.88 2.57 2.27 1.98 1.70 1.43 1.18 0.94 0.71 0.50 0.31 0.14 -0.01 -0.14 -0.26 -0.36 -0.44 -0.50 -0.55 -0.59 -0.61 -0.62 -0.61 -0.60 -0.58 -0.55 -0.52 -0.48 -0.44 -0.39 -0.34
-0.42 -0.37 -0.31 -0.24 -0.16 -0.06 0.06 0.19 0.34 0.51 0.69 0.89 1.10 1.33 1.57 1.83 2.10 2.37 2.66 2.95 3.25 3.55 3.84 4.13 4.42 4.70 4.96 5.21 5.45 5.66 5.85 6.02 6.16 6.27 6.35 6.41 6.43 6.42 6.38 6.30 6.20 6.07 5.91 5.72 5.51 5.28 5.02 4.75 4.47 4.17 3.87 3.56 3.24 2.93 2.62 2.32 2.02 1.73 1.46 1.20 0.95 0.73 0.52 0.32 0.15 -0.01 -0.14 -0.26 -0.36 -0.45 -0.51 -0.56 -0.60 -0.62 -0.63 -0.63 -0.61 -0.59 -0.57 -0.53 -0.49 -0.45 -0.40 -0.35
-0.40 -0.36 -0.30 -0.23 -0.14 -0.04 0.07 0.21 0.36 0.52 0.71 0.90 1.12 1.35 1.59 1.85 2.12 2.40 2.69 2.99 3.28 3.58 3.88 4.18 4.47 4.75 5.02 5.27 5.51 5.73 5.92 6.09 6.23 6.35 6.43 6.49 6.51 6.50 6.46 6.39 6.28 6.15 5.99 5.80 5.59 5.35 5.09 4.82 4.53 4.23 3.92 3.61 3.29 2.98 2.66 2.35 2.05 1.76 1.48 1.22 0.97 0.74 0.52 0.33 0.15 -0.01 -0.15 -0.27 -0.37 -0.45 -0.52 -0.57 -0.61 -0.63 -0.64 -0.64 -0.63 -0.61 -0.58 -0.54 -0.50 -0.46 -0.41 -0.36
-0.39 -0.34 -0.29 -0.21 -0.13 -0.03 0.09 0.22 0.37 0.54 0.72 0.92 1.14 1.37 1.62 1.88 2.15 2.43 2.72 3.02 3.32 3.62 3.92 4.22 4.51 4.79 5.07 5.32 5.56 5.78 5.98 6.15 6.29 6.41 6.50 6.55 6.58 6.57 6.53 6.45 6.35 6.22 6.05 5.86 5.65 5.41 5.15 4.87 4.58 4.28 3.97 3.65 3.33 3.01 2.69 2.38 2.08 1.78 1.50 1.23 0.98 0.75 0.53 0.33 0.15 -0.01 -0.15 -0.27 -0.37 -0.46 -0.53 -0.58 -0.62 -0.64 -0.65 -0.65 -0.64 -0.62 -0.59 -0.55 -0.51 -0.47 -0.42 -0.37
-0.37 -0.33 -0.27 -0.20 -0.11 -0.01 0.11 0.24 0.39 0.56 0.74 0.94 1.16 1.39 1.64 1.90 2.17 2.45 2.74 3.04 3.34 3.65 3.95 4.25 4.54 4.83 5.10 5.36 5.60 5.82 6.02 6.19 6.34 6.45 6.54 6.60 6.62 6.62 6.57 6.50 6.40 6.26 6.10 5.91 5.69 5.45 5.19 4.91 4.62 4.32 4.00 3.68 3.36 3.04 2.72 2.40 2.09 1.80 1.51 1.24 0.99 0.75 0.53 0.33 0.15 -0.01 -0.15 -0.27 -0.38 -0.46 -0.53 -0.58 -0.62 -0.65 -0.66 -0.65 -0.64 -0.62 -0.59 -0.56 -0.52 -0.47 -0.43 -0.38
-0.36 -0.31 -0.25 -0.18 -0.09 0.01 0.13 0.26 0.41 0.58 0.76 0.96 1.18 1.41 1.66 1.92 2.19 2.47 2.76 3.06 3.36 3.67 3.97 4.27 4.57 4.85 5.12 5.38 5.62 5.84 6.04 6.22 6.36 6.48 6.57 6.63 6.65 6.64 6.60 6.53 6.43 6.29 6.13 5.93 5.72 5.48 5.22 4.94 4.64 4.34 4.02 3.70 3.37 3.05 2.73 2.41 2.10 1.81 1.52 1.25 0.99 0.76 0.54 0.33 0.15 -0.01 -0.15 -0.28 -0.38 -0.47 -0.54 -0.59 -0.63 -0.65 -0.66 -0.66 -0.65 -0.63 -0.60 -0.56 -0.52 -0.48 -0.43 -0.38
-0.34 -0.29 -0.23 -0.16 -0.07 0.03 0.15 0.28 0.43 0.60 0.78 0.98 1.20 1.43 1.67 1.93 2.21 2.49 2.78 3.08 3.38 3.68 3.98 4.28 4.58 4.86 5.13 5.39 5.63 5.85 6.05 6.23 6.37 6.49 6.58 6.64 6.66 6.65 6.61 6.54 6.43 6.30 6.14 5.94 5.73 5.48 5.22 4.94 4.65 4.34 4.03 3.70 3.38 3.05 2.73 2.41 2.11 1.81 1.52 1.25 0.99 0.75 0.53 0.33 0.15 -0.01 -0.16 -0.28 -0.38 -0.47 -0.54 -0.59 -0.63 -0.65 -0.66 -0.66 -0.65 -0.63 -0.60 -0.57 -0.53 -0.48 -0.43 -0.38
-0.32 -0.27 -0.21 -0.14 -0.05 0.05 0.17 0.30 0.45 0.62 0.80 1.00 1.21 1.44 1.69 1.95 2.22 2.50 2.79 3.08 3.38 3.68 3.98 4.28 4.57 4.86 5.13 5.39 5.63 5.85 6.04 6.22 6.36 6.48 6.57 6.63 6.65 6.64 6.60 6.53 6.42 6.29 6.12 5.93 5.71 5.47 5.21 4.93 4.64 4.33 4.02 3.70 3.37 3.05 2.72 2.41 2.10 1.80 1.52 1.24 0.99 0.75 0.53 0.33 0.15 -0.02 -0.16 -0.28 -0.39 -0.47 -0.54 -0.60 -0.63 -0.66 -0.67 -0.66 -0.65 -0.63 -0.60 -0.57 -0.53 -0.48 -0.43 -0.38
-0.30 -0.25 -0.19 -0.12 -0.03 0.07 0.19 0.32 0.47 0.63 0.81 1.01 1.23 1.45 1.70 1.95 2.22 2.50 2.79 3.08 3.38 3.68 3.97 4.27 4.56 4.84 5.11 5.37 5.60 5.82 6.02 6.19 6.33 6.45 6.54 6.59 6.62 6.61 6.57 6.49 6.39 6.26 6.09 5.90 5.68 5.44 5.18 4.91 4.61 4.31 3.99 3.67 3.35 3.03 2.71 2.39 2.08 1.79 1.50 1.23 0.98 0.74 0.52 0.32 0.14 -0.02 -0.16 -0.28 -0.39 -0.47 -0.54 -0.60 -0.63 -0.65 -0.66 -0.66 -0.65 -0.63 -0.60 -0.57 -0.52 -0.48 -0.43 -0.38
-0.28 -0.23 -0.17 -0.10 -0.01 0.09 0.21 0.34 0.49 0.65 0.83 1.02 1.23 1.46 1.70 1.95 2.22 2.49 2.78 3.07 3.36 3.66 3.95 4.25 4.53 4.81 5.08 5.33 5.56 5.78 5.97 6.14 6.28 6.40 6.48 6.54 6.56 6.55 6.51 6.44 6.34 6.20 6.04 5.85 5.63 5.40 5.14 4.86 4.57 4.27 3.96 3.64 3.32 3.00 2.68 2.37 2.06 1.77 1.49 1.22 0.97 0.73 0.51 0.31 0.14 -0.02 -0.17 -0.29 -0.39 -0.47 -0.54 -0.59 -0.63 -0.65 -0.66 -0.66 -0.65 -0.63 -0.60 -0.56 -0.52 -0.47 -0.43 -0.38
-0.25 -0.21 -0.15 -0.07 0.01 0.11 0.22 0.35 0.50 0.66 0.84 1.03 1.24 1.46 1.70 1.95 2.21 2.48 2.76 3.05 3.34 3.63 3.92 4.21 4.49 4.76 5.03 5.27 5.51 5.72 5.91 6.07 6.22 6.33 6.41 6.46 6.49 6.48 6.44 6.36 6.26 6.13 5.97 5.78 5.56 5.33 5.07 4.80 4.51 4.21 3.90 3.59 3.27 2.95 2.64 2.33 2.03 1.74 1.46 1.20 0.95 0.72 0.50 0.30 0.13 -0.03 -0.17 -0.29 -0.39 -0.47 -0.54 -0.59 -0.63 -0.65 -0.66 -0.65 -0.64 -0.62 -0.59 -0.55 -0.51 -0.47 -0.42 -0.37
-0.23 -0.19 -0.13 -0.06 0.03 0.13 0.24 0.37 0.51 0.67 0.85 1.04 1.24 1.46 1.69 1.94 2.19 2.46 2.74 3.02 3.30 3.59 3.87 4.16 4.43 4.70 4.96 5.20 5.43 5.64 5.83 5.99 6.13 6.24 6.32 6.37 6.39 6.38 6.34 6.27 6.16 6.03 5.87 5.69 5.48 5.24 4.99 4.72 4.44 4.14 3.84 3.53 3.22 2.90 2.59 2.29 1.99 1.71 1.43 1.17 0.93 0.70 0.49 0.29 0.12 -0.04 -0.17 -0.29 -0.39 -0.47 -0.54 -0.58 -0.62 -0.64 -0.65 -0.64 -0.63 -0.61 -0.58 -0.55 -0.50 -0.46 -0.41 -0.36
-0.21 -0.17 -0.11 -0.04 0.05 0.14 0.26 0.38 0.52 0.68 0.85 1.04 1.24 1.45 1.68 1.92 2.17 2.43 2.70 2.98 3.26 3.54 3.82 4.09 4.36 4.63 4.88 5.12 5.34 5.54 5.72 5.88 6.02 6.12 6.20 6.25 6.27 6.26 6.22 6.15 6.05 5.92 5.76 5.58 5.37 5.14 4.89 4.63 4.35 4.06 3.76 3.45 3.15 2.84 2.54 2.24 1.95 1.67 1.40 1.14 0.90 0.68 0.47 0.28 0.11 -0.04 -0.17 -0.29 -0.39 -0.47 -0.53 -0.58 -0.61 -0.63 -0.64 -0.63 -0.62 -0.60 -0.57 -0.53 -0.49 -0.45 -0.40 -0.35
-0.19 -0.15 -0.09 -0.02 0.06 0.16 0.27 0.39 0.53 0.68 0.85 1.03 1.23 1.44 1.66 1.90 2.14 2.40 2.66 2.93 3.20 3.47 3.75 4.02 4.28 4.54 4.78 5.01 5.23 5.43 5.61 5.76 5.89 5.99 6.07 6.12 6.14 6.13 6.08 6.01 5.91 5.78 5.63 5.45 5.25 5.02 4.78 4.52 4.25 3.96 3.67 3.37 3.07 2.77 2.47 2.18 1.89 1.62 1.36 1.11 0.87 0.65 0.45 0.27 0.10 -0.05 -0.18 -0.29 -0.38 -0.46 -0.52 -0.57 -0.60 -0.62 -0.62 -0.62 -0.61 -0.58 -0.55 -0.52 -0.48 -0.44 -0.39 -0.34
