speedsAfterKrig/output_residuos_70_2010.asc
NCOLS          173       
NROWS          329       
XLLCENTER      510425.00 
YLLCENTER      8547775.00
DX             50.00     
DY             50.00     
NODATA_VALUE   -999.00   
[rows 190 to 227 of 329, columns 84 to 167 of 173]
0.22 0.22 0.22 0.22 0.22 0.22 0.22 0.22 0.22 0.22 0.22 0.22 0.22 0.22 0.22 0.22 0.23 0.23 0.23 0.23 0.23 0.23 0.23 0.23 0.23 0.23 0.23 0.23 0.23 0.23 0.22 0.22 0.22 0.22 0.22 0.22 0.22 0.22 0.22 0.22 0.22 0.22 0.22 0.22 0.21 0.21 0.21 0.21 0.20 0.20 0.20 0.19 0.19 0.19 0.19 0.19 0.18 0.18 0.18 0.18 0.18 0.19 0.19 0.19 0.19 0.19 0.19 0.20 0.20 0.20 0.20 0.20 0.19 0.19 0.18 0.17 0.15 0.14 0.12 0.11 0.10 0.09 0.09 0.09
0.22 0.22 0.22 0.22 0.22 0.22 0.22 0.22 0.22 0.22 0.22 0.22 0.22 0.22 0.23 0.23 0.23 0.23 0.23 0.24 0.24 0.24 0.24 0.24 0.24 0.24 0.24 0.23 0.23 0.23 0.23 0.23 0.22 0.22 0.22 0.22 0.22 0.22 0.22 0.22 0.22 0.22 0.22 0.22 0.22 0.21 0.21 0.21 0.21 0.20 0.20 0.20 0.20 0.19 0.19 0.19 0.19 0.19 0.18 0.18 0.18 0.18 0.18 0.18 0.18 0.18 0.19 0.19 0.19 0.19 0.20 0.20 0.19 0.19 0.18 0.17 0.15 0.14 0.13 0.11 0.10 0.10 0.09 0.10
0.22 0.22 0.22 0.22 0.22 0.22 0.22 0.22 0.22 0.22 0.22 0.22 0.22 0.23 0.23 0.23 0.24 0.24 0.24 0.25 0.25 0.25 0.25 0.25 0.25 0.25 0.25 0.24 0.24 0.23 0.23 0.23 0.23 0.22 0.22 0.22 0.22 0.22 0.22 0.22 0.22 0.22 0.22 0.22 0.22 0.22 0.22 0.21 0.21 0.21 0.21 0.20 0.20 0.20 0.20 0.19 0.19 0.18 0.18 0.17 0.17 0.17 0.17 0.17 0.17 0.17 0.17 0.18 0.18 0.19 0.19 0.19 0.19 0.19 0.18 0.17 0.16 0.14 0.13 0.12 0.11 0.10 0.10 0.10
0.22 0.22 0.22 0.22 0.22 0.22 0.22 0.22 0.22 0.22 0.22 0.23 0.23 0.23 0.23 0.24 0.24 0.25 0.26 0.26 0.27 0.27 0.27 0.27 0.27 0.27 0.26 0.26 0.25 0.24 0.24 0.23 0.23 0.23 0.23 0.22 0.22 0.22 0.22 0.22 0.22 0.22 0.22 0.22 0.22 0.22 0.22 0.22 0.21 0.21 0.21 0.21 0.20 0.20 0.20 0.19 0.19 0.18 0.17 0.17 0.16 0.16 0.15 0.15 0.15 0.16 0.16 0.17 0.18 0.18 0.19 0.19 0.19 0.19 0.18 0.17 0.16 0.15 0.14 0.13 0.12 0.11 0.11 0.11
0.22 0.22 0.22 0.22 0.22 0.22 0.22 0.22 0.22 0.22 0.23 0.23 0.23 0.24 0.24 0.25 0.26 0.27 0.28 0.29 0.29 0.30 0.30 0.30 0.30 0.29 0.28 0.28 0.27 0.26 0.25 0.24 0.24 0.23 0.23 0.23 0.22 0.22 0.22 0.22 0.22 0.22 0.22 0.22 0.22 0.22 0.22 0.22 0.22 0.21 0.21 0.21 0.21 0.20 0.20 0.19 0.18 0.17 0.17 0.16 0.15 0.14 0.14 0.14 0.14 0.14 0.15 0.16 0.17 0.17 0.18 0.19 0.19 0.19 0.18 0.18 0.17 0.16 0.15 0.14 0.13 0.13 0.12 0.13
0.22 0.22 0.22 0.22 0.22 0.22 0.22 0.22 0.22 0.23 0.23 0.23 0.24 0.24 0.25 0.26 0.28 0.29 0.31 0.32 0.33 0.34 0.34 0.34 0.34 0.33 0.32 0.30 0.29 0.28 0.26 0.25 0.24 0.24 0.23 0.23 0.22 0.22 0.22 0.22 0.22 0.22 0.22 0.22 0.22 0.22 0.22 0.22 0.22 0.22 0.21 0.21 0.21 0.20 0.20 0.19 0.18 0.17 0.16 0.15 0.14 0.13 0.13 0.12 0.13 0.13 0.14 0.15 0.16 0.17 0.18 0.18 0.19 0.19 0.19 0.18 0.17 0.17 0.16 0.15 0.14 0.14 0.14 0.14
0.22 0.22 0.22 0.22 0.22 0.22 0.22 0.22 0.22 0.23 0.23 0.24 0.24 0.25 0.27 0.28 0.30 0.32 0.34 0.36 0.38 0.39 0.40 0.40 0.39 0.38 0.36 0.34 0.32 0.30 0.28 0.27 0.25 0.24 0.24 0.23 0.23 0.22 0.22 0.22 0.22 0.22 0.22 0.22 0.22 0.22 0.22 0.22 0.22 0.22 0.21 0.21 0.21 0.20 0.19 0.19 0.17 0.16 0.15 0.14 0.13 0.12 0.11 0.11 0.11 0.12 0.13 0.14 0.15 0.16 0.17 0.18 0.19 0.19 0.19 0.19 0.18 0.18 0.17 0.16 0.16 0.15 0.15 0.15
0.22 0.22 0.22 0.22 0.22 0.22 0.22 0.22 0.23 0.23 0.24 0.24 0.25 0.27 0.29 0.31 0.34 0.37 0.40 0.42 0.45 0.46 0.47 0.47 0.46 0.44 0.42 0.39 0.36 0.33 0.31 0.29 0.27 0.25 0.24 0.23 0.23 0.23 0.22 0.22 0.22 0.22 0.22 0.22 0.22 0.22 0.22 0.22 0.22 0.22 0.21 0.21 0.21 0.20 0.19 0.18 0.17 0.16 0.14 0.13 0.12 0.11 0.10 0.10 0.10 0.11 0.12 0.13 0.14 0.16 0.17 0.18 0.19 0.19 0.19 0.19 0.19 0.18 0.18 0.18 0.17 0.17 0.17 0.17
0.22 0.22 0.22 0.22 0.22 0.22 0.22 0.22 0.23 0.23 0.24 0.25 0.27 0.29 0.31 0.34 0.38 0.42 0.46 0.50 0.53 0.55 0.56 0.56 0.55 0.53 0.49 0.45 0.41 0.38 0.34 0.31 0.28 0.26 0.25 0.24 0.23 0.23 0.22 0.22 0.22 0.22 0.22 0.22 0.22 0.22 0.22 0.22 0.22 0.22 0.21 0.21 0.21 0.20 0.19 0.18 0.17 0.16 0.14 0.13 0.11 0.10 0.10 0.09 0.10 0.10 0.11 0.13 0.14 0.15 0.17 0.18 0.19 0.19 0.20 0.20 0.19 0.19 0.19 0.19 0.18 0.18 0.18 0.18
0.22 0.22 0.22 0.22 0.22 0.22 0.22 0.23 0.23 0.24 0.25 0.26 0.28 0.31 0.34 0.38 0.43 0.48 0.53 0.58 0.62 0.65 0.67 0.67 0.65 0.62 0.58 0.53 0.48 0.42 0.38 0.34 0.30 0.28 0.26 0.25 0.24 0.23 0.23 0.22 0.22 0.22 0.22 0.22 0.22 0.22 0.22 0.22 0.22 0.22 0.21 0.21 0.21 0.20 0.19 0.18 0.17 0.15 0.14 0.12 0.11 0.10 0.09 0.09 0.09 0.10 0.11 0.12 0.14 0.15 0.17 0.18 0.19 0.19 0.20 0.20 0.20 0.20 0.20 0.19 0.19 0.19 0.19 0.19
0.22 0.22 0.22 0.22 0.22 0.22 0.22 0.23 0.23 0.24 0.25 0.27 0.30 0.33 0.37 0.42 0.48 0.55 0.61 0.68 0.73 0.77 0.79 0.79 0.76 0.73 0.67 0.61 0.54 0.48 0.42 0.37 0.33 0.29 0.27 0.25 0.24 0.23 0.23 0.22 0.22 0.22 0.22 0.22 0.22 0.22 0.22 0.22 0.22 0.22 0.22 0.21 0.21 0.20 0.19 0.18 0.17 0.16 0.14 0.13 0.11 0.10 0.10 0.09 0.10 0.10 0.11 0.13 0.14 0.15 0.17 0.18 0.19 0.20 0.20 0.20 0.20 0.20 0.20 0.20 0.20 0.20 0.20 0.20
0.22 0.22 0.22 0.22 0.22 0.22 0.23 0.23 0.24 0.25 0.26 0.28 0.31 0.35 0.40 0.47 0.54 0.62 0.70 0.78 0.84 0.89 0.91 0.91 0.88 0.84 0.77 0.69 0.61 0.53 0.46 0.40 0.35 0.31 0.28 0.26 0.24 0.23 0.23 0.23 0.22 0.22 0.22 0.22 0.22 0.22 0.22 0.22 0.22 0.22 0.22 0.21 0.21 0.20 0.19 0.18 0.17 0.16 0.14 0.13 0.12 0.11 0.10 0.10 0.10 0.11 0.12 0.13 0.14 0.16 0.17 0.18 0.19 0.20 0.20 0.21 0.21 0.21 0.21 0.21 0.20 0.20 0.20 0.20
0.22 0.22 0.22 0.22 0.22 0.22 0.23 0.23 0.24 0.25 0.27 0.29 0.33 0.38 0.44 0.51 0.60 0.69 0.78 0.87 0.95 1.00 1.03 1.03 1.00 0.94 0.86 0.78 0.68 0.59 0.50 0.43 0.37 0.32 0.29 0.26 0.25 0.24 0.23 0.23 0.22 0.22 0.22 0.22 0.22 0.22 0.22 0.22 0.22 0.22 0.22 0.21 0.21 0.20 0.20 0.19 0.18 0.16 0.15 0.14 0.13 0.12 0.11 0.11 0.11 0.12 0.13 0.14 0.15 0.16 0.18 0.19 0.19 0.20 0.21 0.21 0.21 0.21 0.21 0.21 0.21 0.20 0.20 0.20
0.22 0.22 0.22 0.22 0.22 0.22 0.23 0.23 0.24 0.25 0.27 0.30 0.34 0.40 0.47 0.55 0.65 0.75 0.86 0.96 1.04 1.10 1.14 1.13 1.10 1.04 0.95 0.85 0.74 0.64 0.54 0.46 0.39 0.34 0.30 0.27 0.25 0.24 0.23 0.23 0.22 0.22 0.22 0.22 0.22 0.22 0.22 0.22 0.22 0.22 0.22 0.21 0.21 0.21 0.20 0.19 0.18 0.17 0.16 0.15 0.14 0.13 0.13 0.12 0.13 0.13 0.14 0.15 0.16 0.17 0.18 0.19 0.20 0.20 0.21 0.21 0.21 0.21 0.21 0.21 0.21 0.20 0.20 0.20
0.22 0.22 0.22 0.22 0.22 0.22 0.23 0.23 0.24 0.26 0.28 0.31 0.35 0.41 0.49 0.58 0.68 0.80 0.91 1.02 1.12 1.18 1.22 1.22 1.18 1.11 1.01 0.90 0.79 0.67 0.57 0.48 0.41 0.35 0.31 0.28 0.25 0.24 0.23 0.23 0.22 0.22 0.22 0.22 0.22 0.22 0.22 0.22 0.22 0.22 0.22 0.22 0.21 0.21 0.20 0.20 0.19 0.18 0.17 0.16 0.15 0.14 0.14 0.14 0.14 0.14 0.15 0.16 0.17 0.18 0.19 0.20 0.20 0.21 0.21 0.21 0.21 0.21 0.21 0.21 0.21 0.20 0.20 0.20
0.22 0.22 0.22 0.22 0.22 0.22 0.23 0.23 0.24 0.26 0.28 0.31 0.36 0.42 0.50 0.60 0.71 0.83 0.95 1.06 1.16 1.23 1.27 1.27 1.23 1.15 1.05 0.94 0.82 0.70 0.59 0.49 0.42 0.35 0.31 0.28 0.26 0.24 0.23 0.23 0.22 0.22 0.22 0.22 0.22 0.22 0.22 0.22 0.22 0.22 0.22 0.22 0.21 0.21 0.21 0.20 0.19 0.19 0.18 0.17 0.16 0.16 0.15 0.15 0.15 0.16 0.16 0.17 0.18 0.19 0.19 0.20 0.20 0.21 0.21 0.21 0.21 0.21 0.21 0.21 0.20 0.20 0.19 0.19
0.22 0.22 0.22 0.22 0.22 0.22 0.23 0.23 0.24 0.26 0.28 0.31 0.36 0.42 0.50 0.60 0.71 0.83 0.96 1.07 1.17 1.24 1.28 1.28 1.24 1.16 1.06 0.95 0.82 0.70 0.59 0.50 0.42 0.36 0.31 0.28 0.26 0.24 0.23 0.23 0.22 0.22 0.22 0.22 0.22 0.22 0.22 0.22 0.22 0.22 0.22 0.22 0.21 0.21 0.21 0.20 0.20 0.19 0.19 0.18 0.17 0.17 0.17 0.17 0.17 0.17 0.17 0.18 0.19 0.19 0.20 0.20 0.21 0.21 0.21 0.21 0.21 0.21 0.21 0.20 0.20 0.19 0.19 0.18
0.22 0.22 0.22 0.22 0.22 0.22 0.23 0.23 0.24 0.26 0.28 0.31 0.36 0.42 0.50 0.59 0.70 0.82 0.94 1.05 1.15 1.22 1.25 1.25 1.21 1.14 1.04 0.93 0.81 0.69 0.58 0.49 0.41 0.35 0.31 0.28 0.26 0.24 0.23 0.23 0.22 0.22 0.22 0.22 0.22 0.22 0.22 0.22 0.22 0.22 0.22 0.22 0.22 0.21 0.21 0.21 0.20 0.20 0.19 0.19 0.18 0.18 0.18 0.18 0.18 0.18 0.18 0.19 0.19 0.20 0.20 0.21 0.21 0.21 0.21 0.21 0.21 0.21 0.20 0.20 0.19 0.19 0.18 0.17
0.22 0.22 0.22 0.22 0.22 0.22 0.23 0.23 0.24 0.25 0.28 0.31 0.35 0.41 0.48 0.57 0.67 0.78 0.90 1.00 1.09 1.16 1.19 1.19 1.15 1.09 0.99 0.89 0.77 0.66 0.56 0.47 0.40 0.34 0.30 0.27 0.25 0.24 0.23 0.23 0.22 0.22 0.22 0.22 0.22 0.22 0.22 0.22 0.22 0.22 0.22 0.22 0.22 0.21 0.21 0.21 0.20 0.20 0.20 0.19 0.19 0.19 0.18 0.18 0.18 0.19 0.19 0.19 0.20 0.20 0.21 0.21 0.21 0.21 0.21 0.21 0.21 0.21 0.20 0.20 0.19 0.18 0.17 0.16
0.22 0.22 0.22 0.22 0.22 0.22 0.23 0.23 0.24 0.25 0.27 0.30 0.34 0.39 0.46 0.54 0.63 0.73 0.83 0.93 1.01 1.07 1.10 1.10 1.06 1.00 0.92 0.82 0.72 0.62 0.53 0.45 0.38 0.33 0.30 0.27 0.25 0.24 0.23 0.23 0.22 0.22 0.22 0.22 0.22 0.22 0.22 0.22 0.22 0.22 0.22 0.22 0.22 0.21 0.21 0.21 0.20 0.20 0.20 0.19 0.19 0.19 0.19 0.19 0.19 0.19 0.19 0.20 0.20 0.21 0.21 0.21 0.21 0.21 0.21 0.21 0.21 0.21 0.20 0.19 0.18 0.17 0.16 0.15
0.22 0.22 0.22 0.22 0.22 0.22 0.23 0.23 0.24 0.25 0.26 0.29 0.32 0.37 0.43 0.50 0.58 0.66 0.75 0.84 0.91 0.96 0.99 0.99 0.96 0.90 0.83 0.75 0.66 0.57 0.49 0.42 0.36 0.32 0.29 0.26 0.25 0.24 0.23 0.23 0.22 0.22 0.22 0.22 0.22 0.22 0.22 0.22 0.22 0.22 0.22 0.22 0.21 0.21 0.21 0.21 0.20 0.20 0.19 0.19 0.19 0.19 0.19 0.19 0.19 0.19 0.20 0.20 0.20 0.21 0.21 0.21 0.21 0.21 0.21 0.21 0.21 0.20 0.20 0.19 0.18 0.16 0.15 0.14
0.22 0.22 0.22 0.22 0.22 0.22 0.23 0.23 0.23 0.24 0.26 0.28 0.31 0.34 0.39 0.45 0.52 0.59 0.67 0.74 0.80 0.84 0.87 0.86 0.84 0.79 0.73 0.66 0.59 0.51 0.45 0.39 0.34 0.30 0.28 0.26 0.24 0.23 0.23 0.22 0.22 0.22 0.22 0.22 0.22 0.22 0.22 0.22 0.22 0.22 0.22 0.22 0.21 0.21 0.21 0.20 0.20 0.19 0.19 0.19 0.18 0.18 0.18 0.19 0.19 0.19 0.20 0.20 0.20 0.21 0.21 0.21 0.21 0.21 0.21 0.21 0.21 0.20 0.19 0.18 0.17 0.16 0.14 0.13
0.22 0.22 0.22 0.22 0.22 0.22 0.22 0.23 0.23 0.24 0.25 0.27 0.29 0.32 0.36 0.41 0.46 0.52 0.58 0.64 0.69 0.72 0.74 0.74 0.72 0.69 0.64 0.58 0.52 0.46 0.40 0.36 0.32 0.29 0.27 0.25 0.24 0.23 0.23 0.22 0.22 0.22 0.22 0.22 0.22 0.22 0.22 0.22 0.22 0.22 0.22 0.21 0.21 0.21 0.20 0.20 0.19 0.19 0.18 0.18 0.18 0.18 0.18 0.18 0.18 0.19 0.19 0.20 0.20 0.21 0.21 0.21 0.21 0.21 0.21 0.21 0.21 0.20 0.19 0.18 0.17 0.16 0.14 0.13
0.22 0.22 0.22 0.22 0.22 0.22 0.22 0.23 0.23 0.24 0.24 0.26 0.27 0.30 0.33 0.37 0.41 0.46 0.50 0.55 0.59 0.61 0.63 0.63 0.61 0.58 0.54 0.50 0.45 0.41 0.36 0.33 0.30 0.27 0.26 0.24 0.23 0.23 0.23 0.22 0.22 0.22 0.22 0.22 0.22 0.22 0.22 0.22 0.22 0.22 0.22 0.21 0.21 0.20 0.20 0.19 0.19 0.18 0.17 0.17 0.17 0.17 0.17 0.17 0.17 0.18 0.19 0.19 0.20 0.20 0.21 0.21 0.21 0.21 0.21 0.21 0.21 0.20 0.19 0.18 0.17 0.15 0.14 0.12
0.22 0.22 0.22 0.22 0.22 0.22 0.22 0.22 0.23 0.23 0.24 0.25 0.26 0.28 0.30 0.33 0.36 0.40 0.43 0.47 0.50 0.52 0.53 0.53 0.52 0.49 0.46 0.43 0.39 0.36 0.33 0.30 0.28 0.26 0.25 0.24 0.23 0.23 0.22 0.22 0.22 0.22 0.22 0.22 0.22 0.22 0.22 0.22 0.22 0.22 0.21 0.21 0.21 0.20 0.19 0.19 0.18 0.17 0.16 0.16 0.15 0.15 0.15 0.16 0.16 0.17 0.18 0.19 0.19 0.20 0.20 0.21 0.21 0.21 0.21 0.21 0.21 0.20 0.19 0.18 0.17 0.16 0.14 0.13
0.22 0.22 0.22 0.22 0.22 0.22 0.22 0.22 0.23 0.23 0.23 0.24 0.25 0.26 0.28 0.30 0.32 0.35 0.38 0.40 0.42 0.44 0.44 0.44 0.43 0.42 0.40 0.37 0.35 0.32 0.30 0.28 0.26 0.25 0.24 0.23 0.23 0.23 0.22 0.22 0.22 0.22 0.22 0.22 0.22 0.22 0.22 0.22 0.22 0.22 0.21 0.21 0.20 0.20 0.19 0.18 0.17 0.16 0.15 0.14 0.14 0.14 0.14 0.14 0.15 0.16 0.17 0.18 0.19 0.20 0.20 0.21 0.21 0.21 0.21 0.21 0.21 0.20 0.19 0.18 0.17 0.16 0.14 0.13
0.22 0.22 0.22 0.22 0.22 0.22 0.22 0.22 0.22 0.23 0.23 0.23 0.24 0.25 0.26 0.28 0.29 0.31 0.33 0.35 0.36 0.37 0.38 0.38 0.37 0.36 0.34 0.33 0.31 0.29 0.28 0.26 0.25 0.24 0.23 0.23 0.23 0.22 0.22 0.22 0.22 0.22 0.22 0.22 0.22 0.22 0.22 0.22 0.22 0.21 0.21 0.21 0.20 0.19 0.18 0.17 0.16 0.15 0.14 0.13 0.13 0.12 0.13 0.13 0.14 0.15 0.16 0.17 0.18 0.19 0.20 0.20 0.21 0.21 0.21 0.21 0.21 0.20 0.20 0.19 0.18 0.16 0.15 0.14
0.22 0.22 0.22 0.22 0.22 0.22 0.22 0.22 0.22 0.22 0.23 0.23 0.23 0.24 0.25 0.26 0.27 0.28 0.29 0.30 0.31 0.32 0.33 0.33 0.32 0.31 0.30 0.29 0.28 0.27 0.26 0.25 0.24 0.23 0.23 0.23 0.22 0.22 0.22 0.22 0.22 0.22 0.22 0.22 0.22 0.22 0.22 0.22 0.22 0.21 0.21 0.20 0.20 0.19 0.18 0.16 0.15 0.14 0.13 0.12 0.11 0.11 0.11 0.12 0.13 0.14 0.15 0.16 0.18 0.19 0.20 0.20 0.21 0.21 0.21 0.21 0.21 0.20 0.20 0.19 0.18 0.17 0.16 0.15
0.22 0.22 0.22 0.22 0.22 0.22 0.22 0.22 0.22 0.22 0.22 0.23 0.23 0.23 0.24 0.25 0.25 0.26 0.27 0.28 0.28 0.29 0.29 0.29 0.29 0.28 0.27 0.27 0.26 0.25 0.24 0.24 0.23 0.23 0.23 0.22 0.22 0.22 0.22 0.22 0.22 0.22 0.22 0.22 0.22 0.22 0.22 0.22 0.22 0.21 0.21 0.20 0.19 0.18 0.17 0.16 0.14 0.13 0.12 0.11 0.10 0.10 0.10 0.11 0.12 0.13 0.14 0.16 0.17 0.18 0.19 0.20 0.21 0.21 0.21 0.21 0.21 0.21 0.20 0.20 0.19 0.18 0.17 0.16
0.22 0.22 0.22 0.22 0.22 0.22 0.22 0.22 0.22 0.22 0.22 0.22 0.23 0.23 0.23 0.24 0.24 0.25 0.25 0.25 0.26 0.26 0.26 0.26 0.26 0.26 0.25 0.25 0.24 0.24 0.24 0.23 0.23 0.23 0.22 0.22 0.22 0.22 0.22 0.22 0.22 0.22 0.22 0.22 0.22 0.22 0.22 0.22 0.22 0.21 0.21 0.20 0.19 0.18 0.17 0.16 0.14 0.13 0.11 0.10 0.10 0.09 0.10 0.10 0.11 0.13 0.14 0.16 0.17 0.18 0.19 0.20 0.21 0.21 0.21 0.21 0.21 0.21 0.21 0.20 0.19 0.19 0.18 0.17
0.22 0.22 0.22 0.22 0.22 0.22 0.22 0.22 0.22 0.22 0.22 0.22 0.22 0.23 0.23 0.23 0.23 0.24 0.24 0.24 0.24 0.25 0.25 0.25 0.25 0.24 0.24 0.24 0.24 0.23 0.23 0.23 0.23 0.22 0.22 0.22 0.22 0.22 0.22 0.22 0.22 0.22 0.22 0.22 0.22 0.22 0.22 0.22 0.22 0.21 0.21 0.20 0.19 0.18 0.17 0.15 0.14 0.12 0.11 0.10 0.09 0.09 0.09 0.10 0.11 0.12 0.14 0.15 0.17 0.18 0.19 0.20 0.21 0.21 0.21 0.21 0.21 0.21 0.21 0.20 0.20 0.19 0.19 0.18
0.22 0.22 0.22 0.22 0.22 0.22 0.22 0.22 0.22 0.22 0.22 0.22 0.22 0.22 0.22 0.23 0.23 0.23 0.23 0.23 0.23 0.24 0.24 0.24 0.24 0.23 0.23 0.23 0.23 0.23 0.23 0.22 0.22 0.22 0.22 0.22 0.22 0.22 0.22 0.22 0.22 0.22 0.22 0.22 0.22 0.22 0.22 0.22 0.22 0.21 0.21 0.20 0.19 0.18 0.17 0.16 0.14 0.13 0.11 0.10 0.10 0.09 0.10 0.10 0.11 0.13 0.14 0.16 0.17 0.18 0.19 0.20 0.21 0.21 0.21 0.21 0.21 0.21 0.21 0.21 0.20 0.20 0.20 0.19
0.22 0.22 0.22 0.22 0.22 0.22 0.22 0.22 0.22 0.22 0.22 0.22 0.22 0.22 0.22 0.22 0.22 0.23 0.23 0.23 0.23 0.23 0.23 0.23 0.23 0.23 0.23 0.23 0.23 0.22 0.22 0.22 0.22 0.22 0.22 0.22 0.22 0.22 0.22 0.22 0.22 0.22 0.22 0.22 0.22 0.22 0.22 0.22 0.22 0.21 0.21 0.20 0.19 0.18 0.17 0.16 0.15 0.13 0.12 0.11 0.10 0.10 0.10 0.11 0.12 0.13 0.15 0.16 0.17 0.18 0.19 0.20 0.21 0.21 0.21 0.22 0.22 0.22 0.21 0.21 0.21 0.21 0.20 0.20
0.22 0.22 0.22 0.22 0.22 0.22 0.22 0.22 0.22 0.22 0.22 0.22 0.22 0.22 0.22 0.22 0.22 0.22 0.22 0.22 0.22 0.23 0.23 0.23 0.23 0.22 0.22 0.22 0.22 0.22 0.22 0.22 0.22 0.22 0.22 0.22 0.22 0.22 0.22 0.22 0.22 0.22 0.22 0.22 0.22 0.22 0.22 0.22 0.22 0.21 0.21 0.20 0.20 0.19 0.18 0.16 0.15 0.14 0.13 0.12 0.11 0.11 0.11 0.12 0.13 0.14 0.15 0.16 0.18 0.19 0.20 0.20 0.21 0.21 0.22 0.22 0.22 0.22 0.22 0.21 0.21 0.21 0.21 0.21
0.22 0.22 0.22 0.22 0.22 0.22 0.22 0.22 0.22 0.22 0.22 0.22 0.22 0.22 0.22 0.22 0.22 0.22 0.22 0.22 0.22 0.22 0.22 0.22 0.22 0.22 0.22 0.22 0.22 0.22 0.22 0.22 0.22 0.22 0.22 0.22 0.22 0.22 0.22 0.22 0.22 0.22 0.22 0.22 0.22 0.22 0.22 0.22 0.22 0.21 0.21 0.21 0.20 0.19 0.18 0.17 0.16 0.15 0.14 0.13 0.13 0.12 0.13 0.13 0.14 0.15 0.16 0.17 0.18 0.19 0.20 0.21 0.21 0.21 0.22 0.22 0.22 0.22 0.22 0.22 0.22 0.21 0.21 0.21
0.22 0.22 0.22 0.22 0.22 0.22 0.22 0.22 0.22 0.22 0.22 0.22 0.22 0.22 0.22 0.22 0.22 0.22 0.22 0.22 0.22 0.22 0.22 0.22 0.22 0.22 0.22 0.22 0.22 0.22 0.22 0.22 0.22 0.22 0.22 0.22 0.22 0.22 0.22 0.22 0.22 0.22 0.22 0.22 0.22 0.22 0.22 0.22 0.22 0.22 0.21 0.21 0.20 0.20 0.19 0.18 0.17 0.16 0.15 0.14 0.14 0.14 0.14 0.14 0.15 0.16 0.17 0.18 0.19 0.20 0.20 0.21 0.21 0.21 0.22 0.22 0.22 0.22 0.22 0.22 0.22 0.22 0.22 0.21
0.22 0.22 0.22 0.22 0.22 0.22 0.22 0.22 0.22 0.22 0.22 0.22 0.22 0.22 0.22 0.22 0.22 0.22 0.22 0.22 0.22 0.22 0.22 0.22 0.22 0.22 0.22 0.22 0.22 0.22 0.22 0.22 0.22 0.22 0.22 0.22 0.22 0.22 0.22 0.22 0.22 0.22 0.22 0.22 0.22 0.22 0.22 0.22 0.22 0.22 0.21 0.21 0.21 0.20 0.19 0.19 0.18 0.17 0.16 0.16 0.16 0.15 0.16 0.16 0.16 0.17 0.18 0.19 0.19 0.20 0.21 0.21 0.21 0.22 0.22 0.22 0.22 0.22 0.22 0.22 0.22 0.22 0.22 0.22
0.21 0.22 0.22 0.22 0.22 0.22 0.22 0.22 0.22 0.22 0.22 0.22 0.22 0.22 0.22 0.22 0.22 0.22 0.22 0.22 0.22 0.22 0.22 0.22 0.22 0.22 0.22 0.22 0.22 0.22 0.22 0.22 0.22 0.22 0.22 0.22 0.22 0.22 0.22 0.22 0.22 0.22 0.22 0.22 0.22 0.22 0.22 0.22 0.22 0.22 0.22 0.21 0.21 0.20 0.20 0.19 0.19 0.18 0.18 0.17 0.17 0.17 0.17 0.17 0.18 0.18 0.19 0.19 0.20 0.20 0.21 0.21 0.22 0.22 0.22 0.22 0.22 0.22 0.22 0.22 0.22 0.22 0.22 0.22
