speedsAfterKrig/output_residuos_36_2007.asc
NCOLS          173       
NROWS          329       
XLLCENTER      510425.00 
YLLCENTER      8547775.00
DX             50.00     
DY             50.00     
NODATA_VALUE   -999.00   
[rows 259 to 295 of 329, columns 83 to 165 of 173]
-0.00 0.03 0.07 0.11 0.16 0.21 0.27 0.33 0.40 0.48 0.55 0.64 0.72 0.81 0.90 1.00 1.09 1.19 1.29 1.39 1.48 1.57 1.66 1.75 1.83 1.91 1.98 2.04 2.10 2.15 2.19 2.22 2.24 2.26 2.26 2.25 2.24 2.21 2.18 2.13 2.08 2.02 1.95 1.87 1.79 1.70 1.61 1.51 1.41 1.31 1.21 1.11 1.00 0.90 0.80 0.70 0.60 0.51 0.43 0.34 0.27 0.20 0.13 0.07 0.02 -0.03 -0.07 -0.10 -0.13 -0.15 -0.17 -0.18 -0.19 -0.20 -0.20 -0.19 -0.19 -0.18 -0.16 -0.15 -0.14 -0.12 -0.10
-0.03 0.00 0.04 0.08 0.12 0.18 0.23 0.30 0.36 0.44 0.51 0.60 0.68 0.77 0.87 0.96 1.06 1.16 1.26 1.36 1.46 1.55 1.65 1.74 1.83 1.91 1.99 2.06 2.12 2.17 2.22 2.26 2.29 2.30 2.31 2.31 2.30 2.28 2.24 2.20 2.15 2.09 2.03 1.95 1.87 1.78 1.69 1.59 1.49 1.38 1.27 1.17 1.06 0.95 0.85 0.75 0.65 0.55 0.46 0.37 0.29 0.22 0.15 0.09 0.03 -0.02 -0.06 -0.10 -0.13 -0.16 -0.18 -0.19 -0.20 -0.21 -0.21 -0.20 -0.20 -0.19 -0.18 -0.16 -0.15 -0.13 -0.11
-0.06 -0.03 0.01 0.05 0.09 0.14 0.20 0.26 0.33 0.40 0.47 0.56 0.64 0.73 0.83 0.93 1.03 1.13 1.23 1.33 1.44 1.54 1.64 1.73 1.83 1.91 2.00 2.07 2.14 2.20 2.25 2.30 2.33 2.35 2.37 2.37 2.36 2.35 2.32 2.28 2.23 2.17 2.11 2.03 1.95 1.86 1.77 1.67 1.56 1.45 1.34 1.23 1.12 1.01 0.90 0.80 0.69 0.59 0.50 0.40 0.32 0.24 0.17 0.10 0.04 -0.01 -0.06 -0.10 -0.14 -0.16 -0.18 -0.20 -0.21 -0.22 -0.22 -0.22 -0.21 -0.20 -0.19 -0.18 -0.16 -0.14 -0.12
-0.08 -0.05 -0.02 0.02 0.06 0.11 0.16 0.22 0.29 0.36 0.43 0.52 0.60 0.70 0.79 0.89 0.99 1.10 1.20 1.31 1.42 1.52 1.63 1.73 1.83 1.92 2.01 2.09 2.17 2.23 2.29 2.34 2.38 2.41 2.43 2.44 2.43 2.42 2.40 2.36 2.31 2.26 2.19 2.12 2.04 1.95 1.85 1.75 1.64 1.53 1.42 1.30 1.19 1.07 0.96 0.85 0.74 0.63 0.53 0.44 0.35 0.26 0.19 0.11 0.05 -0.01 -0.06 -0.10 -0.14 -0.17 -0.19 -0.21 -0.22 -0.23 -0.23 -0.23 -0.22 -0.21 -0.20 -0.19 -0.17 -0.15 -0.14
-0.11 -0.08 -0.05 -0.02 0.03 0.07 0.13 0.18 0.25 0.32 0.40 0.48 0.57 0.66 0.76 0.86 0.96 1.07 1.18 1.29 1.40 1.51 1.62 1.73 1.83 1.93 2.02 2.11 2.19 2.27 2.33 2.39 2.43 2.47 2.49 2.51 2.51 2.50 2.48 2.45 2.40 2.35 2.28 2.21 2.13 2.04 1.94 1.84 1.73 1.61 1.50 1.38 1.26 1.14 1.02 0.90 0.79 0.68 0.57 0.47 0.38 0.29 0.21 0.13 0.06 0.00 -0.05 -0.10 -0.14 -0.17 -0.20 -0.22 -0.23 -0.24 -0.24 -0.24 -0.24 -0.23 -0.22 -0.20 -0.18 -0.17 -0.15
-0.13 -0.11 -0.08 -0.05 -0.01 0.04 0.09 0.15 0.21 0.28 0.36 0.44 0.53 0.62 0.72 0.83 0.93 1.04 1.16 1.27 1.39 1.50 1.62 1.73 1.84 1.94 2.04 2.14 2.23 2.31 2.38 2.44 2.49 2.53 2.56 2.58 2.59 2.58 2.57 2.54 2.49 2.44 2.38 2.31 2.22 2.13 2.03 1.93 1.81 1.70 1.58 1.46 1.33 1.21 1.08 0.96 0.84 0.73 0.62 0.51 0.41 0.32 0.23 0.15 0.08 0.01 -0.04 -0.09 -0.14 -0.17 -0.20 -0.22 -0.24 -0.25 -0.25 -0.25 -0.25 -0.24 -0.23 -0.21 -0.20 -0.18 -0.16
-0.16 -0.13 -0.11 -0.08 -0.04 0.01 0.06 0.11 0.18 0.25 0.32 0.41 0.50 0.59 0.69 0.80 0.91 1.02 1.14 1.25 1.37 1.49 1.61 1.73 1.85 1.96 2.07 2.17 2.26 2.35 2.43 2.50 2.55 2.60 2.64 2.66 2.67 2.67 2.66 2.63 2.59 2.54 2.48 2.41 2.32 2.23 2.13 2.02 1.91 1.79 1.66 1.53 1.41 1.28 1.15 1.02 0.90 0.78 0.66 0.55 0.44 0.34 0.25 0.17 0.09 0.02 -0.04 -0.09 -0.14 -0.17 -0.20 -0.23 -0.25 -0.26 -0.26 -0.26 -0.26 -0.25 -0.24 -0.23 -0.21 -0.19 -0.17
-0.18 -0.16 -0.14 -0.10 -0.07 -0.03 0.02 0.08 0.14 0.21 0.29 0.37 0.46 0.56 0.66 0.77 0.88 1.00 1.12 1.24 1.37 1.49 1.62 1.74 1.86 1.98 2.09 2.20 2.30 2.40 2.48 2.56 2.62 2.67 2.71 2.74 2.76 2.76 2.75 2.73 2.69 2.64 2.58 2.51 2.43 2.33 2.23 2.12 2.00 1.88 1.75 1.62 1.48 1.35 1.22 1.08 0.95 0.83 0.70 0.59 0.48 0.37 0.28 0.19 0.11 0.04 -0.03 -0.09 -0.13 -0.17 -0.21 -0.23 -0.25 -0.27 -0.27 -0.27 -0.27 -0.26 -0.25 -0.24 -0.22 -0.20 -0.18
-0.20 -0.18 -0.16 -0.13 -0.10 -0.06 -0.01 0.05 0.11 0.18 0.26 0.34 0.43 0.53 0.63 0.74 0.86 0.98 1.10 1.23 1.36 1.49 1.62 1.75 1.88 2.00 2.12 2.24 2.35 2.45 2.54 2.62 2.69 2.75 2.80 2.83 2.85 2.86 2.85 2.83 2.80 2.75 2.69 2.61 2.53 2.44 2.33 2.22 2.10 1.97 1.84 1.70 1.56 1.42 1.28 1.15 1.01 0.88 0.75 0.63 0.51 0.40 0.30 0.21 0.12 0.05 -0.02 -0.08 -0.13 -0.18 -0.21 -0.24 -0.26 -0.27 -0.28 -0.28 -0.28 -0.27 -0.26 -0.25 -0.23 -0.21 -0.19
-0.22 -0.21 -0.19 -0.16 -0.12 -0.08 -0.04 0.02 0.08 0.15 0.23 0.31 0.41 0.50 0.61 0.72 0.84 0.96 1.09 1.22 1.36 1.49 1.63 1.77 1.90 2.03 2.16 2.28 2.39 2.50 2.60 2.69 2.76 2.83 2.88 2.92 2.94 2.95 2.95 2.93 2.90 2.85 2.79 2.72 2.64 2.54 2.43 2.32 2.19 2.06 1.93 1.79 1.64 1.50 1.35 1.21 1.07 0.93 0.80 0.67 0.55 0.44 0.33 0.23 0.14 0.06 -0.01 -0.07 -0.13 -0.18 -0.21 -0.24 -0.27 -0.28 -0.29 -0.29 -0.29 -0.29 -0.28 -0.26 -0.25 -0.23 -0.21
-0.24 -0.23 -0.21 -0.18 -0.15 -0.11 -0.06 -0.01 0.05 0.12 0.20 0.29 0.38 0.48 0.59 0.70 0.83 0.95 1.08 1.22 1.36 1.50 1.64 1.78 1.92 2.06 2.19 2.32 2.44 2.55 2.66 2.75 2.84 2.91 2.96 3.01 3.04 3.05 3.05 3.04 3.01 2.96 2.90 2.83 2.74 2.65 2.54 2.42 2.29 2.16 2.02 1.87 1.72 1.57 1.42 1.27 1.13 0.98 0.85 0.71 0.59 0.47 0.36 0.25 0.16 0.07 -0.00 -0.07 -0.13 -0.18 -0.22 -0.25 -0.27 -0.29 -0.30 -0.30 -0.30 -0.30 -0.29 -0.27 -0.26 -0.24 -0.22
-0.26 -0.25 -0.23 -0.20 -0.17 -0.13 -0.09 -0.03 0.03 0.10 0.18 0.26 0.36 0.46 0.57 0.69 0.81 0.94 1.08 1.22 1.36 1.51 1.65 1.80 1.95 2.09 2.23 2.36 2.49 2.61 2.72 2.82 2.91 2.99 3.05 3.10 3.13 3.15 3.15 3.14 3.11 3.07 3.01 2.94 2.85 2.75 2.64 2.52 2.39 2.25 2.10 1.96 1.80 1.65 1.49 1.34 1.19 1.04 0.89 0.75 0.62 0.50 0.38 0.27 0.18 0.09 0.01 -0.06 -0.12 -0.17 -0.22 -0.25 -0.28 -0.30 -0.31 -0.31 -0.31 -0.31 -0.30 -0.28 -0.27 -0.25 -0.23
-0.28 -0.27 -0.25 -0.22 -0.19 -0.15 -0.11 -0.05 0.01 0.08 0.16 0.25 0.34 0.44 0.56 0.68 0.80 0.94 1.08 1.22 1.37 1.52 1.67 1.82 1.97 2.12 2.27 2.41 2.54 2.67 2.79 2.89 2.99 3.07 3.13 3.19 3.23 3.25 3.25 3.24 3.22 3.17 3.11 3.04 2.95 2.85 2.74 2.62 2.48 2.34 2.19 2.04 1.88 1.72 1.56 1.40 1.24 1.09 0.94 0.80 0.66 0.53 0.41 0.30 0.19 0.10 0.02 -0.06 -0.12 -0.17 -0.22 -0.25 -0.28 -0.30 -0.32 -0.32 -0.32 -0.32 -0.31 -0.29 -0.28 -0.26 -0.24
-0.29 -0.28 -0.26 -0.24 -0.21 -0.17 -0.13 -0.07 -0.01 0.06 0.14 0.23 0.33 0.43 0.55 0.67 0.80 0.93 1.08 1.22 1.38 1.53 1.69 1.85 2.00 2.16 2.31 2.45 2.59 2.73 2.85 2.96 3.06 3.15 3.22 3.28 3.32 3.34 3.35 3.34 3.32 3.28 3.22 3.14 3.06 2.95 2.84 2.71 2.57 2.43 2.28 2.12 1.96 1.79 1.63 1.46 1.30 1.14 0.98 0.83 0.69 0.56 0.43 0.32 0.21 0.11 0.03 -0.05 -0.12 -0.17 -0.22 -0.26 -0.29 -0.31 -0.32 -0.33 -0.33 -0.33 -0.32 -0.30 -0.29 -0.27 -0.25
-0.31 -0.30 -0.28 -0.26 -0.23 -0.19 -0.14 -0.09 -0.03 0.04 0.12 0.21 0.31 0.42 0.54 0.66 0.79 0.93 1.08 1.23 1.39 1.55 1.71 1.87 2.03 2.19 2.35 2.50 2.65 2.78 2.91 3.03 3.13 3.22 3.30 3.36 3.41 3.43 3.44 3.44 3.41 3.37 3.32 3.24 3.15 3.05 2.93 2.80 2.66 2.51 2.36 2.20 2.03 1.86 1.69 1.52 1.35 1.19 1.03 0.87 0.73 0.59 0.46 0.34 0.23 0.13 0.04 -0.04 -0.11 -0.17 -0.22 -0.26 -0.29 -0.31 -0.33 -0.34 -0.34 -0.33 -0.33 -0.31 -0.30 -0.28 -0.25
-0.32 -0.31 -0.29 -0.27 -0.24 -0.20 -0.16 -0.10 -0.04 0.03 0.11 0.20 0.30 0.41 0.53 0.66 0.79 0.93 1.08 1.24 1.40 1.56 1.73 1.89 2.06 2.23 2.39 2.54 2.69 2.84 2.97 3.09 3.20 3.30 3.38 3.44 3.49 3.52 3.53 3.53 3.51 3.47 3.41 3.34 3.24 3.14 3.02 2.89 2.75 2.59 2.43 2.27 2.10 1.92 1.75 1.57 1.40 1.23 1.07 0.91 0.76 0.61 0.48 0.36 0.24 0.14 0.05 -0.04 -0.11 -0.17 -0.22 -0.26 -0.30 -0.32 -0.34 -0.34 -0.35 -0.34 -0.33 -0.32 -0.30 -0.28 -0.26
-0.33 -0.32 -0.30 -0.28 -0.25 -0.21 -0.17 -0.11 -0.05 0.02 0.10 0.19 0.30 0.41 0.53 0.65 0.79 0.94 1.09 1.25 1.41 1.58 1.75 1.92 2.09 2.26 2.43 2.59 2.74 2.89 3.03 3.15 3.27 3.36 3.45 3.52 3.57 3.60 3.62 3.61 3.59 3.55 3.50 3.42 3.33 3.22 3.10 2.97 2.82 2.67 2.50 2.33 2.16 1.98 1.80 1.62 1.45 1.27 1.10 0.94 0.79 0.64 0.50 0.37 0.26 0.15 0.05 -0.03 -0.11 -0.17 -0.22 -0.27 -0.30 -0.32 -0.34 -0.35 -0.35 -0.35 -0.34 -0.33 -0.31 -0.29 -0.27
-0.33 -0.32 -0.31 -0.28 -0.26 -0.22 -0.17 -0.12 -0.06 0.02 0.10 0.19 0.29 0.40 0.52 0.65 0.79 0.94 1.09 1.26 1.42 1.59 1.77 1.94 2.12 2.29 2.46 2.63 2.79 2.94 3.08 3.21 3.32 3.43 3.52 3.59 3.64 3.68 3.69 3.69 3.67 3.63 3.58 3.50 3.41 3.30 3.18 3.04 2.89 2.74 2.57 2.40 2.22 2.04 1.85 1.67 1.49 1.31 1.14 0.97 0.81 0.66 0.52 0.39 0.27 0.16 0.06 -0.03 -0.10 -0.17 -0.22 -0.27 -0.30 -0.33 -0.35 -0.36 -0.36 -0.36 -0.35 -0.34 -0.32 -0.30 -0.28
-0.34 -0.33 -0.31 -0.29 -0.26 -0.22 -0.18 -0.12 -0.06 0.01 0.09 0.19 0.29 0.40 0.52 0.66 0.80 0.95 1.10 1.27 1.43 1.61 1.78 1.96 2.14 2.32 2.49 2.66 2.82 2.98 3.12 3.26 3.38 3.48 3.57 3.65 3.70 3.74 3.76 3.76 3.74 3.70 3.65 3.57 3.48 3.37 3.24 3.11 2.96 2.80 2.63 2.45 2.27 2.08 1.90 1.71 1.53 1.34 1.17 1.00 0.84 0.68 0.54 0.40 0.28 0.17 0.07 -0.02 -0.10 -0.17 -0.22 -0.27 -0.31 -0.33 -0.35 -0.36 -0.37 -0.36 -0.36 -0.34 -0.33 -0.31 -0.28
-0.34 -0.33 -0.31 -0.29 -0.26 -0.23 -0.18 -0.13 -0.06 0.01 0.09 0.19 0.29 0.40 0.53 0.66 0.80 0.95 1.11 1.28 1.45 1.62 1.80 1.98 2.16 2.34 2.52 2.69 2.86 3.02 3.16 3.30 3.42 3.53 3.63 3.70 3.76 3.80 3.82 3.82 3.80 3.76 3.71 3.63 3.54 3.43 3.30 3.16 3.01 2.85 2.67 2.50 2.31 2.12 1.93 1.74 1.56 1.37 1.19 1.02 0.86 0.70 0.55 0.42 0.29 0.18 0.07 -0.02 -0.10 -0.17 -0.22 -0.27 -0.31 -0.34 -0.36 -0.37 -0.37 -0.37 -0.36 -0.35 -0.33 -0.31 -0.29
-0.34 -0.33 -0.31 -0.29 -0.26 -0.23 -0.18 -0.13 -0.06 0.01 0.09 0.19 0.29 0.40 0.53 0.66 0.81 0.96 1.12 1.28 1.46 1.64 1.82 2.00 2.18 2.37 2.54 2.72 2.89 3.05 3.20 3.34 3.46 3.57 3.67 3.75 3.80 3.85 3.87 3.87 3.85 3.81 3.75 3.68 3.58 3.47 3.35 3.21 3.05 2.89 2.71 2.53 2.35 2.16 1.96 1.77 1.58 1.40 1.21 1.04 0.87 0.71 0.56 0.42 0.30 0.18 0.08 -0.02 -0.10 -0.17 -0.23 -0.27 -0.31 -0.34 -0.36 -0.37 -0.38 -0.37 -0.37 -0.35 -0.34 -0.32 -0.29
-0.33 -0.32 -0.31 -0.29 -0.26 -0.22 -0.18 -0.12 -0.06 0.01 0.10 0.19 0.29 0.41 0.53 0.67 0.81 0.96 1.12 1.29 1.47 1.65 1.83 2.01 2.20 2.38 2.56 2.74 2.91 3.07 3.22 3.36 3.49 3.60 3.70 3.78 3.84 3.88 3.90 3.90 3.89 3.85 3.79 3.72 3.62 3.51 3.38 3.24 3.09 2.92 2.74 2.56 2.37 2.18 1.99 1.79 1.60 1.41 1.23 1.05 0.88 0.72 0.57 0.43 0.30 0.18 0.08 -0.02 -0.10 -0.17 -0.23 -0.28 -0.31 -0.34 -0.36 -0.38 -0.38 -0.38 -0.37 -0.36 -0.34 -0.32 -0.30
-0.33 -0.32 -0.31 -0.28 -0.25 -0.22 -0.17 -0.12 -0.06 0.02 0.10 0.19 0.30 0.41 0.54 0.67 0.82 0.97 1.13 1.30 1.47 1.65 1.84 2.02 2.21 2.39 2.57 2.75 2.92 3.09 3.24 3.38 3.51 3.62 3.72 3.80 3.86 3.90 3.93 3.93 3.91 3.87 3.82 3.74 3.65 3.53 3.41 3.26 3.11 2.94 2.76 2.58 2.39 2.20 2.00 1.81 1.61 1.42 1.24 1.06 0.89 0.73 0.58 0.43 0.30 0.19 0.08 -0.02 -0.10 -0.17 -0.23 -0.28 -0.32 -0.35 -0.37 -0.38 -0.38 -0.38 -0.37 -0.36 -0.34 -0.32 -0.30
-0.32 -0.31 -0.30 -0.28 -0.25 -0.21 -0.17 -0.11 -0.05 0.02 0.11 0.20 0.30 0.42 0.54 0.68 0.82 0.97 1.14 1.30 1.48 1.66 1.84 2.03 2.21 2.40 2.58 2.76 2.93 3.09 3.25 3.39 3.52 3.63 3.73 3.81 3.87 3.91 3.94 3.94 3.92 3.89 3.83 3.75 3.66 3.54 3.42 3.27 3.12 2.95 2.77 2.59 2.40 2.20 2.01 1.81 1.62 1.43 1.24 1.06 0.89 0.73 0.58 0.43 0.30 0.18 0.08 -0.02 -0.10 -0.17 -0.23 -0.28 -0.32 -0.35 -0.37 -0.38 -0.39 -0.38 -0.38 -0.36 -0.35 -0.32 -0.30
-0.31 -0.31 -0.29 -0.27 -0.24 -0.20 -0.16 -0.10 -0.04 0.03 0.11 0.21 0.31 0.42 0.55 0.68 0.83 0.98 1.14 1.31 1.48 1.66 1.84 2.03 2.21 2.40 2.58 2.76 2.93 3.09 3.24 3.39 3.51 3.63 3.73 3.81 3.87 3.91 3.93 3.94 3.92 3.88 3.83 3.75 3.65 3.54 3.41 3.27 3.12 2.95 2.77 2.59 2.40 2.20 2.01 1.81 1.62 1.43 1.24 1.06 0.89 0.73 0.57 0.43 0.30 0.18 0.08 -0.02 -0.10 -0.17 -0.23 -0.28 -0.32 -0.35 -0.37 -0.38 -0.39 -0.39 -0.38 -0.36 -0.35 -0.33 -0.30
-0.30 -0.30 -0.28 -0.26 -0.23 -0.19 -0.15 -0.09 -0.03 0.04 0.12 0.21 0.32 0.43 0.55 0.69 0.83 0.98 1.14 1.31 1.48 1.66 1.84 2.02 2.21 2.39 2.57 2.75 2.92 3.08 3.23 3.37 3.50 3.61 3.71 3.79 3.85 3.90 3.92 3.92 3.90 3.87 3.81 3.73 3.64 3.53 3.40 3.26 3.10 2.94 2.76 2.58 2.39 2.19 2.00 1.80 1.61 1.42 1.23 1.05 0.88 0.72 0.57 0.43 0.30 0.18 0.07 -0.02 -0.11 -0.18 -0.24 -0.29 -0.32 -0.35 -0.37 -0.38 -0.39 -0.39 -0.38 -0.36 -0.35 -0.33 -0.30
-0.29 -0.28 -0.27 -0.25 -0.22 -0.18 -0.14 -0.08 -0.02 0.05 0.13 0.22 0.32 0.44 0.56 0.69 0.83 0.98 1.14 1.30 1.47 1.65 1.83 2.01 2.19 2.37 2.55 2.73 2.90 3.06 3.21 3.35 3.47 3.59 3.68 3.76 3.82 3.87 3.89 3.89 3.87 3.84 3.78 3.71 3.61 3.50 3.37 3.23 3.08 2.91 2.74 2.55 2.36 2.17 1.98 1.78 1.59 1.40 1.22 1.04 0.87 0.71 0.56 0.42 0.29 0.17 0.07 -0.03 -0.11 -0.18 -0.24 -0.29 -0.33 -0.35 -0.37 -0.38 -0.39 -0.39 -0.38 -0.36 -0.35 -0.33 -0.30
-0.28 -0.27 -0.25 -0.23 -0.20 -0.17 -0.12 -0.07 -0.01 0.06 0.14 0.23 0.33 0.44 0.56 0.69 0.83 0.98 1.13 1.29 1.46 1.64 1.81 1.99 2.17 2.35 2.53 2.70 2.87 3.03 3.18 3.31 3.44 3.55 3.64 3.72 3.78 3.82 3.85 3.85 3.83 3.79 3.74 3.66 3.57 3.46 3.33 3.19 3.04 2.88 2.70 2.52 2.33 2.14 1.95 1.76 1.57 1.38 1.20 1.02 0.86 0.70 0.55 0.41 0.28 0.16 0.06 -0.03 -0.11 -0.18 -0.24 -0.29 -0.33 -0.35 -0.37 -0.38 -0.39 -0.39 -0.38 -0.36 -0.35 -0.32 -0.30
-0.27 -0.26 -0.24 -0.22 -0.19 -0.15 -0.11 -0.06 0.00 0.07 0.15 0.24 0.34 0.45 0.56 0.69 0.83 0.97 1.12 1.28 1.45 1.62 1.79 1.97 2.15 2.32 2.50 2.67 2.83 2.99 3.13 3.27 3.39 3.50 3.59 3.67 3.73 3.77 3.79 3.79 3.77 3.74 3.68 3.61 3.51 3.41 3.28 3.14 2.99 2.83 2.66 2.48 2.29 2.11 1.92 1.73 1.54 1.35 1.17 1.00 0.84 0.68 0.53 0.39 0.27 0.15 0.05 -0.04 -0.12 -0.19 -0.25 -0.29 -0.33 -0.36 -0.37 -0.38 -0.39 -0.38 -0.37 -0.36 -0.34 -0.32 -0.30
-0.25 -0.24 -0.23 -0.20 -0.18 -0.14 -0.10 -0.05 0.01 0.08 0.16 0.25 0.34 0.45 0.56 0.69 0.82 0.96 1.11 1.27 1.43 1.60 1.77 1.94 2.11 2.29 2.46 2.62 2.78 2.94 3.08 3.21 3.33 3.44 3.53 3.60 3.66 3.70 3.72 3.72 3.70 3.67 3.61 3.54 3.45 3.34 3.22 3.08 2.93 2.77 2.60 2.43 2.25 2.06 1.87 1.69 1.50 1.32 1.14 0.97 0.81 0.66 0.51 0.38 0.25 0.14 0.04 -0.05 -0.13 -0.19 -0.25 -0.29 -0.33 -0.35 -0.37 -0.38 -0.38 -0.38 -0.37 -0.36 -0.34 -0.32 -0.29
-0.24 -0.23 -0.21 -0.19 -0.16 -0.13 -0.08 -0.03 0.02 0.09 0.17 0.25 0.35 0.45 0.56 0.69 0.82 0.95 1.10 1.25 1.41 1.57 1.74 1.91 2.08 2.24 2.41 2.57 2.73 2.88 3.02 3.14 3.26 3.36 3.45 3.53 3.58 3.62 3.64 3.64 3.62 3.59 3.53 3.46 3.37 3.26 3.14 3.01 2.86 2.71 2.54 2.37 2.19 2.01 1.82 1.64 1.46 1.28 1.11 0.94 0.78 0.63 0.49 0.36 0.24 0.13 0.03 -0.06 -0.13 -0.20 -0.25 -0.29 -0.33 -0.35 -0.37 -0.38 -0.38 -0.38 -0.37 -0.35 -0.33 -0.31 -0.29
-0.22 -0.21 -0.20 -0.17 -0.15 -0.11 -0.07 -0.02 0.04 0.10 0.18 0.26 0.35 0.45 0.56 0.68 0.81 0.94 1.08 1.23 1.38 1.54 1.70 1.87 2.03 2.19 2.36 2.51 2.66 2.81 2.94 3.07 3.18 3.28 3.37 3.44 3.49 3.53 3.55 3.55 3.53 3.49 3.44 3.37 3.28 3.18 3.06 2.93 2.78 2.63 2.47 2.30 2.13 1.95 1.77 1.59 1.41 1.24 1.07 0.91 0.75 0.61 0.47 0.34 0.22 0.12 0.02 -0.06 -0.14 -0.20 -0.25 -0.30 -0.33 -0.35 -0.37 -0.38 -0.38 -0.37 -0.36 -0.35 -0.33 -0.31 -0.28
-0.21 -0.20 -0.18 -0.16 -0.13 -0.10 -0.06 -0.01 0.05 0.11 0.18 0.26 0.35 0.45 0.56 0.67 0.79 0.92 1.06 1.21 1.35 1.51 1.66 1.82 1.98 2.14 2.29 2.45 2.59 2.73 2.86 2.98 3.09 3.19 3.27 3.34 3.39 3.43 3.44 3.44 3.42 3.39 3.34 3.27 3.18 3.08 2.96 2.84 2.70 2.55 2.39 2.22 2.05 1.88 1.71 1.53 1.36 1.19 1.03 0.87 0.72 0.58 0.44 0.32 0.20 0.10 0.01 -0.07 -0.14 -0.20 -0.26 -0.30 -0.33 -0.35 -0.36 -0.37 -0.37 -0.37 -0.36 -0.34 -0.32 -0.30 -0.28
-0.19 -0.18 -0.16 -0.14 -0.11 -0.08 -0.04 0.00 0.06 0.12 0.19 0.27 0.35 0.45 0.55 0.66 0.78 0.91 1.04 1.18 1.32 1.47 1.62 1.77 1.92 2.08 2.23 2.37 2.51 2.65 2.77 2.89 3.00 3.09 3.17 3.23 3.28 3.31 3.33 3.33 3.31 3.28 3.22 3.16 3.07 2.97 2.86 2.74 2.60 2.45 2.30 2.14 1.98 1.81 1.64 1.47 1.30 1.14 0.98 0.83 0.68 0.54 0.42 0.30 0.19 0.09 -0.00 -0.08 -0.15 -0.21 -0.26 -0.30 -0.32 -0.35 -0.36 -0.37 -0.37 -0.36 -0.35 -0.33 -0.32 -0.29 -0.27
-0.18 -0.16 -0.15 -0.13 -0.10 -0.07 -0.03 0.02 0.07 0.13 0.20 0.27 0.35 0.44 0.54 0.65 0.76 0.89 1.01 1.15 1.28 1.43 1.57 1.72 1.86 2.01 2.15 2.29 2.43 2.56 2.68 2.79 2.89 2.98 3.06 3.12 3.16 3.19 3.21 3.21 3.19 3.15 3.10 3.04 2.95 2.86 2.75 2.63 2.50 2.36 2.21 2.05 1.89 1.73 1.57 1.41 1.25 1.09 0.93 0.79 0.64 0.51 0.39 0.27 0.17 0.07 -0.02 -0.09 -0.16 -0.21 -0.26 -0.29 -0.32 -0.34 -0.35 -0.36 -0.36 -0.35 -0.34 -0.33 -0.31 -0.29 -0.26
-0.16 -0.15 -0.13 -0.11 -0.09 -0.05 -0.02 0.03 0.08 0.13 0.20 0.27 0.35 0.44 0.53 0.64 0.75 0.86 0.98 1.11 1.24 1.38 1.52 1.66 1.80 1.94 2.08 2.21 2.34 2.46 2.58 2.68 2.78 2.86 2.94 2.99 3.04 3.07 3.08 3.08 3.06 3.02 2.97 2.91 2.83 2.74 2.63 2.52 2.39 2.25 2.11 1.96 1.81 1.65 1.49 1.34 1.18 1.03 0.88 0.74 0.61 0.48 0.36 0.25 0.15 0.05 -0.03 -0.10 -0.16 -0.21 -0.26 -0.29 -0.32 -0.34 -0.35 -0.35 -0.35 -0.34 -0.33 -0.32 -0.30 -0.28 -0.25
-0.15 -0.13 -0.12 -0.10 -0.07 -0.04 -0.01 0.04 0.09 0.14 0.20 0.27 0.35 0.43 0.52 0.62 0.72 0.84 0.95 1.07 1.20 1.33 1.46 1.60 1.73 1.86 1.99 2.12 2.24 2.36 2.47 2.57 2.66 2.74 2.81 2.87 2.91 2.93 2.95 2.94 2.92 2.89 2.84 2.78 2.70 2.61 2.51 2.40 2.28 2.15 2.01 1.86 1.72 1.57 1.42 1.27 1.12 0.97 0.83 0.69 0.56 0.44 0.33 0.22 0.13 0.04 -0.04 -0.11 -0.17 -0.22 -0.26 -0.29 -0.31 -0.33 -0.34 -0.34 -0.34 -0.33 -0.32 -0.31 -0.29 -0.27 -0.24
