speedsAfterKrig/output_residuos_66_2010.asc
NCOLS          173       
NROWS          329       
XLLCENTER      510425.00 
YLLCENTER      8547775.00
DX             50.00     
DY             50.00     
NODATA_VALUE   -999.00   
[rows 190 to 227 of 329, columns 0 to 83 of 173]
0.38 0.38 0.38 0.37 0.37 0.37 0.36 0.36 0.35 0.35 0.34 0.34 0.33 0.32 0.32 0.31 0.30 0.30 0.29 0.28 0.27 0.26 0.25 0.25 0.24 0.23 0.22 0.21 0.20 0.19 0.18 0.17 0.17 0.16 0.15 0.14 0.14 0.13 0.12 0.12 0.11 0.11 0.10 0.10 0.10 0.09 0.09 0.09 0.09 0.09 0.09 0.10 0.10 0.10 0.11 0.11 0.12 0.13 0.13 0.14 0.15 0.16 0.17 0.19 0.20 0.22 0.23 0.25 0.27 0.28 0.31 0.33 0.35 0.37 0.40 0.42 0.45 0.48 0.51 0.54 0.57 0.60 0.64 0.67
0.38 0.38 0.38 0.37 0.37 0.37 0.36 0.36 0.35 0.35 0.34 0.34 0.33 0.32 0.32 0.31 0.30 0.29 0.29 0.28 0.27 0.26 0.25 0.24 0.23 0.22 0.22 0.21 0.20 0.19 0.18 0.17 0.16 0.15 0.15 0.14 0.13 0.12 0.12 0.11 0.11 0.10 0.10 0.09 0.09 0.09 0.09 0.09 0.09 0.09 0.09 0.09 0.09 0.10 0.10 0.11 0.11 0.12 0.13 0.14 0.15 0.16 0.17 0.18 0.20 0.21 0.23 0.25 0.26 0.28 0.31 0.33 0.35 0.38 0.40 0.43 0.46 0.49 0.52 0.55 0.58 0.62 0.65 0.69
0.38 0.38 0.38 0.37 0.37 0.36 0.36 0.36 0.35 0.35 0.34 0.33 0.33 0.32 0.31 0.31 0.30 0.29 0.28 0.27 0.27 0.26 0.25 0.24 0.23 0.22 0.21 0.20 0.19 0.18 0.18 0.17 0.16 0.15 0.14 0.13 0.13 0.12 0.11 0.11 0.10 0.10 0.09 0.09 0.08 0.08 0.08 0.08 0.08 0.08 0.08 0.08 0.09 0.09 0.09 0.10 0.11 0.11 0.12 0.13 0.14 0.15 0.16 0.18 0.19 0.21 0.23 0.24 0.26 0.28 0.31 0.33 0.35 0.38 0.41 0.43 0.46 0.50 0.53 0.56 0.59 0.63 0.66 0.70
0.38 0.38 0.37 0.37 0.37 0.36 0.36 0.35 0.35 0.34 0.34 0.33 0.33 0.32 0.31 0.30 0.30 0.29 0.28 0.27 0.26 0.25 0.25 0.24 0.23 0.22 0.21 0.20 0.19 0.18 0.17 0.16 0.15 0.14 0.14 0.13 0.12 0.11 0.11 0.10 0.10 0.09 0.09 0.08 0.08 0.08 0.07 0.07 0.07 0.07 0.07 0.08 0.08 0.08 0.09 0.09 0.10 0.11 0.11 0.12 0.13 0.15 0.16 0.17 0.19 0.20 0.22 0.24 0.26 0.28 0.31 0.33 0.35 0.38 0.41 0.44 0.47 0.50 0.54 0.57 0.60 0.64 0.68 0.72
0.38 0.38 0.37 0.37 0.37 0.36 0.36 0.35 0.35 0.34 0.34 0.33 0.32 0.32 0.31 0.30 0.29 0.29 0.28 0.27 0.26 0.25 0.24 0.23 0.22 0.21 0.20 0.20 0.19 0.18 0.17 0.16 0.15 0.14 0.13 0.12 0.12 0.11 0.10 0.10 0.09 0.08 0.08 0.08 0.07 0.07 0.07 0.07 0.07 0.07 0.07 0.07 0.07 0.08 0.08 0.09 0.09 0.10 0.11 0.12 0.13 0.14 0.15 0.17 0.18 0.20 0.22 0.24 0.26 0.28 0.30 0.33 0.36 0.38 0.41 0.44 0.47 0.51 0.54 0.58 0.61 0.65 0.69 0.73
0.38 0.38 0.37 0.37 0.36 0.36 0.36 0.35 0.35 0.34 0.33 0.33 0.32 0.31 0.31 0.30 0.29 0.28 0.28 0.27 0.26 0.25 0.24 0.23 0.22 0.21 0.20 0.19 0.18 0.17 0.16 0.15 0.14 0.14 0.13 0.12 0.11 0.10 0.10 0.09 0.08 0.08 0.07 0.07 0.07 0.06 0.06 0.06 0.06 0.06 0.06 0.06 0.07 0.07 0.07 0.08 0.09 0.09 0.10 0.11 0.12 0.14 0.15 0.16 0.18 0.20 0.22 0.24 0.26 0.28 0.30 0.33 0.36 0.38 0.42 0.45 0.48 0.51 0.55 0.59 0.62 0.66 0.70 0.74
0.38 0.37 0.37 0.37 0.36 0.36 0.35 0.35 0.34 0.34 0.33 0.33 0.32 0.31 0.30 0.30 0.29 0.28 0.27 0.26 0.25 0.25 0.24 0.23 0.22 0.21 0.20 0.19 0.18 0.17 0.16 0.15 0.14 0.13 0.12 0.11 0.11 0.10 0.09 0.09 0.08 0.07 0.07 0.06 0.06 0.06 0.06 0.05 0.05 0.05 0.06 0.06 0.06 0.06 0.07 0.07 0.08 0.09 0.10 0.11 0.12 0.13 0.14 0.16 0.18 0.19 0.21 0.23 0.25 0.28 0.30 0.33 0.36 0.39 0.42 0.45 0.48 0.52 0.56 0.59 0.63 0.67 0.71 0.75
0.38 0.37 0.37 0.37 0.36 0.36 0.35 0.35 0.34 0.34 0.33 0.32 0.32 0.31 0.30 0.29 0.29 0.28 0.27 0.26 0.25 0.24 0.23 0.22 0.21 0.20 0.19 0.18 0.17 0.16 0.15 0.15 0.14 0.13 0.12 0.11 0.10 0.09 0.09 0.08 0.07 0.07 0.06 0.06 0.06 0.05 0.05 0.05 0.05 0.05 0.05 0.05 0.05 0.06 0.06 0.07 0.08 0.08 0.09 0.10 0.11 0.13 0.14 0.15 0.17 0.19 0.21 0.23 0.25 0.28 0.30 0.33 0.36 0.39 0.42 0.45 0.49 0.52 0.56 0.60 0.64 0.68 0.72 0.77
0.38 0.37 0.37 0.37 0.36 0.36 0.35 0.35 0.34 0.33 0.33 0.32 0.32 0.31 0.30 0.29 0.28 0.28 0.27 0.26 0.25 0.24 0.23 0.22 0.21 0.20 0.19 0.18 0.17 0.16 0.15 0.14 0.13 0.12 0.11 0.11 0.10 0.09 0.08 0.08 0.07 0.06 0.06 0.06 0.05 0.05 0.05 0.04 0.04 0.04 0.04 0.05 0.05 0.05 0.06 0.06 0.07 0.08 0.09 0.10 0.11 0.12 0.13 0.15 0.17 0.19 0.20 0.23 0.25 0.27 0.30 0.33 0.36 0.39 0.42 0.45 0.49 0.53 0.56 0.60 0.65 0.69 0.73 0.78
0.38 0.37 0.37 0.36 0.36 0.36 0.35 0.34 0.34 0.33 0.33 0.32 0.31 0.31 0.30 0.29 0.28 0.27 0.26 0.26 0.25 0.24 0.23 0.22 0.21 0.20 0.19 0.18 0.17 0.16 0.15 0.14 0.13 0.12 0.11 0.10 0.09 0.09 0.08 0.07 0.07 0.06 0.06 0.05 0.05 0.04 0.04 0.04 0.04 0.04 0.04 0.04 0.04 0.05 0.05 0.06 0.06 0.07 0.08 0.09 0.10 0.12 0.13 0.15 0.16 0.18 0.20 0.22 0.25 0.27 0.30 0.33 0.36 0.39 0.42 0.45 0.49 0.53 0.57 0.61 0.65 0.69 0.74 0.78
0.37 0.37 0.37 0.36 0.36 0.35 0.35 0.34 0.34 0.33 0.32 0.32 0.31 0.30 0.30 0.29 0.28 0.27 0.26 0.25 0.24 0.23 0.22 0.21 0.20 0.19 0.18 0.17 0.16 0.15 0.14 0.13 0.13 0.12 0.11 0.10 0.09 0.08 0.08 0.07 0.06 0.06 0.05 0.05 0.04 0.04 0.04 0.04 0.03 0.03 0.04 0.04 0.04 0.04 0.05 0.05 0.06 0.07 0.08 0.09 0.10 0.11 0.13 0.14 0.16 0.18 0.20 0.22 0.24 0.27 0.30 0.32 0.35 0.39 0.42 0.46 0.49 0.53 0.57 0.61 0.66 0.70 0.75 0.79
0.37 0.37 0.37 0.36 0.36 0.35 0.35 0.34 0.34 0.33 0.32 0.32 0.31 0.30 0.29 0.29 0.28 0.27 0.26 0.25 0.24 0.23 0.22 0.21 0.20 0.19 0.18 0.17 0.16 0.15 0.14 0.13 0.12 0.11 0.10 0.10 0.09 0.08 0.07 0.07 0.06 0.05 0.05 0.04 0.04 0.04 0.03 0.03 0.03 0.03 0.03 0.03 0.04 0.04 0.04 0.05 0.06 0.06 0.07 0.08 0.09 0.11 0.12 0.14 0.15 0.17 0.19 0.22 0.24 0.27 0.29 0.32 0.35 0.38 0.42 0.46 0.49 0.53 0.57 0.62 0.66 0.70 0.75 0.80
0.37 0.37 0.36 0.36 0.36 0.35 0.35 0.34 0.33 0.33 0.32 0.31 0.31 0.30 0.29 0.28 0.27 0.27 0.26 0.25 0.24 0.23 0.22 0.21 0.20 0.19 0.18 0.17 0.16 0.15 0.14 0.13 0.12 0.11 0.10 0.09 0.08 0.08 0.07 0.06 0.06 0.05 0.04 0.04 0.04 0.03 0.03 0.03 0.03 0.03 0.03 0.03 0.03 0.04 0.04 0.05 0.05 0.06 0.07 0.08 0.09 0.10 0.12 0.13 0.15 0.17 0.19 0.21 0.24 0.26 0.29 0.32 0.35 0.38 0.42 0.45 0.49 0.53 0.57 0.62 0.66 0.71 0.76 0.80
0.37 0.37 0.36 0.36 0.35 0.35 0.34 0.34 0.33 0.33 0.32 0.31 0.30 0.30 0.29 0.28 0.27 0.26 0.25 0.24 0.23 0.22 0.22 0.21 0.19 0.18 0.17 0.16 0.15 0.14 0.13 0.13 0.12 0.11 0.10 0.09 0.08 0.07 0.07 0.06 0.05 0.05 0.04 0.04 0.03 0.03 0.03 0.03 0.02 0.02 0.03 0.03 0.03 0.03 0.04 0.04 0.05 0.06 0.07 0.08 0.09 0.10 0.11 0.13 0.15 0.17 0.19 0.21 0.23 0.26 0.29 0.32 0.35 0.38 0.42 0.45 0.49 0.53 0.57 0.62 0.66 0.71 0.76 0.81
0.37 0.37 0.36 0.36 0.35 0.35 0.34 0.34 0.33 0.32 0.32 0.31 0.30 0.29 0.29 0.28 0.27 0.26 0.25 0.24 0.23 0.22 0.21 0.20 0.19 0.18 0.17 0.16 0.15 0.14 0.13 0.12 0.11 0.10 0.10 0.09 0.08 0.07 0.06 0.06 0.05 0.04 0.04 0.04 0.03 0.03 0.03 0.02 0.02 0.02 0.02 0.02 0.03 0.03 0.03 0.04 0.05 0.05 0.06 0.07 0.08 0.10 0.11 0.13 0.14 0.16 0.18 0.21 0.23 0.26 0.28 0.31 0.34 0.38 0.41 0.45 0.49 0.53 0.57 0.62 0.66 0.71 0.76 0.81
0.37 0.36 0.36 0.36 0.35 0.35 0.34 0.33 0.33 0.32 0.31 0.31 0.30 0.29 0.28 0.28 0.27 0.26 0.25 0.24 0.23 0.22 0.21 0.20 0.19 0.18 0.17 0.16 0.15 0.14 0.13 0.12 0.11 0.10 0.09 0.08 0.08 0.07 0.06 0.05 0.05 0.04 0.04 0.03 0.03 0.03 0.02 0.02 0.02 0.02 0.02 0.02 0.02 0.03 0.03 0.04 0.04 0.05 0.06 0.07 0.08 0.09 0.11 0.12 0.14 0.16 0.18 0.20 0.23 0.25 0.28 0.31 0.34 0.37 0.41 0.45 0.49 0.53 0.57 0.62 0.66 0.71 0.76 0.81
0.37 0.36 0.36 0.35 0.35 0.34 0.34 0.33 0.33 0.32 0.31 0.31 0.30 0.29 0.28 0.27 0.26 0.25 0.25 0.24 0.23 0.22 0.21 0.20 0.19 0.18 0.17 0.16 0.15 0.14 0.13 0.12 0.11 0.10 0.09 0.08 0.07 0.07 0.06 0.05 0.05 0.04 0.04 0.03 0.03 0.02 0.02 0.02 0.02 0.02 0.02 0.02 0.02 0.02 0.03 0.03 0.04 0.05 0.06 0.07 0.08 0.09 0.10 0.12 0.14 0.15 0.17 0.20 0.22 0.25 0.28 0.30 0.34 0.37 0.41 0.44 0.48 0.53 0.57 0.62 0.66 0.71 0.76 0.81
0.37 0.36 0.36 0.35 0.35 0.34 0.34 0.33 0.32 0.32 0.31 0.30 0.30 0.29 0.28 0.27 0.26 0.25 0.24 0.23 0.22 0.21 0.20 0.19 0.18 0.17 0.16 0.15 0.14 0.13 0.12 0.12 0.11 0.10 0.09 0.08 0.07 0.07 0.06 0.05 0.05 0.04 0.04 0.03 0.03 0.02 0.02 0.02 0.02 0.02 0.02 0.02 0.02 0.02 0.03 0.03 0.04 0.04 0.05 0.06 0.07 0.09 0.10 0.11 0.13 0.15 0.17 0.19 0.22 0.24 0.27 0.30 0.33 0.37 0.40 0.44 0.48 0.52 0.57 0.61 0.66 0.71 0.76 0.81
0.37 0.36 0.36 0.35 0.35 0.34 0.34 0.33 0.32 0.32 0.31 0.30 0.29 0.29 0.28 0.27 0.26 0.25 0.24 0.23 0.22 0.21 0.20 0.19 0.18 0.17 0.16 0.15 0.14 0.13 0.12 0.11 0.10 0.10 0.09 0.08 0.07 0.06 0.06 0.05 0.04 0.04 0.03 0.03 0.03 0.02 0.02 0.02 0.02 0.02 0.02 0.02 0.02 0.02 0.03 0.03 0.04 0.04 0.05 0.06 0.07 0.08 0.10 0.11 0.13 0.15 0.17 0.19 0.21 0.24 0.27 0.30 0.33 0.36 0.40 0.44 0.48 0.52 0.56 0.61 0.66 0.70 0.76 0.81
0.36 0.36 0.36 0.35 0.35 0.34 0.33 0.33 0.32 0.31 0.31 0.30 0.29 0.28 0.27 0.27 0.26 0.25 0.24 0.23 0.22 0.21 0.20 0.19 0.18 0.17 0.16 0.15 0.14 0.13 0.12 0.11 0.10 0.09 0.09 0.08 0.07 0.06 0.06 0.05 0.04 0.04 0.03 0.03 0.03 0.02 0.02 0.02 0.02 0.02 0.02 0.02 0.02 0.02 0.02 0.03 0.03 0.04 0.05 0.06 0.07 0.08 0.09 0.11 0.12 0.14 0.16 0.18 0.21 0.23 0.26 0.29 0.32 0.36 0.39 0.43 0.47 0.51 0.56 0.60 0.65 0.70 0.75 0.80
0.36 0.36 0.35 0.35 0.34 0.34 0.33 0.33 0.32 0.31 0.30 0.30 0.29 0.28 0.27 0.26 0.25 0.25 0.24 0.23 0.22 0.21 0.20 0.19 0.18 0.17 0.16 0.15 0.14 0.13 0.12 0.11 0.10 0.09 0.09 0.08 0.07 0.06 0.06 0.05 0.04 0.04 0.03 0.03 0.03 0.02 0.02 0.02 0.02 0.02 0.02 0.02 0.02 0.02 0.02 0.03 0.03 0.04 0.05 0.05 0.06 0.08 0.09 0.10 0.12 0.14 0.16 0.18 0.20 0.23 0.25 0.28 0.32 0.35 0.38 0.42 0.46 0.51 0.55 0.60 0.64 0.69 0.75 0.80
0.36 0.36 0.35 0.35 0.34 0.34 0.33 0.32 0.32 0.31 0.30 0.29 0.29 0.28 0.27 0.26 0.25 0.24 0.23 0.22 0.21 0.20 0.19 0.18 0.18 0.17 0.16 0.15 0.14 0.13 0.12 0.11 0.10 0.09 0.08 0.08 0.07 0.06 0.06 0.05 0.04 0.04 0.03 0.03 0.03 0.02 0.02 0.02 0.02 0.02 0.02 0.02 0.02 0.02 0.02 0.03 0.03 0.04 0.04 0.05 0.06 0.07 0.09 0.10 0.12 0.13 0.15 0.17 0.20 0.22 0.25 0.28 0.31 0.34 0.38 0.42 0.46 0.50 0.54 0.59 0.64 0.69 0.74 0.79
0.36 0.36 0.35 0.35 0.34 0.33 0.33 0.32 0.32 0.31 0.30 0.29 0.28 0.28 0.27 0.26 0.25 0.24 0.23 0.22 0.21 0.20 0.19 0.18 0.17 0.16 0.15 0.14 0.14 0.13 0.12 0.11 0.10 0.09 0.08 0.08 0.07 0.06 0.06 0.05 0.04 0.04 0.03 0.03 0.03 0.02 0.02 0.02 0.02 0.02 0.02 0.02 0.02 0.02 0.02 0.03 0.03 0.04 0.04 0.05 0.06 0.07 0.08 0.10 0.11 0.13 0.15 0.17 0.19 0.21 0.24 0.27 0.30 0.33 0.37 0.41 0.45 0.49 0.54 0.58 0.63 0.68 0.73 0.79
0.36 0.36 0.35 0.34 0.34 0.33 0.33 0.32 0.31 0.31 0.30 0.29 0.28 0.27 0.27 0.26 0.25 0.24 0.23 0.22 0.21 0.20 0.19 0.18 0.17 0.16 0.15 0.14 0.13 0.12 0.12 0.11 0.10 0.09 0.08 0.08 0.07 0.06 0.06 0.05 0.04 0.04 0.04 0.03 0.03 0.02 0.02 0.02 0.02 0.02 0.02 0.02 0.02 0.02 0.02 0.02 0.03 0.03 0.04 0.05 0.06 0.07 0.08 0.09 0.11 0.12 0.14 0.16 0.18 0.21 0.23 0.26 0.29 0.33 0.36 0.40 0.44 0.48 0.53 0.57 0.62 0.67 0.73 0.78
0.36 0.35 0.35 0.34 0.34 0.33 0.33 0.32 0.31 0.30 0.30 0.29 0.28 0.27 0.26 0.25 0.25 0.24 0.23 0.22 0.21 0.20 0.19 0.18 0.17 0.16 0.15 0.14 0.13 0.12 0.12 0.11 0.10 0.09 0.08 0.08 0.07 0.06 0.06 0.05 0.05 0.04 0.04 0.03 0.03 0.03 0.02 0.02 0.02 0.02 0.02 0.02 0.02 0.02 0.02 0.02 0.03 0.03 0.04 0.05 0.05 0.06 0.07 0.09 0.10 0.12 0.14 0.15 0.18 0.20 0.23 0.25 0.28 0.32 0.35 0.39 0.43 0.47 0.52 0.56 0.61 0.66 0.72 0.77
0.36 0.35 0.35 0.34 0.34 0.33 0.32 0.32 0.31 0.30 0.30 0.29 0.28 0.27 0.26 0.25 0.24 0.23 0.23 0.22 0.21 0.20 0.19 0.18 0.17 0.16 0.15 0.14 0.13 0.12 0.11 0.11 0.10 0.09 0.08 0.08 0.07 0.06 0.06 0.05 0.05 0.04 0.04 0.03 0.03 0.03 0.02 0.02 0.02 0.02 0.02 0.02 0.02 0.02 0.02 0.02 0.03 0.03 0.04 0.04 0.05 0.06 0.07 0.08 0.10 0.11 0.13 0.15 0.17 0.19 0.22 0.25 0.28 0.31 0.34 0.38 0.42 0.46 0.51 0.55 0.60 0.65 0.71 0.76
0.36 0.35 0.35 0.34 0.34 0.33 0.32 0.32 0.31 0.30 0.29 0.29 0.28 0.27 0.26 0.25 0.24 0.23 0.22 0.21 0.20 0.20 0.19 0.18 0.17 0.16 0.15 0.14 0.13 0.12 0.11 0.11 0.10 0.09 0.08 0.08 0.07 0.06 0.06 0.05 0.05 0.04 0.04 0.03 0.03 0.03 0.03 0.02 0.02 0.02 0.02 0.02 0.02 0.02 0.02 0.02 0.03 0.03 0.03 0.04 0.05 0.06 0.07 0.08 0.09 0.11 0.12 0.14 0.16 0.18 0.21 0.24 0.27 0.30 0.33 0.37 0.41 0.45 0.50 0.54 0.59 0.64 0.70 0.75
0.36 0.35 0.35 0.34 0.33 0.33 0.32 0.31 0.31 0.30 0.29 0.28 0.28 0.27 0.26 0.25 0.24 0.23 0.22 0.21 0.20 0.19 0.18 0.17 0.17 0.16 0.15 0.14 0.13 0.12 0.11 0.11 0.10 0.09 0.08 0.08 0.07 0.07 0.06 0.05 0.05 0.04 0.04 0.04 0.03 0.03 0.03 0.02 0.02 0.02 0.02 0.02 0.02 0.02 0.02 0.02 0.02 0.03 0.03 0.04 0.04 0.05 0.06 0.07 0.09 0.10 0.12 0.13 0.15 0.18 0.20 0.23 0.26 0.29 0.32 0.36 0.40 0.44 0.49 0.53 0.58 0.63 0.69 0.74
0.35 0.35 0.34 0.34 0.33 0.33 0.32 0.31 0.31 0.30 0.29 0.28 0.27 0.27 0.26 0.25 0.24 0.23 0.22 0.21 0.20 0.19 0.18 0.17 0.16 0.16 0.15 0.14 0.13 0.12 0.11 0.11 0.10 0.09 0.08 0.08 0.07 0.07 0.06 0.06 0.05 0.05 0.04 0.04 0.03 0.03 0.03 0.03 0.02 0.02 0.02 0.02 0.02 0.02 0.02 0.02 0.02 0.03 0.03 0.04 0.04 0.05 0.06 0.07 0.08 0.09 0.11 0.13 0.15 0.17 0.19 0.22 0.25 0.28 0.31 0.35 0.39 0.43 0.48 0.52 0.57 0.62 0.68 0.73
0.35 0.35 0.34 0.34 0.33 0.33 0.32 0.31 0.30 0.30 0.29 0.28 0.27 0.26 0.25 0.25 0.24 0.23 0.22 0.21 0.20 0.19 0.18 0.17 0.16 0.15 0.15 0.14 0.13 0.12 0.11 0.11 0.10 0.09 0.09 0.08 0.07 0.07 0.06 0.06 0.05 0.05 0.04 0.04 0.04 0.03 0.03 0.03 0.03 0.02 0.02 0.02 0.02 0.02 0.02 0.02 0.02 0.02 0.03 0.03 0.04 0.04 0.05 0.06 0.07 0.09 0.10 0.12 0.14 0.16 0.18 0.21 0.24 0.27 0.30 0.34 0.38 0.42 0.46 0.51 0.56 0.61 0.67 0.72
0.35 0.35 0.34 0.34 0.33 0.32 0.32 0.31 0.30 0.30 0.29 0.28 0.27 0.26 0.25 0.24 0.24 0.23 0.22 0.21 0.20 0.19 0.18 0.17 0.16 0.15 0.15 0.14 0.13 0.12 0.11 0.11 0.10 0.09 0.09 0.08 0.07 0.07 0.06 0.06 0.05 0.05 0.05 0.04 0.04 0.04 0.03 0.03 0.03 0.02 0.02 0.02 0.02 0.02 0.02 0.02 0.02 0.02 0.03 0.03 0.03 0.04 0.05 0.06 0.07 0.08 0.09 0.11 0.13 0.15 0.17 0.20 0.23 0.26 0.29 0.33 0.37 0.41 0.45 0.50 0.55 0.60 0.66 0.71
0.35 0.35 0.34 0.34 0.33 0.32 0.32 0.31 0.30 0.29 0.29 0.28 0.27 0.26 0.25 0.24 0.23 0.23 0.22 0.21 0.20 0.19 0.18 0.17 0.16 0.15 0.15 0.14 0.13 0.12 0.11 0.11 0.10 0.09 0.09 0.08 0.08 0.07 0.07 0.06 0.06 0.05 0.05 0.04 0.04 0.04 0.03 0.03 0.03 0.03 0.02 0.02 0.02 0.02 0.02 0.02 0.02 0.02 0.02 0.03 0.03 0.04 0.04 0.05 0.06 0.07 0.09 0.10 0.12 0.14 0.16 0.19 0.22 0.25 0.28 0.31 0.35 0.40 0.44 0.49 0.54 0.59 0.65 0.70
0.35 0.35 0.34 0.33 0.33 0.32 0.31 0.31 0.30 0.29 0.28 0.28 0.27 0.26 0.25 0.24 0.23 0.22 0.22 0.21 0.20 0.19 0.18 0.17 0.16 0.15 0.15 0.14 0.13 0.12 0.11 0.11 0.10 0.10 0.09 0.08 0.08 0.07 0.07 0.06 0.06 0.05 0.05 0.05 0.04 0.04 0.04 0.03 0.03 0.03 0.02 0.02 0.02 0.02 0.02 0.02 0.02 0.02 0.02 0.02 0.03 0.03 0.04 0.05 0.05 0.07 0.08 0.09 0.11 0.13 0.15 0.18 0.20 0.23 0.27 0.30 0.34 0.38 0.43 0.48 0.53 0.58 0.64 0.69
0.35 0.34 0.34 0.33 0.33 0.32 0.31 0.31 0.30 0.29 0.28 0.28 0.27 0.26 0.25 0.24 0.23 0.22 0.21 0.21 0.20 0.19 0.18 0.17 0.16 0.15 0.15 0.14 0.13 0.12 0.12 0.11 0.10 0.10 0.09 0.08 0.08 0.07 0.07 0.07 0.06 0.06 0.05 0.05 0.04 0.04 0.04 0.03 0.03 0.03 0.03 0.02 0.02 0.02 0.02 0.02 0.02 0.02 0.02 0.02 0.02 0.03 0.03 0.04 0.05 0.06 0.07 0.08 0.10 0.12 0.14 0.17 0.19 0.22 0.26 0.29 0.33 0.37 0.42 0.46 0.52 0.57 0.62 0.68
0.35 0.34 0.34 0.33 0.33 0.32 0.31 0.31 0.30 0.29 0.28 0.27 0.27 0.26 0.25 0.24 0.23 0.22 0.21 0.20 0.20 0.19 0.18 0.17 0.16 0.15 0.15 0.14 0.13 0.12 0.12 0.11 0.10 0.10 0.09 0.09 0.08 0.08 0.07 0.07 0.06 0.06 0.05 0.05 0.05 0.04 0.04 0.04 0.03 0.03 0.03 0.02 0.02 0.02 0.02 0.02 0.01 0.01 0.01 0.02 0.02 0.02 0.03 0.03 0.04 0.05 0.06 0.08 0.09 0.11 0.13 0.15 0.18 0.21 0.24 0.28 0.32 0.36 0.40 0.45 0.50 0.56 0.61 0.67
0.35 0.34 0.34 0.33 0.33 0.32 0.31 0.30 0.30 0.29 0.28 0.27 0.27 0.26 0.25 0.24 0.23 0.22 0.21 0.20 0.20 0.19 0.18 0.17 0.16 0.15 0.15 0.14 0.13 0.12 0.12 0.11 0.11 0.10 0.09 0.09 0.08 0.08 0.07 0.07 0.07 0.06 0.06 0.05 0.05 0.05 0.04 0.04 0.03 0.03 0.03 0.02 0.02 0.02 0.02 0.01 0.01 0.01 0.01 0.01 0.01 0.02 0.02 0.03 0.03 0.04 0.05 0.07 0.08 0.10 0.12 0.14 0.17 0.20 0.23 0.27 0.31 0.35 0.39 0.44 0.49 0.55 0.61 0.67
0.35 0.34 0.34 0.33 0.32 0.32 0.31 0.30 0.30 0.29 0.28 0.27 0.26 0.26 0.25 0.24 0.23 0.22 0.21 0.20 0.20 0.19 0.18 0.17 0.16 0.15 0.15 0.14 0.13 0.13 0.12 0.11 0.11 0.10 0.10 0.09 0.09 0.08 0.08 0.07 0.07 0.06 0.06 0.06 0.05 0.05 0.04 0.04 0.04 0.03 0.03 0.03 0.02 0.02 0.02 0.01 0.01 0.01 0.01 0.01 0.01 0.01 0.01 0.02 0.03 0.03 0.04 0.06 0.07 0.09 0.11 0.13 0.16 0.19 0.22 0.26 0.29 0.34 0.38 0.43 0.48 0.54 0.60 0.66
0.35 0.34 0.34 0.33 0.32 0.32 0.31 0.30 0.30 0.29 0.28 0.27 0.26 0.26 0.25 0.24 0.23 0.22 0.21 0.20 0.19 0.19 0.18 0.17 0.16 0.15 0.15 0.14 0.13 0.13 0.12 0.11 0.11 0.10 0.10 0.09 0.09 0.08 0.08 0.07 0.07 0.07 0.06 0.06 0.05 0.05 0.05 0.04 0.04 0.03 0.03 0.03 0.02 0.02 0.01 0.01 0.01 0.01 0.01 0.00 0.00 0.01 0.01 0.01 0.02 0.03 0.04 0.05 0.06 0.08 0.10 0.12 0.15 0.18 0.21 0.24 0.28 0.32 0.37 0.42 0.47 0.53 0.59 0.65
