speedsAfterKrig/output_residuos_42_2008.asc
NCOLS          173       
NROWS          329       
XLLCENTER      510425.00 
YLLCENTER      8547775.00
DX             50.00     
DY             50.00     
NODATA_VALUE   -999.00   
[rows 259 to 295 of 329, columns 84 to 167 of 173]
0.10 0.15 0.22 0.29 0.36 0.44 0.53 0.63 0.73 0.83 0.94 1.05 1.17 1.29 1.40 1.52 1.64 1.76 1.88 1.99 2.10 2.20 2.30 2.39 2.47 2.54 2.60 2.66 2.70 2.73 2.75 2.76 2.76 2.74 2.72 2.68 2.63 2.57 2.50 2.43 2.34 2.24 2.14 2.04 1.92 1.81 1.69 1.56 1.44 1.32 1.19 1.07 0.96 0.84 0.73 0.62 0.52 0.42 0.33 0.25 0.17 0.11 0.04 -0.01 -0.06 -0.10 -0.14 -0.16 -0.19 -0.20 -0.21 -0.22 -0.22 -0.22 -0.21 -0.20 -0.19 -0.17 -0.15 -0.13 -0.11 -0.09 -0.07 -0.05
0.07 0.12 0.18 0.25 0.32 0.40 0.49 0.58 0.68 0.78 0.89 1.00 1.12 1.23 1.35 1.47 1.59 1.71 1.83 1.95 2.06 2.17 2.27 2.36 2.45 2.53 2.59 2.65 2.70 2.74 2.77 2.78 2.78 2.78 2.75 2.72 2.68 2.62 2.56 2.48 2.40 2.31 2.21 2.10 1.99 1.87 1.75 1.63 1.50 1.38 1.25 1.13 1.00 0.89 0.77 0.66 0.55 0.45 0.36 0.27 0.19 0.12 0.05 -0.01 -0.06 -0.10 -0.14 -0.17 -0.19 -0.21 -0.22 -0.23 -0.23 -0.23 -0.22 -0.21 -0.20 -0.18 -0.17 -0.15 -0.13 -0.10 -0.08 -0.06
0.04 0.09 0.15 0.21 0.28 0.36 0.44 0.53 0.63 0.73 0.84 0.95 1.06 1.18 1.30 1.42 1.55 1.67 1.79 1.91 2.02 2.13 2.24 2.34 2.43 2.51 2.59 2.65 2.71 2.75 2.79 2.81 2.82 2.81 2.80 2.77 2.73 2.68 2.62 2.55 2.47 2.38 2.28 2.17 2.06 1.94 1.82 1.70 1.57 1.44 1.31 1.18 1.06 0.93 0.82 0.70 0.59 0.49 0.39 0.30 0.21 0.13 0.07 0.00 -0.05 -0.10 -0.14 -0.17 -0.20 -0.22 -0.23 -0.24 -0.24 -0.24 -0.23 -0.22 -0.21 -0.20 -0.18 -0.16 -0.14 -0.12 -0.09 -0.07
0.01 0.06 0.11 0.17 0.24 0.32 0.40 0.49 0.58 0.68 0.79 0.90 1.01 1.13 1.25 1.37 1.50 1.62 1.75 1.87 1.99 2.10 2.21 2.32 2.42 2.51 2.59 2.66 2.72 2.77 2.81 2.84 2.85 2.86 2.85 2.83 2.79 2.75 2.69 2.62 2.54 2.45 2.36 2.25 2.14 2.02 1.90 1.77 1.64 1.51 1.38 1.25 1.12 0.99 0.86 0.74 0.63 0.52 0.42 0.32 0.23 0.15 0.08 0.01 -0.05 -0.10 -0.14 -0.17 -0.20 -0.22 -0.24 -0.25 -0.25 -0.25 -0.25 -0.24 -0.23 -0.21 -0.19 -0.17 -0.15 -0.13 -0.11 -0.08
-0.02 0.03 0.08 0.14 0.20 0.28 0.36 0.44 0.53 0.63 0.74 0.85 0.96 1.08 1.20 1.33 1.45 1.58 1.71 1.83 1.96 2.08 2.19 2.30 2.41 2.50 2.59 2.67 2.74 2.79 2.84 2.87 2.90 2.91 2.90 2.89 2.86 2.82 2.76 2.70 2.62 2.53 2.44 2.33 2.22 2.10 1.98 1.85 1.72 1.58 1.45 1.31 1.18 1.04 0.92 0.79 0.67 0.56 0.45 0.35 0.26 0.17 0.09 0.02 -0.04 -0.09 -0.14 -0.18 -0.21 -0.23 -0.25 -0.26 -0.26 -0.26 -0.26 -0.25 -0.24 -0.22 -0.21 -0.19 -0.16 -0.14 -0.12 -0.09
-0.05 -0.00 0.04 0.10 0.17 0.24 0.31 0.40 0.49 0.59 0.69 0.80 0.91 1.03 1.16 1.28 1.41 1.54 1.67 1.80 1.93 2.05 2.17 2.29 2.40 2.50 2.60 2.68 2.76 2.82 2.88 2.92 2.95 2.96 2.96 2.95 2.93 2.89 2.84 2.78 2.71 2.62 2.53 2.42 2.31 2.19 2.06 1.93 1.80 1.66 1.52 1.38 1.24 1.10 0.97 0.84 0.72 0.60 0.48 0.38 0.28 0.19 0.11 0.03 -0.03 -0.09 -0.14 -0.18 -0.21 -0.24 -0.26 -0.27 -0.28 -0.28 -0.27 -0.26 -0.25 -0.24 -0.22 -0.20 -0.18 -0.15 -0.13 -0.11
-0.08 -0.03 0.01 0.07 0.13 0.20 0.27 0.35 0.44 0.54 0.64 0.75 0.87 0.99 1.11 1.24 1.37 1.50 1.64 1.77 1.90 2.03 2.16 2.28 2.40 2.51 2.61 2.70 2.78 2.86 2.92 2.96 3.00 3.02 3.03 3.02 3.01 2.97 2.93 2.87 2.80 2.71 2.62 2.52 2.40 2.28 2.15 2.02 1.88 1.74 1.60 1.45 1.31 1.17 1.03 0.89 0.76 0.64 0.52 0.41 0.31 0.21 0.13 0.05 -0.02 -0.08 -0.14 -0.18 -0.22 -0.24 -0.26 -0.28 -0.29 -0.29 -0.29 -0.28 -0.27 -0.25 -0.23 -0.21 -0.19 -0.17 -0.14 -0.12
-0.10 -0.06 -0.02 0.03 0.09 0.16 0.23 0.31 0.40 0.50 0.60 0.71 0.83 0.95 1.07 1.20 1.34 1.47 1.61 1.75 1.88 2.02 2.15 2.28 2.40 2.52 2.63 2.73 2.82 2.89 2.96 3.02 3.06 3.09 3.10 3.10 3.09 3.06 3.02 2.96 2.89 2.81 2.72 2.61 2.50 2.38 2.25 2.11 1.97 1.82 1.68 1.53 1.38 1.23 1.09 0.95 0.81 0.68 0.56 0.44 0.34 0.24 0.14 0.06 -0.01 -0.08 -0.13 -0.18 -0.22 -0.25 -0.27 -0.29 -0.30 -0.30 -0.30 -0.29 -0.28 -0.27 -0.25 -0.23 -0.20 -0.18 -0.16 -0.13
-0.13 -0.09 -0.05 0.00 0.06 0.12 0.20 0.28 0.36 0.46 0.56 0.67 0.79 0.91 1.04 1.17 1.30 1.44 1.58 1.73 1.87 2.01 2.15 2.28 2.41 2.53 2.65 2.76 2.85 2.94 3.01 3.08 3.12 3.16 3.18 3.18 3.18 3.15 3.11 3.06 2.99 2.91 2.82 2.72 2.60 2.48 2.35 2.21 2.06 1.91 1.76 1.61 1.45 1.30 1.15 1.01 0.86 0.73 0.60 0.48 0.36 0.26 0.16 0.08 -0.00 -0.07 -0.13 -0.18 -0.22 -0.25 -0.28 -0.30 -0.31 -0.31 -0.31 -0.30 -0.29 -0.28 -0.26 -0.24 -0.22 -0.19 -0.17 -0.14
-0.15 -0.12 -0.08 -0.03 0.03 0.09 0.16 0.24 0.33 0.42 0.52 0.63 0.75 0.87 1.00 1.14 1.28 1.42 1.56 1.71 1.86 2.00 2.15 2.29 2.42 2.55 2.68 2.79 2.89 2.99 3.07 3.14 3.19 3.23 3.26 3.27 3.27 3.25 3.21 3.16 3.10 3.02 2.93 2.82 2.71 2.58 2.45 2.30 2.16 2.00 1.85 1.69 1.53 1.37 1.22 1.06 0.92 0.78 0.64 0.51 0.39 0.28 0.18 0.09 0.01 -0.06 -0.13 -0.18 -0.22 -0.26 -0.29 -0.31 -0.32 -0.32 -0.32 -0.32 -0.31 -0.29 -0.27 -0.25 -0.23 -0.21 -0.18 -0.15
-0.17 -0.14 -0.10 -0.06 -0.00 0.06 0.13 0.21 0.29 0.39 0.49 0.60 0.72 0.84 0.97 1.11 1.25 1.40 1.55 1.70 1.85 2.00 2.15 2.30 2.44 2.58 2.71 2.83 2.94 3.04 3.13 3.20 3.27 3.31 3.35 3.36 3.36 3.35 3.31 3.27 3.20 3.13 3.03 2.93 2.81 2.69 2.55 2.40 2.25 2.09 1.93 1.77 1.61 1.44 1.28 1.12 0.97 0.82 0.68 0.55 0.43 0.31 0.20 0.11 0.02 -0.06 -0.12 -0.18 -0.23 -0.26 -0.29 -0.31 -0.33 -0.33 -0.33 -0.33 -0.32 -0.31 -0.29 -0.27 -0.24 -0.22 -0.19 -0.16
-0.19 -0.16 -0.12 -0.08 -0.03 0.03 0.10 0.18 0.26 0.36 0.46 0.57 0.69 0.81 0.95 1.09 1.23 1.38 1.53 1.69 1.85 2.00 2.16 2.31 2.46 2.60 2.74 2.87 2.99 3.10 3.19 3.27 3.34 3.40 3.43 3.46 3.46 3.45 3.42 3.37 3.31 3.24 3.14 3.04 2.92 2.79 2.65 2.50 2.35 2.19 2.02 1.85 1.68 1.51 1.35 1.18 1.02 0.87 0.72 0.59 0.46 0.34 0.22 0.12 0.03 -0.05 -0.12 -0.18 -0.23 -0.27 -0.30 -0.32 -0.34 -0.35 -0.35 -0.34 -0.33 -0.32 -0.30 -0.28 -0.26 -0.23 -0.20 -0.17
-0.21 -0.18 -0.15 -0.10 -0.05 0.01 0.07 0.15 0.23 0.33 0.43 0.54 0.66 0.79 0.92 1.07 1.21 1.37 1.52 1.69 1.85 2.01 2.17 2.33 2.49 2.64 2.78 2.92 3.04 3.16 3.26 3.35 3.42 3.48 3.52 3.55 3.56 3.55 3.52 3.48 3.42 3.35 3.26 3.15 3.03 2.90 2.76 2.60 2.44 2.28 2.11 1.93 1.76 1.59 1.41 1.24 1.08 0.92 0.77 0.62 0.49 0.36 0.25 0.14 0.05 -0.04 -0.11 -0.18 -0.23 -0.27 -0.30 -0.33 -0.35 -0.36 -0.36 -0.35 -0.34 -0.33 -0.31 -0.29 -0.27 -0.24 -0.21 -0.19
-0.23 -0.20 -0.16 -0.12 -0.07 -0.02 0.05 0.13 0.21 0.30 0.41 0.52 0.64 0.77 0.91 1.05 1.20 1.36 1.52 1.68 1.85 2.02 2.19 2.35 2.51 2.67 2.82 2.96 3.10 3.22 3.33 3.42 3.50 3.57 3.61 3.64 3.66 3.65 3.63 3.59 3.53 3.46 3.36 3.26 3.14 3.00 2.86 2.70 2.54 2.37 2.19 2.02 1.84 1.66 1.48 1.30 1.13 0.97 0.81 0.66 0.52 0.39 0.27 0.16 0.06 -0.03 -0.11 -0.17 -0.23 -0.27 -0.31 -0.34 -0.36 -0.37 -0.37 -0.37 -0.36 -0.34 -0.32 -0.30 -0.28 -0.25 -0.22 -0.20
-0.24 -0.21 -0.18 -0.14 -0.09 -0.04 0.03 0.11 0.19 0.28 0.39 0.50 0.62 0.75 0.89 1.04 1.19 1.35 1.52 1.69 1.86 2.03 2.21 2.38 2.54 2.71 2.86 3.01 3.15 3.28 3.39 3.49 3.58 3.65 3.70 3.74 3.76 3.75 3.73 3.69 3.64 3.56 3.47 3.36 3.24 3.11 2.96 2.80 2.63 2.46 2.28 2.09 1.91 1.72 1.54 1.36 1.18 1.01 0.85 0.69 0.55 0.41 0.29 0.17 0.07 -0.02 -0.10 -0.17 -0.23 -0.28 -0.32 -0.34 -0.36 -0.37 -0.38 -0.38 -0.37 -0.35 -0.34 -0.31 -0.29 -0.26 -0.24 -0.21
-0.25 -0.23 -0.19 -0.15 -0.11 -0.05 0.01 0.09 0.17 0.27 0.37 0.49 0.61 0.74 0.88 1.03 1.19 1.35 1.52 1.69 1.87 2.05 2.23 2.40 2.58 2.74 2.91 3.06 3.21 3.34 3.46 3.57 3.66 3.73 3.79 3.83 3.85 3.85 3.83 3.80 3.74 3.67 3.58 3.47 3.34 3.21 3.05 2.89 2.72 2.54 2.36 2.17 1.98 1.79 1.60 1.41 1.23 1.06 0.89 0.73 0.58 0.44 0.31 0.19 0.08 -0.02 -0.10 -0.17 -0.23 -0.28 -0.32 -0.35 -0.37 -0.38 -0.39 -0.39 -0.38 -0.37 -0.35 -0.33 -0.30 -0.27 -0.25 -0.22
-0.26 -0.24 -0.20 -0.17 -0.12 -0.06 0.00 0.08 0.16 0.25 0.36 0.47 0.60 0.73 0.88 1.03 1.19 1.35 1.53 1.70 1.88 2.06 2.25 2.43 2.61 2.78 2.95 3.11 3.26 3.40 3.53 3.64 3.73 3.81 3.88 3.92 3.94 3.95 3.93 3.89 3.84 3.77 3.67 3.56 3.44 3.30 3.15 2.98 2.81 2.62 2.44 2.24 2.05 1.85 1.66 1.46 1.28 1.10 0.92 0.76 0.60 0.46 0.32 0.20 0.09 -0.01 -0.09 -0.17 -0.23 -0.28 -0.33 -0.36 -0.38 -0.39 -0.40 -0.40 -0.39 -0.38 -0.36 -0.34 -0.31 -0.28 -0.25 -0.22
-0.26 -0.24 -0.21 -0.18 -0.13 -0.07 -0.01 0.06 0.15 0.24 0.35 0.46 0.59 0.73 0.87 1.02 1.19 1.36 1.53 1.71 1.90 2.08 2.27 2.46 2.64 2.82 2.99 3.16 3.31 3.46 3.59 3.70 3.81 3.89 3.95 4.00 4.03 4.03 4.02 3.99 3.93 3.86 3.77 3.66 3.53 3.39 3.23 3.06 2.89 2.70 2.51 2.31 2.11 1.91 1.71 1.51 1.32 1.14 0.96 0.79 0.63 0.48 0.34 0.21 0.10 -0.00 -0.09 -0.17 -0.23 -0.29 -0.33 -0.36 -0.39 -0.40 -0.41 -0.41 -0.40 -0.39 -0.37 -0.35 -0.32 -0.29 -0.26 -0.23
-0.27 -0.25 -0.22 -0.18 -0.14 -0.08 -0.02 0.06 0.14 0.24 0.34 0.46 0.59 0.72 0.87 1.02 1.19 1.36 1.54 1.72 1.91 2.10 2.29 2.48 2.67 2.85 3.03 3.20 3.36 3.51 3.65 3.77 3.87 3.96 4.03 4.08 4.11 4.12 4.10 4.07 4.02 3.94 3.85 3.74 3.61 3.47 3.31 3.14 2.96 2.77 2.57 2.37 2.17 1.96 1.76 1.56 1.36 1.17 0.99 0.81 0.65 0.50 0.35 0.23 0.11 0.00 -0.09 -0.17 -0.24 -0.29 -0.34 -0.37 -0.39 -0.41 -0.42 -0.41 -0.41 -0.39 -0.38 -0.35 -0.33 -0.30 -0.27 -0.24
-0.27 -0.25 -0.22 -0.18 -0.14 -0.09 -0.02 0.05 0.14 0.23 0.34 0.46 0.58 0.72 0.87 1.03 1.19 1.37 1.55 1.73 1.92 2.12 2.31 2.51 2.70 2.89 3.07 3.24 3.41 3.56 3.70 3.82 3.93 4.02 4.09 4.15 4.18 4.19 4.18 4.15 4.09 4.02 3.93 3.81 3.68 3.54 3.38 3.21 3.02 2.83 2.63 2.42 2.22 2.01 1.80 1.59 1.39 1.20 1.01 0.84 0.67 0.51 0.37 0.24 0.12 0.01 -0.09 -0.17 -0.24 -0.29 -0.34 -0.37 -0.40 -0.42 -0.42 -0.42 -0.42 -0.40 -0.38 -0.36 -0.34 -0.31 -0.28 -0.25
-0.27 -0.25 -0.22 -0.19 -0.14 -0.09 -0.02 0.05 0.14 0.23 0.34 0.45 0.58 0.72 0.87 1.03 1.20 1.37 1.56 1.74 1.94 2.13 2.33 2.53 2.72 2.91 3.10 3.28 3.44 3.60 3.74 3.87 3.98 4.08 4.15 4.20 4.24 4.25 4.24 4.21 4.16 4.08 3.99 3.88 3.75 3.60 3.44 3.26 3.08 2.88 2.68 2.47 2.26 2.05 1.84 1.63 1.42 1.23 1.04 0.86 0.68 0.53 0.38 0.24 0.12 0.01 -0.08 -0.17 -0.24 -0.30 -0.34 -0.38 -0.41 -0.42 -0.43 -0.43 -0.42 -0.41 -0.39 -0.37 -0.34 -0.32 -0.29 -0.25
-0.27 -0.25 -0.22 -0.18 -0.14 -0.09 -0.02 0.05 0.14 0.23 0.34 0.46 0.58 0.72 0.87 1.03 1.20 1.38 1.56 1.75 1.95 2.15 2.35 2.55 2.74 2.94 3.13 3.31 3.48 3.64 3.78 3.91 4.03 4.12 4.20 4.25 4.29 4.30 4.29 4.26 4.21 4.14 4.04 3.93 3.80 3.65 3.49 3.31 3.12 2.92 2.72 2.51 2.29 2.08 1.86 1.65 1.45 1.25 1.05 0.87 0.70 0.54 0.39 0.25 0.12 0.01 -0.08 -0.17 -0.24 -0.30 -0.35 -0.39 -0.41 -0.43 -0.44 -0.44 -0.43 -0.42 -0.40 -0.38 -0.35 -0.32 -0.29 -0.26
-0.26 -0.24 -0.22 -0.18 -0.14 -0.08 -0.02 0.05 0.14 0.23 0.34 0.46 0.59 0.73 0.88 1.04 1.21 1.39 1.57 1.76 1.96 2.16 2.36 2.56 2.76 2.96 3.15 3.33 3.50 3.66 3.81 3.94 4.06 4.16 4.23 4.29 4.33 4.34 4.33 4.30 4.25 4.18 4.08 3.97 3.84 3.69 3.52 3.35 3.16 2.96 2.75 2.54 2.32 2.10 1.89 1.67 1.46 1.26 1.07 0.88 0.71 0.54 0.39 0.25 0.13 0.01 -0.08 -0.17 -0.24 -0.30 -0.35 -0.39 -0.42 -0.43 -0.44 -0.44 -0.44 -0.42 -0.40 -0.38 -0.36 -0.33 -0.30 -0.26
-0.26 -0.24 -0.21 -0.17 -0.13 -0.08 -0.01 0.06 0.14 0.24 0.34 0.46 0.59 0.73 0.88 1.04 1.21 1.39 1.58 1.77 1.97 2.17 2.37 2.57 2.77 2.97 3.16 3.34 3.52 3.68 3.83 3.96 4.08 4.18 4.26 4.32 4.35 4.37 4.36 4.33 4.28 4.21 4.11 4.00 3.87 3.72 3.55 3.37 3.18 2.98 2.77 2.56 2.34 2.12 1.90 1.69 1.48 1.27 1.08 0.89 0.71 0.55 0.39 0.25 0.13 0.01 -0.09 -0.17 -0.25 -0.31 -0.36 -0.39 -0.42 -0.44 -0.45 -0.45 -0.44 -0.43 -0.41 -0.39 -0.36 -0.33 -0.30 -0.27
-0.25 -0.23 -0.20 -0.17 -0.12 -0.07 -0.01 0.06 0.15 0.24 0.35 0.47 0.59 0.73 0.88 1.04 1.21 1.39 1.58 1.77 1.97 2.17 2.37 2.57 2.78 2.97 3.16 3.35 3.52 3.69 3.84 3.97 4.09 4.19 4.27 4.33 4.36 4.38 4.37 4.34 4.29 4.22 4.13 4.01 3.88 3.73 3.56 3.38 3.19 2.99 2.78 2.56 2.35 2.13 1.91 1.69 1.48 1.28 1.08 0.89 0.71 0.55 0.39 0.25 0.12 0.01 -0.09 -0.18 -0.25 -0.31 -0.36 -0.40 -0.43 -0.44 -0.45 -0.45 -0.44 -0.43 -0.41 -0.39 -0.36 -0.33 -0.30 -0.27
-0.24 -0.22 -0.19 -0.16 -0.12 -0.06 -0.00 0.07 0.15 0.25 0.35 0.47 0.60 0.74 0.89 1.05 1.21 1.39 1.58 1.77 1.97 2.17 2.37 2.57 2.77 2.97 3.16 3.34 3.52 3.68 3.83 3.97 4.08 4.18 4.26 4.32 4.36 4.38 4.37 4.34 4.29 4.22 4.13 4.01 3.88 3.73 3.56 3.38 3.19 2.99 2.78 2.56 2.35 2.13 1.91 1.69 1.48 1.27 1.08 0.89 0.71 0.54 0.39 0.25 0.12 0.01 -0.09 -0.18 -0.25 -0.32 -0.36 -0.40 -0.43 -0.45 -0.45 -0.45 -0.45 -0.43 -0.42 -0.39 -0.37 -0.34 -0.30 -0.27
-0.23 -0.21 -0.18 -0.15 -0.11 -0.05 0.01 0.08 0.16 0.25 0.36 0.47 0.60 0.74 0.89 1.05 1.21 1.39 1.57 1.76 1.96 2.16 2.36 2.56 2.76 2.96 3.15 3.33 3.51 3.67 3.82 3.95 4.07 4.17 4.25 4.31 4.35 4.36 4.36 4.33 4.28 4.20 4.11 4.00 3.86 3.71 3.55 3.37 3.18 2.98 2.77 2.55 2.33 2.12 1.90 1.68 1.47 1.26 1.07 0.88 0.70 0.54 0.38 0.24 0.12 0.00 -0.10 -0.18 -0.26 -0.32 -0.37 -0.41 -0.43 -0.45 -0.46 -0.46 -0.45 -0.44 -0.42 -0.39 -0.37 -0.34 -0.31 -0.27
-0.22 -0.20 -0.17 -0.14 -0.10 -0.04 0.02 0.09 0.17 0.26 0.36 0.48 0.60 0.74 0.89 1.04 1.21 1.38 1.57 1.76 1.95 2.15 2.35 2.54 2.74 2.94 3.13 3.31 3.48 3.64 3.79 3.92 4.04 4.14 4.22 4.28 4.31 4.33 4.32 4.30 4.24 4.17 4.08 3.97 3.83 3.69 3.52 3.34 3.15 2.95 2.74 2.53 2.31 2.10 1.88 1.66 1.45 1.25 1.05 0.87 0.69 0.53 0.37 0.23 0.11 -0.00 -0.10 -0.19 -0.26 -0.32 -0.37 -0.41 -0.43 -0.45 -0.46 -0.46 -0.45 -0.44 -0.42 -0.39 -0.37 -0.34 -0.31 -0.27
-0.20 -0.18 -0.16 -0.13 -0.08 -0.03 0.03 0.10 0.18 0.27 0.37 0.48 0.61 0.74 0.88 1.04 1.20 1.38 1.56 1.74 1.93 2.13 2.32 2.52 2.72 2.91 3.10 3.27 3.44 3.60 3.75 3.88 4.00 4.09 4.17 4.23 4.27 4.28 4.28 4.25 4.20 4.13 4.03 3.92 3.79 3.64 3.48 3.30 3.12 2.92 2.71 2.50 2.28 2.07 1.85 1.64 1.43 1.23 1.04 0.85 0.68 0.51 0.36 0.22 0.10 -0.01 -0.11 -0.19 -0.27 -0.33 -0.37 -0.41 -0.44 -0.45 -0.46 -0.46 -0.45 -0.44 -0.42 -0.39 -0.37 -0.34 -0.30 -0.27
-0.19 -0.17 -0.15 -0.11 -0.07 -0.02 0.04 0.11 0.18 0.27 0.37 0.48 0.61 0.74 0.88 1.03 1.19 1.36 1.54 1.72 1.91 2.10 2.30 2.49 2.68 2.87 3.05 3.23 3.40 3.55 3.70 3.83 3.94 4.04 4.11 4.17 4.21 4.22 4.22 4.19 4.14 4.07 3.97 3.86 3.73 3.59 3.43 3.25 3.07 2.87 2.67 2.46 2.24 2.03 1.82 1.61 1.40 1.20 1.01 0.83 0.66 0.50 0.35 0.21 0.09 -0.02 -0.12 -0.20 -0.27 -0.33 -0.38 -0.41 -0.44 -0.45 -0.46 -0.46 -0.45 -0.43 -0.41 -0.39 -0.36 -0.33 -0.30 -0.27
-0.18 -0.16 -0.13 -0.10 -0.06 -0.01 0.05 0.11 0.19 0.28 0.38 0.49 0.60 0.73 0.87 1.02 1.18 1.35 1.52 1.70 1.88 2.07 2.26 2.45 2.64 2.82 3.00 3.18 3.34 3.49 3.64 3.76 3.87 3.97 4.04 4.10 4.13 4.15 4.14 4.11 4.06 3.99 3.90 3.79 3.66 3.52 3.36 3.19 3.01 2.81 2.61 2.41 2.20 1.99 1.78 1.57 1.37 1.17 0.98 0.80 0.64 0.48 0.33 0.20 0.08 -0.03 -0.12 -0.21 -0.28 -0.33 -0.38 -0.41 -0.44 -0.45 -0.46 -0.45 -0.45 -0.43 -0.41 -0.39 -0.36 -0.33 -0.30 -0.26
-0.16 -0.14 -0.12 -0.09 -0.05 -0.00 0.06 0.12 0.20 0.28 0.38 0.49 0.60 0.73 0.86 1.01 1.16 1.33 1.49 1.67 1.85 2.03 2.22 2.40 2.59 2.77 2.94 3.11 3.27 3.42 3.56 3.68 3.79 3.88 3.96 4.01 4.04 4.06 4.05 4.02 3.97 3.90 3.81 3.71 3.58 3.44 3.28 3.11 2.93 2.74 2.55 2.35 2.14 1.93 1.73 1.53 1.33 1.14 0.95 0.78 0.61 0.46 0.31 0.18 0.06 -0.04 -0.13 -0.21 -0.28 -0.33 -0.38 -0.41 -0.43 -0.45 -0.45 -0.45 -0.44 -0.43 -0.41 -0.38 -0.36 -0.33 -0.29 -0.26
-0.15 -0.13 -0.11 -0.08 -0.04 0.01 0.07 0.13 0.20 0.29 0.38 0.48 0.60 0.72 0.85 0.99 1.14 1.30 1.47 1.64 1.81 1.99 2.17 2.35 2.53 2.70 2.88 3.04 3.20 3.34 3.47 3.59 3.70 3.79 3.86 3.91 3.94 3.96 3.95 3.92 3.87 3.80 3.72 3.61 3.49 3.35 3.20 3.03 2.85 2.67 2.48 2.28 2.08 1.88 1.68 1.48 1.28 1.10 0.92 0.74 0.58 0.43 0.29 0.17 0.05 -0.05 -0.14 -0.22 -0.28 -0.34 -0.38 -0.41 -0.43 -0.44 -0.45 -0.45 -0.44 -0.42 -0.40 -0.38 -0.35 -0.32 -0.29 -0.25
-0.14 -0.12 -0.09 -0.06 -0.03 0.02 0.07 0.14 0.21 0.29 0.38 0.48 0.59 0.71 0.84 0.97 1.12 1.27 1.43 1.60 1.77 1.94 2.12 2.29 2.46 2.63 2.80 2.96 3.11 3.25 3.38 3.49 3.60 3.68 3.75 3.80 3.83 3.84 3.83 3.80 3.76 3.69 3.60 3.50 3.38 3.25 3.10 2.93 2.76 2.58 2.39 2.20 2.01 1.81 1.62 1.42 1.23 1.05 0.88 0.71 0.55 0.41 0.27 0.15 0.04 -0.06 -0.15 -0.22 -0.29 -0.34 -0.38 -0.41 -0.43 -0.44 -0.44 -0.44 -0.43 -0.41 -0.39 -0.37 -0.34 -0.31 -0.28 -0.25
-0.12 -0.10 -0.08 -0.05 -0.01 0.03 0.08 0.14 0.21 0.29 0.38 0.47 0.58 0.70 0.82 0.95 1.09 1.24 1.40 1.56 1.72 1.89 2.05 2.22 2.39 2.55 2.71 2.87 3.01 3.15 3.27 3.38 3.48 3.56 3.63 3.68 3.71 3.72 3.71 3.68 3.63 3.57 3.48 3.38 3.27 3.13 2.99 2.83 2.66 2.49 2.31 2.12 1.93 1.74 1.55 1.36 1.18 1.00 0.83 0.67 0.52 0.38 0.25 0.13 0.02 -0.07 -0.16 -0.23 -0.29 -0.34 -0.38 -0.40 -0.42 -0.43 -0.44 -0.43 -0.42 -0.40 -0.38 -0.36 -0.33 -0.30 -0.27 -0.24
-0.11 -0.09 -0.07 -0.04 -0.00 0.04 0.09 0.15 0.21 0.29 0.37 0.47 0.57 0.68 0.80 0.93 1.06 1.21 1.35 1.51 1.67 1.83 1.99 2.15 2.31 2.47 2.62 2.77 2.91 3.04 3.16 3.27 3.36 3.44 3.50 3.54 3.57 3.58 3.57 3.54 3.50 3.43 3.35 3.25 3.14 3.01 2.87 2.72 2.56 2.39 2.21 2.03 1.85 1.66 1.48 1.30 1.12 0.95 0.79 0.63 0.49 0.35 0.23 0.11 0.01 -0.08 -0.16 -0.23 -0.29 -0.34 -0.37 -0.40 -0.42 -0.43 -0.43 -0.42 -0.41 -0.39 -0.37 -0.35 -0.32 -0.29 -0.26 -0.23
-0.10 -0.08 -0.06 -0.03 0.00 0.05 0.09 0.15 0.21 0.29 0.37 0.46 0.56 0.66 0.78 0.90 1.03 1.17 1.31 1.46 1.61 1.76 1.92 2.07 2.23 2.38 2.53 2.67 2.80 2.92 3.04 3.14 3.23 3.30 3.36 3.40 3.43 3.44 3.43 3.40 3.36 3.29 3.21 3.12 3.01 2.89 2.75 2.60 2.45 2.28 2.11 1.94 1.76 1.58 1.41 1.23 1.06 0.90 0.74 0.59 0.45 0.32 0.20 0.09 -0.01 -0.09 -0.17 -0.24 -0.29 -0.33 -0.37 -0.39 -0.41 -0.42 -0.42 -0.41 -0.40 -0.38 -0.36 -0.34 -0.31 -0.28 -0.25 -0.22
