speedsAfterKrig/output_residuos_18_2006.asc
NCOLS          173       
NROWS          329       
XLLCENTER      510425.00 
YLLCENTER      8547775.00
DX             50.00     
DY             50.00     
NODATA_VALUE   -999.00   
[rows 180 to 215 of 329, columns 82 to 163 of 173]
0.11 0.12 0.13 0.14 0.16 0.17 0.19 0.20 0.22 0.23 0.25 0.27 0.28 0.30 0.32 0.33 0.35 0.36 0.37 0.38 0.39 0.40 0.40 0.41 0.41 0.41 0.41 0.40 0.40 0.39 0.39 0.38 0.36 0.35 0.34 0.32 0.31 0.29 0.27 0.25 0.24 0.22 0.20 0.18 0.16 0.14 0.12 0.11 0.09 0.07 0.06 0.04 0.03 0.02 0.01 -0.01 -0.02 -0.02 -0.03 -0.04 -0.04 -0.05 -0.05 -0.05 -0.06 -0.06 -0.06 -0.06 -0.06 -0.05 -0.05 -0.05 -0.05 -0.04 -0.04 -0.03 -0.03 -0.03 -0.02 -0.02 -0.01 -0.00
0.12 0.13 0.14 0.16 0.17 0.19 0.20 0.22 0.24 0.25 0.27 0.29 0.31 0.32 0.34 0.36 0.37 0.38 0.40 0.41 0.42 0.42 0.43 0.43 0.44 0.44 0.44 0.43 0.43 0.42 0.41 0.40 0.39 0.38 0.36 0.34 0.33 0.31 0.29 0.27 0.25 0.23 0.21 0.19 0.17 0.16 0.14 0.12 0.10 0.08 0.07 0.05 0.04 0.02 0.01 0.00 -0.01 -0.02 -0.03 -0.03 -0.04 -0.05 -0.05 -0.05 -0.05 -0.06 -0.06 -0.06 -0.06 -0.05 -0.05 -0.05 -0.05 -0.04 -0.04 -0.03 -0.03 -0.03 -0.02 -0.02 -0.01 -0.01
0.13 0.14 0.15 0.17 0.18 0.20 0.22 0.24 0.25 0.27 0.29 0.31 0.33 0.35 0.37 0.38 0.40 0.41 0.42 0.44 0.44 0.45 0.46 0.46 0.47 0.47 0.46 0.46 0.45 0.45 0.44 0.43 0.41 0.40 0.38 0.37 0.35 0.33 0.31 0.29 0.27 0.25 0.23 0.21 0.19 0.17 0.15 0.13 0.11 0.09 0.08 0.06 0.05 0.03 0.02 0.01 -0.00 -0.01 -0.02 -0.03 -0.04 -0.04 -0.05 -0.05 -0.05 -0.05 -0.05 -0.05 -0.05 -0.05 -0.05 -0.05 -0.05 -0.04 -0.04 -0.04 -0.03 -0.03 -0.02 -0.02 -0.01 -0.01
0.14 0.15 0.16 0.18 0.20 0.21 0.23 0.25 0.27 0.29 0.31 0.33 0.35 0.37 0.39 0.41 0.42 0.44 0.45 0.46 0.47 0.48 0.49 0.49 0.49 0.49 0.49 0.49 0.48 0.47 0.46 0.45 0.44 0.42 0.41 0.39 0.37 0.35 0.33 0.31 0.29 0.27 0.25 0.23 0.20 0.18 0.16 0.14 0.12 0.10 0.09 0.07 0.05 0.04 0.03 0.01 0.00 -0.01 -0.02 -0.03 -0.03 -0.04 -0.04 -0.05 -0.05 -0.05 -0.05 -0.05 -0.05 -0.05 -0.05 -0.05 -0.05 -0.04 -0.04 -0.04 -0.03 -0.03 -0.02 -0.02 -0.01 -0.01
0.14 0.16 0.17 0.19 0.21 0.23 0.25 0.27 0.29 0.31 0.33 0.35 0.38 0.40 0.41 0.43 0.45 0.47 0.48 0.49 0.50 0.51 0.52 0.52 0.52 0.52 0.52 0.52 0.51 0.50 0.49 0.48 0.47 0.45 0.43 0.42 0.40 0.38 0.35 0.33 0.31 0.29 0.27 0.24 0.22 0.20 0.18 0.16 0.14 0.12 0.10 0.08 0.06 0.05 0.03 0.02 0.01 -0.00 -0.01 -0.02 -0.03 -0.03 -0.04 -0.04 -0.05 -0.05 -0.05 -0.05 -0.05 -0.05 -0.05 -0.05 -0.04 -0.04 -0.04 -0.03 -0.03 -0.03 -0.02 -0.02 -0.01 -0.01
0.15 0.16 0.18 0.20 0.22 0.24 0.26 0.29 0.31 0.33 0.35 0.38 0.40 0.42 0.44 0.46 0.48 0.49 0.51 0.52 0.53 0.54 0.55 0.55 0.55 0.55 0.55 0.55 0.54 0.53 0.52 0.51 0.49 0.48 0.46 0.44 0.42 0.40 0.38 0.35 0.33 0.31 0.28 0.26 0.24 0.21 0.19 0.17 0.15 0.13 0.11 0.09 0.07 0.06 0.04 0.03 0.02 0.00 -0.01 -0.02 -0.02 -0.03 -0.04 -0.04 -0.04 -0.05 -0.05 -0.05 -0.05 -0.05 -0.05 -0.05 -0.04 -0.04 -0.04 -0.03 -0.03 -0.03 -0.02 -0.02 -0.01 -0.01
0.15 0.17 0.19 0.21 0.23 0.25 0.28 0.30 0.33 0.35 0.37 0.40 0.42 0.44 0.46 0.48 0.50 0.52 0.54 0.55 0.56 0.57 0.58 0.58 0.58 0.58 0.58 0.58 0.57 0.56 0.55 0.54 0.52 0.50 0.48 0.46 0.44 0.42 0.40 0.37 0.35 0.33 0.30 0.28 0.25 0.23 0.21 0.18 0.16 0.14 0.12 0.10 0.08 0.07 0.05 0.04 0.02 0.01 0.00 -0.01 -0.02 -0.02 -0.03 -0.04 -0.04 -0.04 -0.04 -0.05 -0.05 -0.05 -0.05 -0.04 -0.04 -0.04 -0.04 -0.03 -0.03 -0.03 -0.02 -0.02 -0.01 -0.01
0.16 0.18 0.20 0.22 0.24 0.27 0.29 0.32 0.34 0.37 0.39 0.42 0.44 0.47 0.49 0.51 0.53 0.55 0.56 0.58 0.59 0.60 0.61 0.61 0.61 0.61 0.61 0.61 0.60 0.59 0.58 0.56 0.55 0.53 0.51 0.49 0.47 0.45 0.42 0.40 0.37 0.35 0.32 0.30 0.27 0.25 0.22 0.20 0.17 0.15 0.13 0.11 0.09 0.08 0.06 0.04 0.03 0.02 0.01 -0.00 -0.01 -0.02 -0.03 -0.03 -0.04 -0.04 -0.04 -0.04 -0.04 -0.04 -0.04 -0.04 -0.04 -0.04 -0.04 -0.03 -0.03 -0.03 -0.02 -0.02 -0.02 -0.01
0.16 0.19 0.21 0.23 0.25 0.28 0.31 0.33 0.36 0.39 0.41 0.44 0.46 0.49 0.51 0.53 0.56 0.57 0.59 0.61 0.62 0.63 0.64 0.64 0.64 0.64 0.64 0.63 0.63 0.62 0.61 0.59 0.57 0.56 0.54 0.52 0.49 0.47 0.44 0.42 0.39 0.37 0.34 0.31 0.29 0.26 0.24 0.21 0.19 0.17 0.14 0.12 0.10 0.09 0.07 0.05 0.04 0.03 0.01 0.00 -0.01 -0.01 -0.02 -0.03 -0.03 -0.04 -0.04 -0.04 -0.04 -0.04 -0.04 -0.04 -0.04 -0.04 -0.04 -0.03 -0.03 -0.03 -0.02 -0.02 -0.02 -0.01
0.17 0.19 0.21 0.24 0.27 0.29 0.32 0.35 0.38 0.40 0.43 0.46 0.49 0.51 0.54 0.56 0.58 0.60 0.62 0.63 0.65 0.66 0.66 0.67 0.67 0.67 0.67 0.66 0.66 0.65 0.63 0.62 0.60 0.58 0.56 0.54 0.52 0.49 0.47 0.44 0.41 0.39 0.36 0.33 0.30 0.28 0.25 0.23 0.20 0.18 0.16 0.13 0.11 0.10 0.08 0.06 0.05 0.03 0.02 0.01 -0.00 -0.01 -0.02 -0.02 -0.03 -0.03 -0.04 -0.04 -0.04 -0.04 -0.04 -0.04 -0.04 -0.04 -0.04 -0.03 -0.03 -0.03 -0.02 -0.02 -0.02 -0.01
0.17 0.20 0.22 0.25 0.28 0.30 0.33 0.36 0.39 0.42 0.45 0.48 0.51 0.53 0.56 0.58 0.61 0.63 0.64 0.66 0.67 0.68 0.69 0.70 0.70 0.70 0.70 0.69 0.68 0.67 0.66 0.65 0.63 0.61 0.59 0.56 0.54 0.52 0.49 0.46 0.43 0.41 0.38 0.35 0.32 0.29 0.27 0.24 0.22 0.19 0.17 0.15 0.13 0.11 0.09 0.07 0.05 0.04 0.03 0.02 0.01 -0.00 -0.01 -0.02 -0.02 -0.03 -0.03 -0.03 -0.04 -0.04 -0.04 -0.04 -0.04 -0.04 -0.03 -0.03 -0.03 -0.03 -0.02 -0.02 -0.02 -0.01
0.18 0.20 0.23 0.26 0.29 0.32 0.35 0.38 0.41 0.44 0.47 0.50 0.53 0.56 0.58 0.61 0.63 0.65 0.67 0.69 0.70 0.71 0.72 0.73 0.73 0.73 0.73 0.72 0.71 0.70 0.69 0.67 0.65 0.63 0.61 0.59 0.56 0.54 0.51 0.48 0.45 0.43 0.40 0.37 0.34 0.31 0.28 0.26 0.23 0.20 0.18 0.16 0.14 0.12 0.10 0.08 0.06 0.05 0.03 0.02 0.01 0.00 -0.01 -0.01 -0.02 -0.02 -0.03 -0.03 -0.03 -0.04 -0.04 -0.04 -0.04 -0.03 -0.03 -0.03 -0.03 -0.03 -0.02 -0.02 -0.02 -0.01
0.18 0.21 0.24 0.26 0.29 0.33 0.36 0.39 0.42 0.45 0.49 0.52 0.55 0.58 0.60 0.63 0.65 0.68 0.69 0.71 0.73 0.74 0.75 0.75 0.76 0.76 0.75 0.75 0.74 0.73 0.71 0.70 0.68 0.66 0.64 0.61 0.59 0.56 0.53 0.50 0.47 0.45 0.42 0.39 0.36 0.33 0.30 0.27 0.24 0.22 0.19 0.17 0.15 0.13 0.11 0.09 0.07 0.06 0.04 0.03 0.02 0.01 -0.00 -0.01 -0.02 -0.02 -0.03 -0.03 -0.03 -0.03 -0.03 -0.03 -0.03 -0.03 -0.03 -0.03 -0.03 -0.03 -0.02 -0.02 -0.02 -0.01
0.19 0.21 0.24 0.27 0.30 0.34 0.37 0.40 0.44 0.47 0.50 0.53 0.57 0.60 0.62 0.65 0.68 0.70 0.72 0.74 0.75 0.76 0.77 0.78 0.78 0.78 0.78 0.77 0.77 0.75 0.74 0.72 0.71 0.68 0.66 0.64 0.61 0.58 0.55 0.52 0.49 0.46 0.43 0.40 0.37 0.34 0.31 0.28 0.26 0.23 0.20 0.18 0.16 0.14 0.11 0.10 0.08 0.06 0.05 0.03 0.02 0.01 0.00 -0.00 -0.01 -0.02 -0.02 -0.03 -0.03 -0.03 -0.03 -0.03 -0.03 -0.03 -0.03 -0.03 -0.03 -0.03 -0.02 -0.02 -0.02 -0.01
0.19 0.22 0.25 0.28 0.31 0.35 0.38 0.41 0.45 0.48 0.52 0.55 0.58 0.61 0.64 0.67 0.70 0.72 0.74 0.76 0.78 0.79 0.80 0.80 0.81 0.81 0.81 0.80 0.79 0.78 0.77 0.75 0.73 0.71 0.68 0.66 0.63 0.60 0.57 0.54 0.51 0.48 0.45 0.42 0.39 0.36 0.33 0.30 0.27 0.24 0.22 0.19 0.17 0.14 0.12 0.10 0.09 0.07 0.05 0.04 0.03 0.02 0.01 -0.00 -0.01 -0.01 -0.02 -0.02 -0.03 -0.03 -0.03 -0.03 -0.03 -0.03 -0.03 -0.03 -0.03 -0.03 -0.02 -0.02 -0.02 -0.02
0.19 0.22 0.25 0.29 0.32 0.35 0.39 0.43 0.46 0.50 0.53 0.57 0.60 0.63 0.66 0.69 0.72 0.74 0.76 0.78 0.80 0.81 0.82 0.83 0.83 0.83 0.83 0.82 0.81 0.80 0.79 0.77 0.75 0.73 0.71 0.68 0.65 0.62 0.59 0.56 0.53 0.50 0.47 0.44 0.40 0.37 0.34 0.31 0.28 0.25 0.23 0.20 0.18 0.15 0.13 0.11 0.09 0.08 0.06 0.05 0.03 0.02 0.01 0.00 -0.00 -0.01 -0.02 -0.02 -0.02 -0.03 -0.03 -0.03 -0.03 -0.03 -0.03 -0.03 -0.03 -0.03 -0.02 -0.02 -0.02 -0.02
0.20 0.23 0.26 0.29 0.33 0.36 0.40 0.44 0.47 0.51 0.55 0.58 0.62 0.65 0.68 0.71 0.74 0.76 0.78 0.80 0.82 0.83 0.84 0.85 0.85 0.85 0.85 0.85 0.84 0.83 0.81 0.79 0.77 0.75 0.73 0.70 0.67 0.64 0.61 0.58 0.55 0.52 0.48 0.45 0.42 0.39 0.36 0.32 0.29 0.27 0.24 0.21 0.19 0.16 0.14 0.12 0.10 0.08 0.07 0.05 0.04 0.03 0.02 0.01 -0.00 -0.01 -0.01 -0.02 -0.02 -0.03 -0.03 -0.03 -0.03 -0.03 -0.03 -0.03 -0.03 -0.03 -0.02 -0.02 -0.02 -0.02
0.20 0.23 0.26 0.30 0.33 0.37 0.41 0.45 0.48 0.52 0.56 0.59 0.63 0.66 0.70 0.73 0.75 0.78 0.80 0.82 0.84 0.85 0.86 0.87 0.88 0.88 0.87 0.87 0.86 0.85 0.83 0.82 0.79 0.77 0.75 0.72 0.69 0.66 0.63 0.60 0.57 0.53 0.50 0.47 0.43 0.40 0.37 0.34 0.31 0.28 0.25 0.22 0.20 0.17 0.15 0.13 0.11 0.09 0.07 0.06 0.04 0.03 0.02 0.01 0.00 -0.00 -0.01 -0.02 -0.02 -0.02 -0.03 -0.03 -0.03 -0.03 -0.03 -0.03 -0.03 -0.03 -0.02 -0.02 -0.02 -0.02
0.20 0.23 0.27 0.30 0.34 0.38 0.41 0.45 0.49 0.53 0.57 0.61 0.64 0.68 0.71 0.74 0.77 0.80 0.82 0.84 0.86 0.87 0.88 0.89 0.90 0.90 0.89 0.89 0.88 0.87 0.85 0.83 0.81 0.79 0.77 0.74 0.71 0.68 0.65 0.62 0.58 0.55 0.51 0.48 0.45 0.41 0.38 0.35 0.32 0.29 0.26 0.23 0.20 0.18 0.16 0.13 0.11 0.10 0.08 0.06 0.05 0.04 0.02 0.01 0.01 -0.00 -0.01 -0.01 -0.02 -0.02 -0.03 -0.03 -0.03 -0.03 -0.03 -0.03 -0.03 -0.03 -0.03 -0.02 -0.02 -0.02
0.20 0.23 0.27 0.31 0.34 0.38 0.42 0.46 0.50 0.54 0.58 0.62 0.65 0.69 0.72 0.76 0.78 0.81 0.84 0.86 0.87 0.89 0.90 0.91 0.91 0.92 0.91 0.91 0.90 0.89 0.87 0.85 0.83 0.81 0.78 0.76 0.73 0.70 0.66 0.63 0.60 0.56 0.53 0.49 0.46 0.43 0.39 0.36 0.33 0.30 0.27 0.24 0.21 0.19 0.16 0.14 0.12 0.10 0.08 0.07 0.05 0.04 0.03 0.02 0.01 -0.00 -0.01 -0.01 -0.02 -0.02 -0.02 -0.03 -0.03 -0.03 -0.03 -0.03 -0.03 -0.03 -0.03 -0.02 -0.02 -0.02
0.20 0.24 0.27 0.31 0.35 0.39 0.43 0.47 0.51 0.55 0.59 0.63 0.66 0.70 0.74 0.77 0.80 0.83 0.85 0.87 0.89 0.91 0.92 0.93 0.93 0.93 0.93 0.92 0.92 0.90 0.89 0.87 0.85 0.83 0.80 0.77 0.74 0.71 0.68 0.65 0.61 0.58 0.54 0.51 0.47 0.44 0.40 0.37 0.34 0.31 0.28 0.25 0.22 0.19 0.17 0.15 0.13 0.11 0.09 0.07 0.06 0.04 0.03 0.02 0.01 0.00 -0.01 -0.01 -0.02 -0.02 -0.02 -0.03 -0.03 -0.03 -0.03 -0.03 -0.03 -0.03 -0.03 -0.02 -0.02 -0.02
0.20 0.24 0.27 0.31 0.35 0.39 0.43 0.47 0.51 0.56 0.60 0.64 0.67 0.71 0.75 0.78 0.81 0.84 0.86 0.89 0.90 0.92 0.93 0.94 0.95 0.95 0.95 0.94 0.93 0.92 0.91 0.89 0.87 0.84 0.82 0.79 0.76 0.73 0.69 0.66 0.63 0.59 0.55 0.52 0.48 0.45 0.41 0.38 0.35 0.32 0.28 0.26 0.23 0.20 0.18 0.15 0.13 0.11 0.09 0.08 0.06 0.05 0.03 0.02 0.01 0.00 -0.00 -0.01 -0.02 -0.02 -0.02 -0.03 -0.03 -0.03 -0.03 -0.03 -0.03 -0.03 -0.03 -0.03 -0.02 -0.02
0.20 0.24 0.28 0.31 0.35 0.39 0.44 0.48 0.52 0.56 0.60 0.64 0.68 0.72 0.76 0.79 0.82 0.85 0.87 0.90 0.92 0.93 0.95 0.96 0.96 0.96 0.96 0.96 0.95 0.94 0.92 0.90 0.88 0.86 0.83 0.80 0.77 0.74 0.71 0.67 0.64 0.60 0.57 0.53 0.49 0.46 0.42 0.39 0.36 0.32 0.29 0.26 0.23 0.21 0.18 0.16 0.14 0.12 0.10 0.08 0.06 0.05 0.04 0.02 0.01 0.00 -0.00 -0.01 -0.02 -0.02 -0.02 -0.03 -0.03 -0.03 -0.03 -0.03 -0.03 -0.03 -0.03 -0.03 -0.02 -0.02
0.20 0.24 0.28 0.32 0.36 0.40 0.44 0.48 0.52 0.57 0.61 0.65 0.69 0.73 0.76 0.80 0.83 0.86 0.89 0.91 0.93 0.95 0.96 0.97 0.97 0.98 0.97 0.97 0.96 0.95 0.93 0.92 0.89 0.87 0.84 0.82 0.79 0.75 0.72 0.69 0.65 0.61 0.58 0.54 0.50 0.47 0.43 0.40 0.36 0.33 0.30 0.27 0.24 0.21 0.19 0.16 0.14 0.12 0.10 0.08 0.07 0.05 0.04 0.03 0.01 0.01 -0.00 -0.01 -0.02 -0.02 -0.02 -0.03 -0.03 -0.03 -0.03 -0.03 -0.03 -0.03 -0.03 -0.03 -0.03 -0.02
0.20 0.24 0.28 0.32 0.36 0.40 0.44 0.48 0.53 0.57 0.61 0.65 0.69 0.73 0.77 0.81 0.84 0.87 0.89 0.92 0.94 0.96 0.97 0.98 0.99 0.99 0.99 0.98 0.97 0.96 0.95 0.93 0.91 0.88 0.86 0.83 0.80 0.77 0.73 0.70 0.66 0.62 0.59 0.55 0.51 0.48 0.44 0.41 0.37 0.34 0.31 0.27 0.25 0.22 0.19 0.17 0.14 0.12 0.10 0.08 0.07 0.05 0.04 0.03 0.02 0.01 -0.00 -0.01 -0.02 -0.02 -0.02 -0.03 -0.03 -0.03 -0.03 -0.03 -0.03 -0.03 -0.03 -0.03 -0.03 -0.02
0.20 0.24 0.28 0.32 0.36 0.40 0.44 0.49 0.53 0.57 0.62 0.66 0.70 0.74 0.78 0.81 0.84 0.87 0.90 0.93 0.95 0.97 0.98 0.99 1.00 1.00 1.00 0.99 0.99 0.97 0.96 0.94 0.92 0.90 0.87 0.84 0.81 0.78 0.74 0.71 0.67 0.64 0.60 0.56 0.52 0.49 0.45 0.41 0.38 0.34 0.31 0.28 0.25 0.22 0.20 0.17 0.15 0.12 0.10 0.09 0.07 0.05 0.04 0.03 0.02 0.01 -0.00 -0.01 -0.02 -0.02 -0.03 -0.03 -0.03 -0.03 -0.03 -0.03 -0.03 -0.03 -0.03 -0.03 -0.03 -0.03
0.20 0.24 0.27 0.31 0.36 0.40 0.44 0.49 0.53 0.58 0.62 0.66 0.70 0.74 0.78 0.82 0.85 0.88 0.91 0.93 0.96 0.97 0.99 1.00 1.01 1.01 1.01 1.00 1.00 0.99 0.97 0.95 0.93 0.91 0.88 0.85 0.82 0.79 0.75 0.72 0.68 0.64 0.61 0.57 0.53 0.49 0.46 0.42 0.39 0.35 0.32 0.29 0.26 0.23 0.20 0.17 0.15 0.13 0.11 0.09 0.07 0.05 0.04 0.03 0.02 0.01 -0.00 -0.01 -0.02 -0.02 -0.03 -0.03 -0.03 -0.03 -0.04 -0.04 -0.04 -0.03 -0.03 -0.03 -0.03 -0.03
0.20 0.23 0.27 0.31 0.36 0.40 0.44 0.49 0.53 0.58 0.62 0.66 0.71 0.75 0.78 0.82 0.86 0.89 0.92 0.94 0.96 0.98 1.00 1.01 1.02 1.02 1.02 1.01 1.01 1.00 0.98 0.96 0.94 0.92 0.89 0.86 0.83 0.80 0.76 0.73 0.69 0.65 0.62 0.58 0.54 0.50 0.46 0.43 0.39 0.36 0.32 0.29 0.26 0.23 0.20 0.18 0.15 0.13 0.11 0.09 0.07 0.05 0.04 0.03 0.01 0.00 -0.00 -0.01 -0.02 -0.02 -0.03 -0.03 -0.03 -0.04 -0.04 -0.04 -0.04 -0.04 -0.03 -0.03 -0.03 -0.03
0.19 0.23 0.27 0.31 0.35 0.40 0.44 0.49 0.53 0.58 0.62 0.67 0.71 0.75 0.79 0.83 0.86 0.89 0.92 0.95 0.97 0.99 1.00 1.02 1.02 1.03 1.03 1.02 1.02 1.01 0.99 0.97 0.95 0.93 0.90 0.87 0.84 0.81 0.77 0.74 0.70 0.66 0.63 0.59 0.55 0.51 0.47 0.43 0.40 0.36 0.33 0.29 0.26 0.23 0.21 0.18 0.15 0.13 0.11 0.09 0.07 0.05 0.04 0.03 0.01 0.00 -0.01 -0.01 -0.02 -0.03 -0.03 -0.03 -0.04 -0.04 -0.04 -0.04 -0.04 -0.04 -0.04 -0.03 -0.03 -0.03
0.19 0.23 0.27 0.31 0.35 0.40 0.44 0.49 0.53 0.58 0.62 0.67 0.71 0.75 0.79 0.83 0.86 0.90 0.93 0.95 0.98 1.00 1.01 1.02 1.03 1.04 1.04 1.03 1.03 1.02 1.00 0.98 0.96 0.94 0.91 0.88 0.85 0.82 0.79 0.75 0.71 0.67 0.63 0.59 0.56 0.52 0.48 0.44 0.40 0.37 0.33 0.30 0.27 0.24 0.21 0.18 0.16 0.13 0.11 0.09 0.07 0.05 0.04 0.02 0.01 0.00 -0.01 -0.02 -0.02 -0.03 -0.03 -0.04 -0.04 -0.04 -0.04 -0.04 -0.04 -0.04 -0.04 -0.04 -0.03 -0.03
0.19 0.23 0.26 0.31 0.35 0.39 0.44 0.49 0.53 0.58 0.62 0.67 0.71 0.75 0.79 0.83 0.87 0.90 0.93 0.96 0.98 1.00 1.02 1.03 1.04 1.05 1.05 1.04 1.04 1.03 1.01 1.00 0.97 0.95 0.92 0.90 0.86 0.83 0.80 0.76 0.72 0.68 0.64 0.60 0.56 0.52 0.49 0.45 0.41 0.37 0.34 0.30 0.27 0.24 0.21 0.18 0.16 0.13 0.11 0.09 0.07 0.05 0.04 0.02 0.01 0.00 -0.01 -0.02 -0.02 -0.03 -0.03 -0.04 -0.04 -0.04 -0.04 -0.04 -0.04 -0.04 -0.04 -0.04 -0.04 -0.03
0.18 0.22 0.26 0.30 0.35 0.39 0.44 0.48 0.53 0.58 0.62 0.67 0.71 0.75 0.80 0.83 0.87 0.91 0.94 0.96 0.99 1.01 1.03 1.04 1.05 1.06 1.06 1.05 1.05 1.04 1.02 1.01 0.99 0.96 0.94 0.91 0.88 0.84 0.81 0.77 0.73 0.69 0.65 0.61 0.57 0.53 0.49 0.45 0.42 0.38 0.34 0.31 0.27 0.24 0.21 0.18 0.16 0.13 0.11 0.09 0.07 0.05 0.04 0.02 0.01 -0.00 -0.01 -0.02 -0.03 -0.03 -0.04 -0.04 -0.04 -0.05 -0.05 -0.05 -0.05 -0.04 -0.04 -0.04 -0.04 -0.03
0.18 0.22 0.26 0.30 0.34 0.39 0.44 0.48 0.53 0.58 0.62 0.67 0.71 0.76 0.80 0.84 0.88 0.91 0.94 0.97 1.00 1.02 1.03 1.05 1.06 1.07 1.07 1.07 1.06 1.05 1.04 1.02 1.00 0.97 0.95 0.92 0.89 0.85 0.82 0.78 0.74 0.70 0.66 0.62 0.58 0.54 0.50 0.46 0.42 0.38 0.35 0.31 0.28 0.25 0.22 0.19 0.16 0.13 0.11 0.09 0.07 0.05 0.03 0.02 0.01 -0.00 -0.01 -0.02 -0.03 -0.04 -0.04 -0.04 -0.05 -0.05 -0.05 -0.05 -0.05 -0.05 -0.05 -0.04 -0.04 -0.04
0.18 0.21 0.25 0.30 0.34 0.39 0.43 0.48 0.53 0.58 0.62 0.67 0.71 0.76 0.80 0.84 0.88 0.92 0.95 0.98 1.00 1.03 1.04 1.06 1.07 1.08 1.08 1.08 1.07 1.06 1.05 1.03 1.01 0.99 0.96 0.93 0.90 0.87 0.83 0.79 0.75 0.71 0.67 0.63 0.59 0.55 0.51 0.47 0.43 0.39 0.35 0.32 0.28 0.25 0.22 0.19 0.16 0.13 0.11 0.09 0.07 0.05 0.03 0.02 0.00 -0.01 -0.02 -0.03 -0.03 -0.04 -0.04 -0.05 -0.05 -0.05 -0.05 -0.05 -0.05 -0.05 -0.05 -0.04 -0.04 -0.04
0.17 0.21 0.25 0.29 0.34 0.38 0.43 0.48 0.53 0.57 0.62 0.67 0.72 0.76 0.80 0.85 0.88 0.92 0.95 0.98 1.01 1.03 1.05 1.07 1.08 1.09 1.09 1.09 1.08 1.08 1.06 1.05 1.03 1.00 0.98 0.95 0.91 0.88 0.84 0.81 0.77 0.73 0.68 0.64 0.60 0.56 0.52 0.48 0.44 0.40 0.36 0.32 0.29 0.25 0.22 0.19 0.16 0.13 0.11 0.09 0.07 0.05 0.03 0.02 0.00 -0.01 -0.02 -0.03 -0.04 -0.04 -0.05 -0.05 -0.05 -0.05 -0.06 -0.05 -0.05 -0.05 -0.05 -0.05 -0.04 -0.04
0.17 0.21 0.25 0.29 0.34 0.38 0.43 0.48 0.53 0.57 0.62 0.67 0.72 0.76 0.81 0.85 0.89 0.93 0.96 0.99 1.02 1.04 1.06 1.08 1.09 1.10 1.10 1.10 1.10 1.09 1.08 1.06 1.04 1.02 0.99 0.96 0.93 0.89 0.86 0.82 0.78 0.74 0.70 0.65 0.61 0.57 0.53 0.48 0.44 0.40 0.36 0.33 0.29 0.26 0.22 0.19 0.16 0.14 0.11 0.09 0.07 0.05 0.03 0.01 -0.00 -0.01 -0.02 -0.03 -0.04 -0.05 -0.05 -0.05 -0.06 -0.06 -0.06 -0.06 -0.06 -0.06 -0.05 -0.05 -0.05 -0.04
