speedsAfterKrig/output_residuos_42_2008.asc
NCOLS          173       
NROWS          329       
XLLCENTER      510425.00 
YLLCENTER      8547775.00
DX             50.00     
DY             50.00     
NODATA_VALUE   -999.00   
[rows 222 to 258 of 329, columns 0 to 83 of 173]
0.22 0.22 0.22 0.22 0.21 0.21 0.20 0.20 0.19 0.19 0.18 0.17 0.17 0.16 0.15 0.15 0.14 0.13 0.12 0.12 0.11 0.10 0.09 0.09 0.08 0.07 0.06 0.06 0.05 0.05 0.04 0.03 0.03 0.02 0.02 0.02 0.01 0.01 0.01 0.01 0.00 0.00 -0.00 -0.00 -0.00 -0.00 -0.00 -0.00 -0.01 -0.01 -0.01 -0.01 -0.01 -0.01 -0.01 -0.01 -0.01 -0.01 -0.01 -0.01 -0.01 -0.01 -0.01 -0.01 -0.01 -0.00 -0.00 0.00 0.01 0.02 0.02 0.03 0.04 0.06 0.07 0.09 0.11 0.13 0.15 0.17 0.20 0.23 0.26 0.30
0.22 0.22 0.22 0.21 0.21 0.21 0.20 0.20 0.19 0.19 0.18 0.17 0.17 0.16 0.15 0.15 0.14 0.13 0.12 0.12 0.11 0.10 0.09 0.08 0.08 0.07 0.06 0.06 0.05 0.04 0.04 0.03 0.03 0.02 0.02 0.02 0.01 0.01 0.01 0.01 0.00 0.00 0.00 -0.00 -0.00 -0.00 -0.00 -0.00 -0.00 -0.01 -0.01 -0.01 -0.01 -0.01 -0.01 -0.01 -0.01 -0.01 -0.01 -0.01 -0.01 -0.01 -0.01 -0.01 -0.01 -0.01 -0.01 -0.00 0.00 0.01 0.02 0.03 0.04 0.05 0.06 0.08 0.10 0.12 0.14 0.17 0.20 0.23 0.26 0.30
0.22 0.22 0.22 0.21 0.21 0.21 0.20 0.20 0.19 0.18 0.18 0.17 0.17 0.16 0.15 0.14 0.14 0.13 0.12 0.11 0.11 0.10 0.09 0.08 0.08 0.07 0.06 0.05 0.05 0.04 0.04 0.03 0.03 0.02 0.02 0.02 0.01 0.01 0.01 0.01 0.00 0.00 0.00 0.00 -0.00 -0.00 -0.00 -0.00 -0.00 -0.00 -0.01 -0.01 -0.01 -0.01 -0.01 -0.01 -0.01 -0.01 -0.01 -0.02 -0.02 -0.02 -0.02 -0.02 -0.02 -0.01 -0.01 -0.01 -0.00 0.00 0.01 0.02 0.03 0.04 0.06 0.07 0.09 0.11 0.14 0.16 0.19 0.22 0.26 0.29
0.22 0.22 0.22 0.21 0.21 0.20 0.20 0.19 0.19 0.18 0.18 0.17 0.16 0.16 0.15 0.14 0.14 0.13 0.12 0.11 0.10 0.10 0.09 0.08 0.07 0.07 0.06 0.05 0.05 0.04 0.04 0.03 0.03 0.02 0.02 0.02 0.01 0.01 0.01 0.01 0.01 0.00 0.00 0.00 0.00 0.00 -0.00 -0.00 -0.00 -0.00 -0.00 -0.01 -0.01 -0.01 -0.01 -0.01 -0.01 -0.01 -0.02 -0.02 -0.02 -0.02 -0.02 -0.02 -0.02 -0.02 -0.02 -0.02 -0.01 -0.01 0.00 0.01 0.02 0.03 0.05 0.06 0.08 0.10 0.13 0.16 0.19 0.22 0.25 0.29
0.22 0.22 0.22 0.21 0.21 0.20 0.20 0.19 0.19 0.18 0.18 0.17 0.16 0.16 0.15 0.14 0.13 0.13 0.12 0.11 0.10 0.10 0.09 0.08 0.07 0.07 0.06 0.05 0.05 0.04 0.04 0.03 0.03 0.02 0.02 0.02 0.01 0.01 0.01 0.01 0.01 0.01 0.00 0.00 0.00 0.00 0.00 -0.00 -0.00 -0.00 -0.00 -0.00 -0.01 -0.01 -0.01 -0.01 -0.01 -0.02 -0.02 -0.02 -0.02 -0.02 -0.02 -0.03 -0.03 -0.03 -0.02 -0.02 -0.02 -0.01 -0.01 0.00 0.01 0.02 0.04 0.06 0.08 0.10 0.12 0.15 0.18 0.22 0.25 0.29
0.22 0.22 0.22 0.21 0.21 0.20 0.20 0.19 0.19 0.18 0.18 0.17 0.16 0.16 0.15 0.14 0.13 0.13 0.12 0.11 0.10 0.09 0.09 0.08 0.07 0.07 0.06 0.05 0.05 0.04 0.04 0.03 0.03 0.02 0.02 0.02 0.01 0.01 0.01 0.01 0.01 0.01 0.01 0.00 0.00 0.00 0.00 0.00 0.00 -0.00 -0.00 -0.00 -0.01 -0.01 -0.01 -0.01 -0.01 -0.02 -0.02 -0.02 -0.02 -0.03 -0.03 -0.03 -0.03 -0.03 -0.03 -0.03 -0.03 -0.02 -0.01 -0.01 0.00 0.02 0.03 0.05 0.07 0.09 0.12 0.15 0.18 0.21 0.25 0.29
0.22 0.22 0.22 0.21 0.21 0.20 0.20 0.19 0.19 0.18 0.18 0.17 0.16 0.15 0.15 0.14 0.13 0.13 0.12 0.11 0.10 0.09 0.09 0.08 0.07 0.07 0.06 0.05 0.05 0.04 0.04 0.03 0.03 0.02 0.02 0.02 0.02 0.01 0.01 0.01 0.01 0.01 0.01 0.01 0.01 0.00 0.00 0.00 0.00 0.00 -0.00 -0.00 -0.00 -0.01 -0.01 -0.01 -0.02 -0.02 -0.02 -0.02 -0.03 -0.03 -0.03 -0.03 -0.04 -0.04 -0.04 -0.04 -0.03 -0.03 -0.02 -0.01 -0.00 0.01 0.02 0.04 0.06 0.08 0.11 0.14 0.17 0.21 0.25 0.29
0.22 0.22 0.22 0.21 0.21 0.20 0.20 0.19 0.19 0.18 0.17 0.17 0.16 0.15 0.15 0.14 0.13 0.12 0.12 0.11 0.10 0.09 0.09 0.08 0.07 0.07 0.06 0.05 0.05 0.04 0.04 0.03 0.03 0.03 0.02 0.02 0.02 0.02 0.01 0.01 0.01 0.01 0.01 0.01 0.01 0.01 0.01 0.00 0.00 0.00 0.00 -0.00 -0.00 -0.01 -0.01 -0.01 -0.02 -0.02 -0.02 -0.03 -0.03 -0.03 -0.04 -0.04 -0.04 -0.04 -0.04 -0.04 -0.04 -0.04 -0.03 -0.02 -0.01 -0.00 0.01 0.03 0.05 0.08 0.11 0.14 0.17 0.21 0.25 0.29
0.22 0.22 0.22 0.21 0.21 0.20 0.20 0.19 0.19 0.18 0.17 0.17 0.16 0.15 0.15 0.14 0.13 0.12 0.12 0.11 0.10 0.09 0.09 0.08 0.07 0.07 0.06 0.05 0.05 0.04 0.04 0.03 0.03 0.03 0.02 0.02 0.02 0.02 0.02 0.01 0.01 0.01 0.01 0.01 0.01 0.01 0.01 0.01 0.01 0.00 0.00 -0.00 -0.00 -0.01 -0.01 -0.01 -0.02 -0.02 -0.03 -0.03 -0.03 -0.04 -0.04 -0.04 -0.05 -0.05 -0.05 -0.05 -0.05 -0.04 -0.04 -0.03 -0.02 -0.01 0.01 0.03 0.05 0.07 0.10 0.13 0.17 0.21 0.25 0.30
0.22 0.22 0.21 0.21 0.21 0.20 0.20 0.19 0.19 0.18 0.17 0.17 0.16 0.15 0.15 0.14 0.13 0.12 0.12 0.11 0.10 0.09 0.09 0.08 0.07 0.07 0.06 0.06 0.05 0.04 0.04 0.04 0.03 0.03 0.03 0.02 0.02 0.02 0.02 0.02 0.02 0.02 0.01 0.01 0.01 0.01 0.01 0.01 0.01 0.01 0.00 0.00 -0.00 -0.01 -0.01 -0.01 -0.02 -0.02 -0.03 -0.03 -0.04 -0.04 -0.04 -0.05 -0.05 -0.05 -0.06 -0.06 -0.05 -0.05 -0.05 -0.04 -0.03 -0.02 -0.00 0.02 0.04 0.07 0.09 0.13 0.16 0.20 0.25 0.30
0.22 0.22 0.21 0.21 0.21 0.20 0.20 0.19 0.19 0.18 0.17 0.17 0.16 0.15 0.15 0.14 0.13 0.12 0.12 0.11 0.10 0.10 0.09 0.08 0.07 0.07 0.06 0.06 0.05 0.05 0.04 0.04 0.03 0.03 0.03 0.03 0.02 0.02 0.02 0.02 0.02 0.02 0.02 0.02 0.02 0.01 0.01 0.01 0.01 0.01 0.00 0.00 -0.00 -0.00 -0.01 -0.01 -0.02 -0.02 -0.03 -0.03 -0.04 -0.04 -0.05 -0.05 -0.06 -0.06 -0.06 -0.06 -0.06 -0.06 -0.05 -0.05 -0.04 -0.02 -0.01 0.01 0.03 0.06 0.09 0.12 0.16 0.20 0.25 0.30
0.22 0.22 0.21 0.21 0.21 0.20 0.20 0.19 0.19 0.18 0.17 0.17 0.16 0.15 0.15 0.14 0.13 0.13 0.12 0.11 0.10 0.10 0.09 0.08 0.08 0.07 0.06 0.06 0.05 0.05 0.04 0.04 0.04 0.03 0.03 0.03 0.03 0.02 0.02 0.02 0.02 0.02 0.02 0.02 0.02 0.02 0.02 0.01 0.01 0.01 0.01 0.00 -0.00 -0.00 -0.01 -0.01 -0.02 -0.02 -0.03 -0.04 -0.04 -0.05 -0.05 -0.06 -0.06 -0.06 -0.07 -0.07 -0.07 -0.06 -0.06 -0.05 -0.04 -0.03 -0.02 0.00 0.03 0.05 0.08 0.12 0.16 0.20 0.25 0.30
0.22 0.22 0.21 0.21 0.21 0.20 0.20 0.19 0.19 0.18 0.17 0.17 0.16 0.15 0.15 0.14 0.13 0.13 0.12 0.11 0.10 0.10 0.09 0.08 0.08 0.07 0.06 0.06 0.05 0.05 0.05 0.04 0.04 0.04 0.03 0.03 0.03 0.03 0.03 0.03 0.02 0.02 0.02 0.02 0.02 0.02 0.02 0.02 0.01 0.01 0.01 0.01 0.00 -0.00 -0.01 -0.01 -0.02 -0.02 -0.03 -0.04 -0.04 -0.05 -0.06 -0.06 -0.07 -0.07 -0.07 -0.07 -0.07 -0.07 -0.07 -0.06 -0.05 -0.04 -0.02 -0.00 0.02 0.05 0.08 0.12 0.16 0.20 0.25 0.31
0.22 0.22 0.21 0.21 0.21 0.20 0.20 0.19 0.19 0.18 0.17 0.17 0.16 0.15 0.15 0.14 0.13 0.13 0.12 0.11 0.11 0.10 0.09 0.08 0.08 0.07 0.07 0.06 0.06 0.05 0.05 0.04 0.04 0.04 0.04 0.03 0.03 0.03 0.03 0.03 0.03 0.03 0.03 0.02 0.02 0.02 0.02 0.02 0.02 0.01 0.01 0.01 0.00 -0.00 -0.01 -0.01 -0.02 -0.03 -0.03 -0.04 -0.05 -0.05 -0.06 -0.07 -0.07 -0.08 -0.08 -0.08 -0.08 -0.08 -0.07 -0.07 -0.06 -0.05 -0.03 -0.01 0.01 0.04 0.08 0.11 0.15 0.20 0.25 0.31
0.22 0.22 0.21 0.21 0.21 0.20 0.20 0.19 0.19 0.18 0.17 0.17 0.16 0.16 0.15 0.14 0.13 0.13 0.12 0.11 0.11 0.10 0.09 0.09 0.08 0.07 0.07 0.06 0.06 0.05 0.05 0.05 0.04 0.04 0.04 0.04 0.04 0.03 0.03 0.03 0.03 0.03 0.03 0.03 0.03 0.03 0.02 0.02 0.02 0.02 0.01 0.01 0.00 -0.00 -0.01 -0.01 -0.02 -0.03 -0.03 -0.04 -0.05 -0.06 -0.06 -0.07 -0.07 -0.08 -0.08 -0.09 -0.09 -0.08 -0.08 -0.07 -0.06 -0.05 -0.04 -0.02 0.01 0.04 0.07 0.11 0.15 0.20 0.25 0.31
0.22 0.22 0.21 0.21 0.21 0.20 0.20 0.19 0.19 0.18 0.18 0.17 0.16 0.16 0.15 0.14 0.14 0.13 0.12 0.11 0.11 0.10 0.09 0.09 0.08 0.08 0.07 0.07 0.06 0.06 0.05 0.05 0.05 0.04 0.04 0.04 0.04 0.04 0.04 0.04 0.03 0.03 0.03 0.03 0.03 0.03 0.03 0.02 0.02 0.02 0.01 0.01 0.01 0.00 -0.01 -0.01 -0.02 -0.03 -0.03 -0.04 -0.05 -0.06 -0.07 -0.07 -0.08 -0.08 -0.09 -0.09 -0.09 -0.09 -0.09 -0.08 -0.07 -0.06 -0.04 -0.02 0.00 0.03 0.07 0.11 0.15 0.20 0.25 0.31
0.22 0.22 0.21 0.21 0.21 0.20 0.20 0.19 0.19 0.18 0.18 0.17 0.16 0.16 0.15 0.14 0.14 0.13 0.12 0.12 0.11 0.10 0.10 0.09 0.08 0.08 0.07 0.07 0.06 0.06 0.06 0.05 0.05 0.05 0.05 0.04 0.04 0.04 0.04 0.04 0.04 0.04 0.04 0.03 0.03 0.03 0.03 0.03 0.02 0.02 0.02 0.01 0.01 0.00 -0.00 -0.01 -0.02 -0.03 -0.03 -0.04 -0.05 -0.06 -0.07 -0.08 -0.08 -0.09 -0.09 -0.10 -0.10 -0.10 -0.09 -0.09 -0.08 -0.06 -0.05 -0.03 -0.00 0.03 0.06 0.10 0.15 0.20 0.25 0.31
0.22 0.22 0.22 0.21 0.21 0.20 0.20 0.19 0.19 0.18 0.18 0.17 0.16 0.16 0.15 0.14 0.14 0.13 0.12 0.12 0.11 0.10 0.10 0.09 0.09 0.08 0.08 0.07 0.07 0.06 0.06 0.06 0.05 0.05 0.05 0.05 0.04 0.04 0.04 0.04 0.04 0.04 0.04 0.04 0.04 0.03 0.03 0.03 0.03 0.02 0.02 0.01 0.01 0.00 -0.00 -0.01 -0.02 -0.03 -0.04 -0.04 -0.05 -0.06 -0.07 -0.08 -0.09 -0.09 -0.10 -0.10 -0.10 -0.10 -0.10 -0.09 -0.08 -0.07 -0.05 -0.03 -0.01 0.02 0.06 0.10 0.14 0.20 0.25 0.31
0.22 0.22 0.22 0.21 0.21 0.20 0.20 0.19 0.19 0.18 0.18 0.17 0.16 0.16 0.15 0.14 0.14 0.13 0.12 0.12 0.11 0.11 0.10 0.09 0.09 0.08 0.08 0.07 0.07 0.06 0.06 0.06 0.06 0.05 0.05 0.05 0.05 0.05 0.05 0.04 0.04 0.04 0.04 0.04 0.04 0.04 0.04 0.03 0.03 0.03 0.02 0.02 0.01 0.00 -0.00 -0.01 -0.02 -0.03 -0.04 -0.04 -0.05 -0.06 -0.07 -0.08 -0.09 -0.10 -0.10 -0.10 -0.11 -0.11 -0.10 -0.10 -0.09 -0.08 -0.06 -0.04 -0.01 0.02 0.05 0.09 0.14 0.19 0.25 0.31
0.22 0.22 0.22 0.21 0.21 0.20 0.20 0.19 0.19 0.18 0.18 0.17 0.16 0.16 0.15 0.15 0.14 0.13 0.13 0.12 0.11 0.11 0.10 0.09 0.09 0.08 0.08 0.07 0.07 0.07 0.06 0.06 0.06 0.06 0.05 0.05 0.05 0.05 0.05 0.05 0.05 0.05 0.05 0.04 0.04 0.04 0.04 0.04 0.03 0.03 0.02 0.02 0.01 0.01 -0.00 -0.01 -0.02 -0.03 -0.04 -0.05 -0.05 -0.06 -0.07 -0.08 -0.09 -0.10 -0.10 -0.11 -0.11 -0.11 -0.11 -0.10 -0.09 -0.08 -0.06 -0.04 -0.02 0.01 0.05 0.09 0.14 0.19 0.25 0.31
0.22 0.22 0.22 0.21 0.21 0.20 0.20 0.19 0.19 0.18 0.18 0.17 0.17 0.16 0.15 0.15 0.14 0.13 0.13 0.12 0.11 0.11 0.10 0.10 0.09 0.09 0.08 0.08 0.07 0.07 0.07 0.06 0.06 0.06 0.06 0.06 0.05 0.05 0.05 0.05 0.05 0.05 0.05 0.05 0.05 0.04 0.04 0.04 0.03 0.03 0.03 0.02 0.01 0.01 0.00 -0.01 -0.02 -0.03 -0.04 -0.05 -0.06 -0.07 -0.08 -0.08 -0.09 -0.10 -0.11 -0.11 -0.11 -0.11 -0.11 -0.11 -0.10 -0.09 -0.07 -0.05 -0.02 0.01 0.04 0.09 0.13 0.19 0.25 0.31
0.22 0.22 0.22 0.21 0.21 0.20 0.20 0.19 0.19 0.18 0.18 0.17 0.17 0.16 0.15 0.15 0.14 0.13 0.13 0.12 0.12 0.11 0.10 0.10 0.09 0.09 0.08 0.08 0.07 0.07 0.07 0.07 0.06 0.06 0.06 0.06 0.06 0.06 0.05 0.05 0.05 0.05 0.05 0.05 0.05 0.05 0.04 0.04 0.04 0.03 0.03 0.02 0.02 0.01 0.00 -0.01 -0.02 -0.03 -0.04 -0.05 -0.06 -0.07 -0.08 -0.09 -0.09 -0.10 -0.11 -0.11 -0.12 -0.12 -0.12 -0.11 -0.10 -0.09 -0.08 -0.05 -0.03 0.00 0.04 0.08 0.13 0.18 0.24 0.31
0.22 0.22 0.22 0.21 0.21 0.20 0.20 0.19 0.19 0.18 0.18 0.17 0.17 0.16 0.15 0.15 0.14 0.13 0.13 0.12 0.12 0.11 0.10 0.10 0.09 0.09 0.08 0.08 0.08 0.07 0.07 0.07 0.06 0.06 0.06 0.06 0.06 0.06 0.06 0.06 0.06 0.05 0.05 0.05 0.05 0.05 0.05 0.04 0.04 0.03 0.03 0.02 0.02 0.01 0.00 -0.01 -0.01 -0.02 -0.03 -0.05 -0.06 -0.07 -0.08 -0.09 -0.10 -0.10 -0.11 -0.12 -0.12 -0.12 -0.12 -0.12 -0.11 -0.10 -0.08 -0.06 -0.03 -0.00 0.03 0.07 0.12 0.18 0.24 0.30
0.22 0.22 0.22 0.21 0.21 0.20 0.20 0.19 0.19 0.18 0.18 0.17 0.17 0.16 0.15 0.15 0.14 0.14 0.13 0.12 0.12 0.11 0.11 0.10 0.09 0.09 0.09 0.08 0.08 0.07 0.07 0.07 0.07 0.06 0.06 0.06 0.06 0.06 0.06 0.06 0.06 0.06 0.06 0.05 0.05 0.05 0.05 0.04 0.04 0.04 0.03 0.03 0.02 0.01 0.00 -0.00 -0.01 -0.02 -0.03 -0.04 -0.06 -0.07 -0.08 -0.09 -0.10 -0.11 -0.11 -0.12 -0.12 -0.12 -0.12 -0.12 -0.11 -0.10 -0.09 -0.06 -0.04 -0.01 0.03 0.07 0.12 0.17 0.23 0.30
0.22 0.22 0.22 0.21 0.21 0.20 0.20 0.19 0.19 0.18 0.18 0.17 0.17 0.16 0.15 0.15 0.14 0.14 0.13 0.12 0.12 0.11 0.11 0.10 0.10 0.09 0.09 0.08 0.08 0.08 0.07 0.07 0.07 0.07 0.06 0.06 0.06 0.06 0.06 0.06 0.06 0.06 0.06 0.06 0.05 0.05 0.05 0.05 0.04 0.04 0.03 0.03 0.02 0.01 0.01 -0.00 -0.01 -0.02 -0.03 -0.04 -0.06 -0.07 -0.08 -0.09 -0.10 -0.11 -0.11 -0.12 -0.13 -0.13 -0.13 -0.12 -0.12 -0.11 -0.09 -0.07 -0.05 -0.02 0.02 0.06 0.11 0.16 0.22 0.29
0.22 0.22 0.21 0.21 0.21 0.20 0.20 0.19 0.19 0.18 0.18 0.17 0.17 0.16 0.15 0.15 0.14 0.14 0.13 0.12 0.12 0.11 0.11 0.10 0.10 0.09 0.09 0.08 0.08 0.08 0.07 0.07 0.07 0.07 0.07 0.06 0.06 0.06 0.06 0.06 0.06 0.06 0.06 0.06 0.06 0.05 0.05 0.05 0.04 0.04 0.04 0.03 0.02 0.02 0.01 -0.00 -0.01 -0.02 -0.03 -0.04 -0.05 -0.07 -0.08 -0.09 -0.10 -0.11 -0.12 -0.12 -0.13 -0.13 -0.13 -0.13 -0.12 -0.11 -0.09 -0.08 -0.05 -0.02 0.01 0.05 0.10 0.15 0.21 0.28
0.22 0.22 0.21 0.21 0.21 0.20 0.20 0.19 0.19 0.18 0.18 0.17 0.17 0.16 0.15 0.15 0.14 0.14 0.13 0.12 0.12 0.11 0.11 0.10 0.10 0.09 0.09 0.08 0.08 0.08 0.07 0.07 0.07 0.07 0.07 0.07 0.06 0.06 0.06 0.06 0.06 0.06 0.06 0.06 0.06 0.06 0.05 0.05 0.05 0.04 0.04 0.03 0.02 0.02 0.01 -0.00 -0.01 -0.02 -0.03 -0.04 -0.05 -0.07 -0.08 -0.09 -0.10 -0.11 -0.12 -0.12 -0.13 -0.13 -0.13 -0.13 -0.12 -0.11 -0.10 -0.08 -0.06 -0.03 0.01 0.05 0.09 0.14 0.20 0.27
0.22 0.22 0.21 0.21 0.21 0.20 0.20 0.19 0.19 0.18 0.18 0.17 0.17 0.16 0.15 0.15 0.14 0.13 0.13 0.12 0.12 0.11 0.11 0.10 0.10 0.09 0.09 0.08 0.08 0.08 0.07 0.07 0.07 0.07 0.07 0.07 0.07 0.06 0.06 0.06 0.06 0.06 0.06 0.06 0.06 0.06 0.05 0.05 0.05 0.04 0.04 0.03 0.03 0.02 0.01 0.00 -0.01 -0.02 -0.03 -0.04 -0.05 -0.06 -0.08 -0.09 -0.10 -0.11 -0.12 -0.12 -0.13 -0.13 -0.13 -0.13 -0.13 -0.12 -0.10 -0.09 -0.06 -0.04 -0.00 0.04 0.08 0.13 0.19 0.26
0.22 0.22 0.21 0.21 0.21 0.20 0.20 0.19 0.19 0.18 0.18 0.17 0.16 0.16 0.15 0.15 0.14 0.13 0.13 0.12 0.12 0.11 0.11 0.10 0.10 0.09 0.09 0.08 0.08 0.08 0.07 0.07 0.07 0.07 0.07 0.07 0.07 0.06 0.06 0.06 0.06 0.06 0.06 0.06 0.06 0.06 0.05 0.05 0.05 0.04 0.04 0.03 0.03 0.02 0.01 0.00 -0.01 -0.02 -0.03 -0.04 -0.05 -0.06 -0.07 -0.09 -0.10 -0.11 -0.12 -0.12 -0.13 -0.13 -0.14 -0.13 -0.13 -0.12 -0.11 -0.09 -0.07 -0.04 -0.01 0.03 0.07 0.12 0.18 0.24
0.22 0.22 0.21 0.21 0.21 0.20 0.20 0.19 0.19 0.18 0.18 0.17 0.16 0.16 0.15 0.15 0.14 0.13 0.13 0.12 0.12 0.11 0.10 0.10 0.09 0.09 0.09 0.08 0.08 0.08 0.07 0.07 0.07 0.07 0.07 0.07 0.07 0.06 0.06 0.06 0.06 0.06 0.06 0.06 0.06 0.06 0.06 0.05 0.05 0.05 0.04 0.03 0.03 0.02 0.01 0.00 -0.01 -0.02 -0.03 -0.04 -0.05 -0.06 -0.07 -0.09 -0.10 -0.11 -0.12 -0.12 -0.13 -0.14 -0.14 -0.14 -0.13 -0.13 -0.11 -0.10 -0.08 -0.05 -0.02 0.02 0.06 0.11 0.16 0.22
0.22 0.22 0.21 0.21 0.20 0.20 0.20 0.19 0.19 0.18 0.17 0.17 0.16 0.16 0.15 0.14 0.14 0.13 0.13 0.12 0.11 0.11 0.10 0.10 0.09 0.09 0.08 0.08 0.08 0.07 0.07 0.07 0.07 0.07 0.07 0.06 0.06 0.06 0.06 0.06 0.06 0.06 0.06 0.06 0.06 0.06 0.06 0.05 0.05 0.05 0.04 0.04 0.03 0.02 0.01 0.01 -0.00 -0.01 -0.02 -0.04 -0.05 -0.06 -0.07 -0.08 -0.10 -0.11 -0.12 -0.12 -0.13 -0.14 -0.14 -0.14 -0.14 -0.13 -0.12 -0.11 -0.09 -0.06 -0.03 0.00 0.04 0.09 0.15 0.21
0.22 0.22 0.21 0.21 0.20 0.20 0.20 0.19 0.18 0.18 0.17 0.17 0.16 0.16 0.15 0.14 0.14 0.13 0.12 0.12 0.11 0.11 0.10 0.10 0.09 0.09 0.08 0.08 0.08 0.07 0.07 0.07 0.07 0.07 0.06 0.06 0.06 0.06 0.06 0.06 0.06 0.06 0.06 0.06 0.06 0.06 0.06 0.05 0.05 0.05 0.04 0.04 0.03 0.02 0.02 0.01 -0.00 -0.01 -0.02 -0.03 -0.05 -0.06 -0.07 -0.08 -0.09 -0.10 -0.12 -0.12 -0.13 -0.14 -0.14 -0.14 -0.14 -0.13 -0.13 -0.11 -0.09 -0.07 -0.04 -0.01 0.03 0.08 0.13 0.19
0.22 0.22 0.21 0.21 0.20 0.20 0.19 0.19 0.18 0.18 0.17 0.17 0.16 0.15 0.15 0.14 0.14 0.13 0.12 0.12 0.11 0.11 0.10 0.09 0.09 0.09 0.08 0.08 0.07 0.07 0.07 0.07 0.07 0.06 0.06 0.06 0.06 0.06 0.06 0.06 0.06 0.06 0.06 0.06 0.06 0.06 0.06 0.05 0.05 0.05 0.04 0.04 0.03 0.02 0.02 0.01 -0.00 -0.01 -0.02 -0.03 -0.04 -0.06 -0.07 -0.08 -0.09 -0.10 -0.11 -0.12 -0.13 -0.14 -0.14 -0.14 -0.14 -0.14 -0.13 -0.12 -0.10 -0.08 -0.05 -0.02 0.02 0.06 0.11 0.17
0.22 0.21 0.21 0.21 0.20 0.20 0.19 0.19 0.18 0.18 0.17 0.17 0.16 0.15 0.15 0.14 0.13 0.13 0.12 0.11 0.11 0.10 0.10 0.09 0.09 0.08 0.08 0.08 0.07 0.07 0.07 0.06 0.06 0.06 0.06 0.06 0.06 0.06 0.06 0.06 0.06 0.06 0.06 0.06 0.06 0.06 0.05 0.05 0.05 0.05 0.04 0.04 0.03 0.03 0.02 0.01 0.00 -0.01 -0.02 -0.03 -0.04 -0.05 -0.07 -0.08 -0.09 -0.10 -0.11 -0.12 -0.13 -0.14 -0.14 -0.15 -0.15 -0.14 -0.14 -0.13 -0.11 -0.09 -0.07 -0.04 0.00 0.04 0.09 0.14
0.22 0.21 0.21 0.21 0.20 0.20 0.19 0.19 0.18 0.18 0.17 0.16 0.16 0.15 0.14 0.14 0.13 0.13 0.12 0.11 0.11 0.10 0.10 0.09 0.09 0.08 0.08 0.07 0.07 0.07 0.06 0.06 0.06 0.06 0.06 0.06 0.06 0.06 0.06 0.06 0.06 0.06 0.06 0.06 0.06 0.06 0.05 0.05 0.05 0.05 0.04 0.04 0.03 0.03 0.02 0.01 0.00 -0.01 -0.02 -0.03 -0.04 -0.05 -0.06 -0.08 -0.09 -0.10 -0.11 -0.12 -0.13 -0.14 -0.14 -0.15 -0.15 -0.15 -0.14 -0.13 -0.12 -0.10 -0.08 -0.05 -0.02 0.02 0.07 0.12
0.22 0.21 0.21 0.21 0.20 0.20 0.19 0.19 0.18 0.17 0.17 0.16 0.16 0.15 0.14 0.14 0.13 0.12 0.12 0.11 0.10 0.10 0.09 0.09 0.08 0.08 0.07 0.07 0.07 0.06 0.06 0.06 0.06 0.06 0.06 0.06 0.05 0.05 0.05 0.06 0.06 0.06 0.06 0.06 0.05 0.05 0.05 0.05 0.05 0.05 0.04 0.04 0.03 0.03 0.02 0.01 0.00 -0.01 -0.02 -0.03 -0.04 -0.05 -0.06 -0.07 -0.09 -0.10 -0.11 -0.12 -0.13 -0.14 -0.15 -0.15 -0.15 -0.15 -0.15 -0.14 -0.13 -0.11 -0.09 -0.07 -0.03 0.00 0.05 0.10
0.22 0.21 0.21 0.20 0.20 0.20 0.19 0.18 0.18 0.17 0.17 0.16 0.15 0.15 0.14 0.13 0.13 0.12 0.11 0.11 0.10 0.10 0.09 0.09 0.08 0.08 0.07 0.07 0.06 0.06 0.06 0.06 0.06 0.05 0.05 0.05 0.05 0.05 0.05 0.05 0.05 0.05 0.05 0.05 0.05 0.05 0.05 0.05 0.05 0.05 0.04 0.04 0.03 0.03 0.02 0.01 0.00 -0.00 -0.01 -0.03 -0.04 -0.05 -0.06 -0.07 -0.09 -0.10 -0.11 -0.12 -0.13 -0.14 -0.15 -0.15 -0.16 -0.16 -0.15 -0.15 -0.14 -0.12 -0.10 -0.08 -0.05 -0.02 0.02 0.07
