speedsAfterKrig/output_residuos_38_2008.asc
NCOLS          173       
NROWS          329       
XLLCENTER      510425.00 
YLLCENTER      8547775.00
DX             50.00     
DY             50.00     
NODATA_VALUE   -999.00   
[rows 266 to 303 of 329, columns 84 to 167 of 173]
-0.07 -0.05 -0.02 0.02 0.06 0.11 0.17 0.23 0.29 0.37 0.45 0.53 0.62 0.72 0.82 0.93 1.04 1.15 1.26 1.38 1.50 1.61 1.73 1.84 1.95 2.05 2.15 2.24 2.32 2.40 2.46 2.52 2.56 2.60 2.62 2.63 2.63 2.61 2.59 2.55 2.50 2.44 2.36 2.28 2.19 2.09 1.99 1.88 1.76 1.64 1.52 1.39 1.27 1.15 1.02 0.91 0.79 0.68 0.58 0.48 0.38 0.30 0.22 0.15 0.08 0.03 -0.02 -0.06 -0.10 -0.12 -0.14 -0.16 -0.17 -0.17 -0.17 -0.17 -0.16 -0.15 -0.14 -0.12 -0.10 -0.09 -0.07 -0.05
-0.09 -0.07 -0.04 -0.01 0.03 0.08 0.14 0.20 0.26 0.34 0.42 0.50 0.59 0.69 0.80 0.90 1.02 1.13 1.25 1.37 1.49 1.61 1.73 1.85 1.96 2.07 2.18 2.27 2.36 2.45 2.52 2.58 2.63 2.67 2.70 2.71 2.71 2.70 2.68 2.64 2.60 2.54 2.46 2.38 2.29 2.19 2.08 1.97 1.85 1.73 1.60 1.47 1.34 1.21 1.09 0.96 0.84 0.72 0.61 0.51 0.41 0.32 0.24 0.16 0.10 0.04 -0.02 -0.06 -0.10 -0.13 -0.15 -0.16 -0.18 -0.18 -0.18 -0.18 -0.17 -0.16 -0.15 -0.13 -0.11 -0.09 -0.07 -0.05
-0.12 -0.09 -0.06 -0.03 0.01 0.05 0.11 0.17 0.23 0.31 0.39 0.47 0.57 0.67 0.77 0.88 1.00 1.12 1.24 1.36 1.49 1.61 1.74 1.86 1.98 2.10 2.21 2.31 2.41 2.50 2.58 2.65 2.70 2.75 2.78 2.80 2.80 2.80 2.78 2.74 2.70 2.64 2.57 2.48 2.39 2.29 2.18 2.06 1.94 1.81 1.68 1.55 1.41 1.28 1.15 1.02 0.89 0.77 0.65 0.55 0.44 0.35 0.26 0.18 0.11 0.05 -0.01 -0.06 -0.09 -0.13 -0.15 -0.17 -0.18 -0.19 -0.19 -0.19 -0.18 -0.17 -0.16 -0.14 -0.12 -0.10 -0.08 -0.06
-0.13 -0.11 -0.09 -0.05 -0.02 0.03 0.08 0.14 0.21 0.28 0.36 0.45 0.54 0.64 0.75 0.86 0.98 1.10 1.23 1.36 1.49 1.62 1.75 1.88 2.01 2.13 2.25 2.36 2.46 2.55 2.64 2.71 2.78 2.83 2.86 2.89 2.90 2.89 2.88 2.84 2.80 2.74 2.67 2.59 2.49 2.39 2.28 2.16 2.03 1.90 1.76 1.62 1.49 1.35 1.21 1.07 0.94 0.82 0.70 0.58 0.47 0.37 0.28 0.20 0.12 0.06 -0.00 -0.05 -0.09 -0.13 -0.15 -0.17 -0.19 -0.20 -0.20 -0.20 -0.19 -0.18 -0.17 -0.15 -0.13 -0.11 -0.09 -0.07
-0.15 -0.13 -0.11 -0.08 -0.04 0.01 0.06 0.12 0.18 0.26 0.34 0.43 0.52 0.62 0.73 0.85 0.97 1.10 1.22 1.36 1.49 1.63 1.76 1.90 2.03 2.16 2.28 2.40 2.51 2.61 2.70 2.78 2.85 2.91 2.95 2.98 2.99 2.99 2.98 2.95 2.90 2.84 2.77 2.69 2.59 2.49 2.37 2.25 2.12 1.98 1.84 1.70 1.56 1.41 1.27 1.13 0.99 0.86 0.74 0.62 0.50 0.40 0.30 0.22 0.14 0.07 0.00 -0.05 -0.09 -0.13 -0.16 -0.18 -0.19 -0.20 -0.21 -0.20 -0.20 -0.19 -0.17 -0.16 -0.14 -0.12 -0.10 -0.08
-0.17 -0.15 -0.12 -0.09 -0.06 -0.01 0.04 0.09 0.16 0.23 0.32 0.41 0.50 0.61 0.72 0.84 0.96 1.09 1.22 1.36 1.50 1.64 1.78 1.92 2.06 2.20 2.32 2.45 2.56 2.67 2.77 2.85 2.93 2.99 3.04 3.07 3.09 3.09 3.08 3.05 3.01 2.95 2.88 2.79 2.70 2.59 2.47 2.34 2.21 2.07 1.93 1.78 1.63 1.48 1.33 1.19 1.05 0.91 0.78 0.65 0.53 0.43 0.33 0.23 0.15 0.08 0.01 -0.04 -0.09 -0.13 -0.16 -0.18 -0.20 -0.21 -0.21 -0.21 -0.21 -0.20 -0.18 -0.17 -0.15 -0.13 -0.11 -0.09
-0.18 -0.16 -0.14 -0.11 -0.08 -0.03 0.02 0.08 0.14 0.22 0.30 0.39 0.49 0.59 0.71 0.83 0.95 1.09 1.22 1.36 1.51 1.65 1.80 1.95 2.09 2.23 2.37 2.50 2.62 2.73 2.83 2.93 3.00 3.07 3.12 3.16 3.18 3.18 3.17 3.15 3.11 3.05 2.98 2.89 2.80 2.69 2.57 2.44 2.30 2.15 2.01 1.85 1.70 1.55 1.39 1.24 1.10 0.95 0.82 0.69 0.56 0.45 0.35 0.25 0.16 0.09 0.02 -0.04 -0.09 -0.13 -0.16 -0.19 -0.20 -0.21 -0.22 -0.22 -0.21 -0.20 -0.19 -0.17 -0.16 -0.14 -0.12 -0.09
-0.19 -0.18 -0.16 -0.13 -0.09 -0.05 0.00 0.06 0.13 0.20 0.28 0.37 0.47 0.58 0.70 0.82 0.95 1.09 1.23 1.37 1.52 1.67 1.82 1.97 2.12 2.27 2.41 2.54 2.67 2.79 2.90 3.00 3.08 3.15 3.21 3.25 3.27 3.28 3.27 3.25 3.20 3.15 3.08 2.99 2.89 2.78 2.66 2.52 2.38 2.24 2.08 1.93 1.77 1.61 1.45 1.30 1.14 1.00 0.85 0.72 0.59 0.48 0.37 0.27 0.18 0.10 0.03 -0.03 -0.09 -0.13 -0.16 -0.19 -0.21 -0.22 -0.23 -0.23 -0.22 -0.21 -0.20 -0.18 -0.16 -0.14 -0.12 -0.10
-0.20 -0.19 -0.17 -0.14 -0.10 -0.06 -0.01 0.05 0.11 0.19 0.27 0.36 0.46 0.57 0.69 0.82 0.95 1.09 1.23 1.38 1.53 1.69 1.84 2.00 2.15 2.31 2.45 2.59 2.73 2.85 2.96 3.06 3.15 3.23 3.29 3.33 3.36 3.37 3.36 3.34 3.30 3.24 3.17 3.08 2.98 2.87 2.74 2.61 2.46 2.31 2.16 2.00 1.83 1.67 1.51 1.35 1.19 1.04 0.89 0.75 0.62 0.50 0.39 0.28 0.19 0.11 0.03 -0.03 -0.08 -0.13 -0.16 -0.19 -0.21 -0.22 -0.23 -0.23 -0.23 -0.22 -0.21 -0.19 -0.17 -0.15 -0.13 -0.11
-0.21 -0.20 -0.18 -0.15 -0.12 -0.07 -0.02 0.03 0.10 0.18 0.26 0.35 0.46 0.57 0.69 0.81 0.95 1.09 1.24 1.39 1.55 1.71 1.87 2.03 2.19 2.34 2.49 2.64 2.78 2.90 3.02 3.13 3.22 3.30 3.36 3.41 3.44 3.45 3.45 3.43 3.39 3.33 3.26 3.17 3.07 2.95 2.83 2.69 2.54 2.39 2.23 2.06 1.89 1.73 1.56 1.39 1.23 1.08 0.93 0.78 0.65 0.52 0.41 0.30 0.20 0.12 0.04 -0.03 -0.08 -0.13 -0.17 -0.19 -0.22 -0.23 -0.24 -0.24 -0.23 -0.22 -0.21 -0.20 -0.18 -0.16 -0.14 -0.11
-0.22 -0.20 -0.18 -0.16 -0.12 -0.08 -0.03 0.03 0.09 0.17 0.25 0.35 0.45 0.56 0.68 0.81 0.95 1.10 1.25 1.40 1.56 1.72 1.89 2.05 2.22 2.38 2.53 2.68 2.82 2.96 3.08 3.19 3.29 3.37 3.43 3.48 3.52 3.53 3.53 3.51 3.47 3.41 3.34 3.25 3.15 3.03 2.90 2.76 2.61 2.45 2.29 2.12 1.95 1.78 1.61 1.44 1.27 1.11 0.96 0.81 0.67 0.54 0.42 0.31 0.21 0.12 0.05 -0.02 -0.08 -0.13 -0.17 -0.20 -0.22 -0.23 -0.24 -0.24 -0.24 -0.23 -0.22 -0.20 -0.18 -0.16 -0.14 -0.12
-0.22 -0.21 -0.19 -0.16 -0.13 -0.09 -0.04 0.02 0.09 0.16 0.25 0.34 0.45 0.56 0.68 0.82 0.96 1.10 1.25 1.41 1.58 1.74 1.91 2.08 2.24 2.41 2.57 2.72 2.87 3.00 3.13 3.24 3.34 3.43 3.50 3.55 3.59 3.60 3.60 3.58 3.54 3.49 3.41 3.32 3.22 3.10 2.97 2.83 2.67 2.51 2.35 2.17 2.00 1.82 1.65 1.48 1.31 1.14 0.98 0.83 0.69 0.56 0.44 0.32 0.22 0.13 0.05 -0.02 -0.08 -0.13 -0.17 -0.20 -0.22 -0.24 -0.25 -0.25 -0.24 -0.24 -0.22 -0.21 -0.19 -0.17 -0.15 -0.12
-0.23 -0.21 -0.19 -0.17 -0.13 -0.09 -0.04 0.02 0.08 0.16 0.25 0.34 0.45 0.56 0.69 0.82 0.96 1.11 1.26 1.42 1.59 1.76 1.93 2.10 2.27 2.44 2.60 2.76 2.91 3.05 3.18 3.29 3.39 3.48 3.55 3.61 3.65 3.66 3.66 3.64 3.61 3.55 3.48 3.39 3.28 3.16 3.03 2.88 2.73 2.56 2.39 2.22 2.04 1.86 1.69 1.51 1.34 1.17 1.01 0.86 0.71 0.58 0.45 0.33 0.23 0.14 0.05 -0.02 -0.08 -0.13 -0.17 -0.20 -0.23 -0.24 -0.25 -0.25 -0.25 -0.24 -0.23 -0.21 -0.19 -0.17 -0.15 -0.13
-0.23 -0.21 -0.19 -0.17 -0.13 -0.09 -0.04 0.01 0.08 0.16 0.25 0.34 0.45 0.56 0.69 0.82 0.96 1.11 1.27 1.43 1.60 1.77 1.95 2.12 2.29 2.46 2.63 2.79 2.94 3.08 3.21 3.33 3.44 3.53 3.60 3.66 3.70 3.72 3.72 3.70 3.66 3.61 3.53 3.44 3.33 3.21 3.08 2.93 2.77 2.61 2.44 2.26 2.08 1.90 1.72 1.54 1.36 1.19 1.03 0.87 0.73 0.59 0.46 0.34 0.24 0.14 0.06 -0.01 -0.08 -0.13 -0.17 -0.20 -0.23 -0.24 -0.25 -0.26 -0.25 -0.25 -0.23 -0.22 -0.20 -0.18 -0.15 -0.13
-0.23 -0.21 -0.19 -0.17 -0.13 -0.09 -0.04 0.02 0.08 0.16 0.25 0.34 0.45 0.57 0.69 0.83 0.97 1.12 1.28 1.44 1.61 1.78 1.96 2.13 2.31 2.48 2.65 2.81 2.96 3.11 3.24 3.36 3.47 3.56 3.64 3.70 3.74 3.76 3.76 3.74 3.70 3.65 3.57 3.48 3.38 3.25 3.12 2.97 2.81 2.64 2.47 2.29 2.11 1.92 1.74 1.56 1.38 1.21 1.04 0.89 0.74 0.60 0.47 0.35 0.24 0.15 0.06 -0.01 -0.08 -0.13 -0.17 -0.21 -0.23 -0.25 -0.26 -0.26 -0.26 -0.25 -0.24 -0.22 -0.20 -0.18 -0.16 -0.13
-0.22 -0.21 -0.19 -0.16 -0.13 -0.09 -0.04 0.02 0.08 0.16 0.25 0.35 0.45 0.57 0.69 0.83 0.97 1.12 1.28 1.45 1.62 1.79 1.97 2.14 2.32 2.49 2.66 2.83 2.98 3.13 3.26 3.39 3.50 3.59 3.67 3.72 3.76 3.79 3.79 3.77 3.73 3.68 3.60 3.51 3.41 3.28 3.15 3.00 2.84 2.67 2.49 2.31 2.13 1.94 1.76 1.57 1.40 1.22 1.05 0.90 0.74 0.60 0.47 0.35 0.24 0.15 0.06 -0.01 -0.08 -0.13 -0.17 -0.21 -0.23 -0.25 -0.26 -0.26 -0.26 -0.25 -0.24 -0.22 -0.20 -0.18 -0.16 -0.14
-0.22 -0.20 -0.19 -0.16 -0.13 -0.09 -0.04 0.02 0.09 0.17 0.25 0.35 0.45 0.57 0.70 0.83 0.98 1.13 1.29 1.45 1.62 1.80 1.97 2.15 2.33 2.50 2.67 2.84 2.99 3.14 3.28 3.40 3.51 3.60 3.68 3.74 3.78 3.80 3.81 3.79 3.75 3.70 3.62 3.53 3.42 3.30 3.16 3.01 2.85 2.68 2.51 2.32 2.14 1.95 1.77 1.58 1.40 1.23 1.06 0.90 0.75 0.61 0.48 0.36 0.25 0.15 0.06 -0.01 -0.08 -0.13 -0.18 -0.21 -0.24 -0.25 -0.26 -0.26 -0.26 -0.25 -0.24 -0.23 -0.21 -0.18 -0.16 -0.14
-0.21 -0.20 -0.18 -0.15 -0.12 -0.08 -0.03 0.03 0.09 0.17 0.26 0.35 0.46 0.57 0.70 0.83 0.98 1.13 1.29 1.45 1.62 1.80 1.97 2.15 2.33 2.50 2.67 2.84 2.99 3.14 3.28 3.40 3.51 3.60 3.68 3.74 3.78 3.81 3.81 3.79 3.76 3.70 3.63 3.54 3.43 3.30 3.17 3.02 2.86 2.69 2.51 2.33 2.14 1.96 1.77 1.59 1.40 1.23 1.06 0.90 0.75 0.61 0.48 0.35 0.24 0.15 0.06 -0.02 -0.08 -0.13 -0.18 -0.21 -0.24 -0.25 -0.26 -0.27 -0.26 -0.26 -0.24 -0.23 -0.21 -0.19 -0.16 -0.14
-0.20 -0.19 -0.17 -0.15 -0.11 -0.07 -0.02 0.03 0.10 0.17 0.26 0.36 0.46 0.58 0.70 0.84 0.98 1.13 1.29 1.45 1.62 1.79 1.97 2.15 2.32 2.49 2.66 2.83 2.98 3.13 3.27 3.39 3.50 3.59 3.67 3.73 3.77 3.80 3.80 3.78 3.75 3.69 3.62 3.53 3.42 3.30 3.16 3.01 2.85 2.68 2.50 2.32 2.14 1.95 1.76 1.58 1.40 1.23 1.06 0.90 0.74 0.60 0.47 0.35 0.24 0.14 0.06 -0.02 -0.08 -0.14 -0.18 -0.21 -0.24 -0.26 -0.26 -0.27 -0.26 -0.26 -0.24 -0.23 -0.21 -0.19 -0.16 -0.14
-0.20 -0.18 -0.16 -0.14 -0.11 -0.07 -0.02 0.04 0.11 0.18 0.27 0.36 0.46 0.58 0.70 0.83 0.98 1.13 1.28 1.44 1.61 1.78 1.96 2.13 2.31 2.48 2.65 2.81 2.97 3.11 3.25 3.37 3.48 3.57 3.65 3.71 3.75 3.77 3.78 3.76 3.72 3.67 3.60 3.50 3.40 3.27 3.14 2.99 2.83 2.66 2.49 2.30 2.12 1.94 1.75 1.57 1.39 1.21 1.05 0.89 0.74 0.60 0.47 0.35 0.24 0.14 0.05 -0.02 -0.08 -0.14 -0.18 -0.21 -0.24 -0.26 -0.27 -0.27 -0.26 -0.26 -0.24 -0.23 -0.21 -0.19 -0.16 -0.14
-0.19 -0.17 -0.15 -0.13 -0.10 -0.06 -0.01 0.05 0.11 0.19 0.27 0.36 0.47 0.58 0.70 0.83 0.97 1.12 1.27 1.43 1.60 1.77 1.94 2.11 2.29 2.46 2.62 2.78 2.94 3.08 3.22 3.34 3.45 3.54 3.61 3.67 3.71 3.74 3.74 3.72 3.69 3.63 3.56 3.47 3.36 3.24 3.11 2.96 2.80 2.63 2.46 2.28 2.10 1.91 1.73 1.55 1.37 1.20 1.03 0.87 0.73 0.59 0.46 0.34 0.23 0.13 0.05 -0.02 -0.09 -0.14 -0.18 -0.22 -0.24 -0.26 -0.27 -0.27 -0.26 -0.26 -0.24 -0.23 -0.21 -0.19 -0.16 -0.14
-0.18 -0.16 -0.14 -0.12 -0.09 -0.05 -0.00 0.05 0.12 0.19 0.27 0.37 0.47 0.58 0.70 0.83 0.97 1.11 1.26 1.42 1.58 1.75 1.92 2.09 2.26 2.43 2.59 2.75 2.90 3.04 3.17 3.29 3.40 3.49 3.57 3.62 3.66 3.68 3.69 3.67 3.64 3.58 3.51 3.42 3.32 3.20 3.06 2.92 2.76 2.59 2.42 2.25 2.06 1.88 1.70 1.52 1.35 1.18 1.01 0.86 0.71 0.57 0.44 0.33 0.22 0.13 0.04 -0.03 -0.09 -0.14 -0.18 -0.22 -0.24 -0.26 -0.26 -0.27 -0.26 -0.25 -0.24 -0.22 -0.20 -0.18 -0.16 -0.14
-0.17 -0.15 -0.13 -0.11 -0.08 -0.04 0.01 0.06 0.13 0.20 0.28 0.37 0.47 0.58 0.69 0.82 0.96 1.10 1.25 1.40 1.56 1.73 1.89 2.06 2.23 2.39 2.55 2.71 2.85 2.99 3.12 3.24 3.34 3.43 3.51 3.56 3.60 3.62 3.62 3.61 3.57 3.52 3.45 3.36 3.26 3.14 3.01 2.86 2.71 2.55 2.38 2.20 2.02 1.85 1.67 1.49 1.32 1.15 0.99 0.84 0.69 0.56 0.43 0.32 0.21 0.12 0.04 -0.03 -0.10 -0.15 -0.19 -0.22 -0.24 -0.26 -0.26 -0.26 -0.26 -0.25 -0.24 -0.22 -0.20 -0.18 -0.16 -0.13
-0.15 -0.14 -0.12 -0.10 -0.07 -0.03 0.02 0.07 0.13 0.20 0.28 0.37 0.47 0.57 0.69 0.81 0.94 1.08 1.23 1.38 1.54 1.70 1.86 2.02 2.18 2.34 2.50 2.65 2.80 2.93 3.06 3.17 3.27 3.36 3.43 3.49 3.53 3.55 3.55 3.53 3.50 3.44 3.37 3.29 3.18 3.07 2.94 2.80 2.65 2.49 2.32 2.15 1.98 1.80 1.63 1.45 1.28 1.12 0.96 0.81 0.67 0.54 0.41 0.30 0.20 0.11 0.03 -0.04 -0.10 -0.15 -0.19 -0.22 -0.24 -0.25 -0.26 -0.26 -0.26 -0.25 -0.23 -0.22 -0.20 -0.18 -0.15 -0.13
-0.14 -0.13 -0.11 -0.09 -0.06 -0.02 0.03 0.08 0.14 0.21 0.28 0.37 0.47 0.57 0.68 0.80 0.93 1.06 1.21 1.35 1.51 1.66 1.82 1.98 2.14 2.29 2.44 2.59 2.73 2.86 2.99 3.10 3.20 3.28 3.35 3.40 3.44 3.46 3.46 3.44 3.41 3.36 3.29 3.20 3.10 2.99 2.86 2.72 2.58 2.42 2.26 2.09 1.92 1.75 1.58 1.41 1.24 1.08 0.93 0.78 0.65 0.52 0.40 0.29 0.19 0.10 0.02 -0.05 -0.10 -0.15 -0.19 -0.22 -0.24 -0.25 -0.26 -0.26 -0.25 -0.24 -0.23 -0.21 -0.19 -0.17 -0.15 -0.12
-0.13 -0.12 -0.10 -0.07 -0.04 -0.01 0.04 0.09 0.14 0.21 0.29 0.37 0.46 0.56 0.67 0.79 0.91 1.04 1.18 1.32 1.47 1.62 1.77 1.93 2.08 2.23 2.38 2.52 2.66 2.79 2.91 3.01 3.11 3.19 3.26 3.31 3.34 3.36 3.36 3.34 3.31 3.26 3.19 3.11 3.01 2.90 2.78 2.64 2.50 2.34 2.19 2.02 1.86 1.69 1.53 1.36 1.20 1.04 0.90 0.75 0.62 0.49 0.38 0.27 0.17 0.09 0.01 -0.05 -0.11 -0.15 -0.19 -0.22 -0.24 -0.25 -0.25 -0.25 -0.25 -0.24 -0.23 -0.21 -0.19 -0.17 -0.14 -0.12
-0.12 -0.10 -0.09 -0.06 -0.03 0.00 0.04 0.09 0.15 0.21 0.29 0.37 0.46 0.55 0.66 0.77 0.89 1.02 1.15 1.29 1.43 1.58 1.72 1.87 2.02 2.17 2.31 2.45 2.58 2.70 2.82 2.92 3.01 3.09 3.15 3.20 3.23 3.25 3.25 3.23 3.20 3.15 3.09 3.00 2.91 2.80 2.68 2.55 2.41 2.26 2.11 1.95 1.79 1.63 1.47 1.31 1.15 1.00 0.86 0.72 0.59 0.47 0.36 0.25 0.16 0.08 0.00 -0.06 -0.11 -0.15 -0.19 -0.21 -0.23 -0.24 -0.25 -0.25 -0.24 -0.23 -0.22 -0.20 -0.18 -0.16 -0.14 -0.11
-0.11 -0.09 -0.07 -0.05 -0.02 0.01 0.05 0.10 0.15 0.22 0.29 0.36 0.45 0.54 0.64 0.75 0.87 0.99 1.12 1.25 1.39 1.53 1.67 1.81 1.96 2.10 2.23 2.36 2.49 2.61 2.72 2.82 2.91 2.98 3.04 3.09 3.12 3.13 3.13 3.12 3.08 3.04 2.97 2.89 2.80 2.70 2.58 2.45 2.32 2.17 2.03 1.87 1.72 1.56 1.41 1.25 1.10 0.96 0.82 0.68 0.56 0.44 0.33 0.23 0.15 0.07 -0.00 -0.06 -0.11 -0.16 -0.19 -0.21 -0.23 -0.24 -0.24 -0.24 -0.24 -0.23 -0.21 -0.19 -0.18 -0.15 -0.13 -0.11
-0.09 -0.08 -0.06 -0.04 -0.01 0.02 0.06 0.10 0.16 0.22 0.28 0.36 0.44 0.53 0.63 0.73 0.84 0.96 1.08 1.21 1.34 1.48 1.61 1.75 1.88 2.02 2.15 2.28 2.40 2.51 2.62 2.71 2.79 2.86 2.92 2.97 3.00 3.01 3.01 2.99 2.96 2.91 2.85 2.77 2.68 2.58 2.47 2.35 2.22 2.08 1.94 1.79 1.64 1.49 1.34 1.19 1.05 0.91 0.77 0.65 0.53 0.41 0.31 0.22 0.13 0.05 -0.01 -0.07 -0.12 -0.16 -0.19 -0.21 -0.23 -0.23 -0.24 -0.24 -0.23 -0.22 -0.20 -0.19 -0.17 -0.15 -0.12 -0.10
-0.08 -0.07 -0.05 -0.03 -0.00 0.03 0.06 0.11 0.16 0.22 0.28 0.35 0.43 0.52 0.61 0.71 0.82 0.93 1.05 1.17 1.29 1.42 1.55 1.68 1.81 1.94 2.06 2.18 2.30 2.41 2.51 2.60 2.67 2.74 2.80 2.84 2.87 2.88 2.88 2.86 2.83 2.78 2.72 2.65 2.56 2.47 2.36 2.24 2.11 1.98 1.84 1.70 1.56 1.42 1.27 1.13 0.99 0.86 0.73 0.61 0.49 0.39 0.29 0.20 0.12 0.04 -0.02 -0.07 -0.12 -0.16 -0.18 -0.21 -0.22 -0.23 -0.23 -0.23 -0.22 -0.21 -0.20 -0.18 -0.16 -0.14 -0.12 -0.09
-0.07 -0.06 -0.04 -0.02 0.00 0.03 0.07 0.11 0.16 0.22 0.28 0.35 0.42 0.50 0.59 0.69 0.79 0.89 1.01 1.12 1.24 1.36 1.49 1.61 1.73 1.85 1.97 2.09 2.20 2.30 2.39 2.48 2.55 2.62 2.67 2.71 2.73 2.74 2.74 2.72 2.69 2.65 2.59 2.52 2.44 2.34 2.24 2.13 2.01 1.88 1.75 1.61 1.48 1.34 1.20 1.07 0.93 0.81 0.68 0.57 0.46 0.36 0.26 0.18 0.10 0.03 -0.03 -0.08 -0.12 -0.15 -0.18 -0.20 -0.21 -0.22 -0.22 -0.22 -0.21 -0.20 -0.19 -0.17 -0.15 -0.13 -0.11 -0.08
-0.06 -0.05 -0.03 -0.01 0.01 0.04 0.08 0.12 0.16 0.21 0.27 0.34 0.41 0.49 0.57 0.66 0.76 0.86 0.96 1.07 1.19 1.30 1.42 1.54 1.65 1.77 1.88 1.99 2.09 2.19 2.28 2.36 2.43 2.49 2.53 2.57 2.59 2.60 2.60 2.58 2.55 2.51 2.46 2.39 2.31 2.22 2.12 2.01 1.90 1.78 1.65 1.52 1.39 1.26 1.13 1.00 0.88 0.76 0.64 0.53 0.43 0.33 0.24 0.16 0.09 0.02 -0.03 -0.08 -0.12 -0.15 -0.18 -0.20 -0.21 -0.21 -0.21 -0.21 -0.20 -0.19 -0.17 -0.16 -0.14 -0.12 -0.10 -0.08
-0.05 -0.04 -0.02 -0.00 0.02 0.05 0.08 0.12 0.16 0.21 0.27 0.33 0.40 0.47 0.55 0.63 0.72 0.82 0.92 1.02 1.13 1.24 1.35 1.46 1.57 1.68 1.78 1.88 1.98 2.07 2.16 2.23 2.30 2.35 2.40 2.43 2.45 2.46 2.46 2.44 2.41 2.37 2.32 2.25 2.18 2.09 2.00 1.89 1.79 1.67 1.55 1.43 1.31 1.18 1.06 0.94 0.82 0.70 0.59 0.49 0.39 0.30 0.22 0.14 0.07 0.01 -0.04 -0.08 -0.12 -0.15 -0.17 -0.19 -0.20 -0.20 -0.20 -0.20 -0.19 -0.18 -0.16 -0.15 -0.13 -0.11 -0.09 -0.07
-0.04 -0.03 -0.01 0.00 0.03 0.05 0.08 0.12 0.16 0.21 0.26 0.32 0.38 0.45 0.53 0.61 0.69 0.78 0.88 0.97 1.07 1.18 1.28 1.38 1.49 1.59 1.69 1.78 1.87 1.96 2.03 2.10 2.17 2.22 2.26 2.29 2.31 2.32 2.31 2.30 2.27 2.23 2.18 2.12 2.04 1.96 1.87 1.78 1.67 1.57 1.45 1.34 1.22 1.10 0.99 0.87 0.76 0.65 0.55 0.45 0.36 0.27 0.20 0.12 0.06 0.00 -0.04 -0.09 -0.12 -0.15 -0.17 -0.18 -0.19 -0.19 -0.19 -0.19 -0.18 -0.17 -0.15 -0.13 -0.12 -0.10 -0.08 -0.06
-0.03 -0.02 -0.01 0.01 0.03 0.06 0.09 0.12 0.16 0.20 0.25 0.31 0.37 0.43 0.50 0.58 0.66 0.74 0.83 0.92 1.02 1.11 1.21 1.30 1.40 1.50 1.59 1.68 1.76 1.84 1.91 1.98 2.04 2.08 2.12 2.15 2.17 2.17 2.17 2.15 2.13 2.09 2.04 1.98 1.91 1.84 1.75 1.66 1.56 1.46 1.35 1.25 1.14 1.03 0.92 0.81 0.70 0.60 0.50 0.41 0.33 0.25 0.17 0.11 0.05 -0.00 -0.05 -0.09 -0.12 -0.14 -0.16 -0.17 -0.18 -0.18 -0.18 -0.18 -0.17 -0.15 -0.14 -0.12 -0.10 -0.09 -0.07 -0.05
-0.02 -0.01 0.00 0.02 0.04 0.06 0.09 0.12 0.16 0.20 0.24 0.30 0.35 0.41 0.48 0.55 0.62 0.70 0.78 0.87 0.96 1.05 1.14 1.23 1.32 1.41 1.49 1.57 1.65 1.73 1.79 1.85 1.91 1.95 1.98 2.01 2.03 2.03 2.03 2.01 1.98 1.95 1.90 1.85 1.78 1.71 1.63 1.54 1.45 1.36 1.26 1.16 1.05 0.95 0.85 0.75 0.65 0.55 0.46 0.38 0.30 0.22 0.15 0.09 0.04 -0.01 -0.05 -0.09 -0.11 -0.14 -0.15 -0.16 -0.17 -0.17 -0.17 -0.16 -0.15 -0.14 -0.13 -0.11 -0.09 -0.07 -0.05 -0.03
-0.01 -0.00 0.01 0.02 0.04 0.06 0.09 0.12 0.15 0.19 0.24 0.28 0.34 0.39 0.45 0.52 0.59 0.66 0.74 0.82 0.90 0.98 1.07 1.15 1.23 1.32 1.40 1.47 1.54 1.61 1.67 1.73 1.78 1.82 1.85 1.87 1.89 1.89 1.89 1.87 1.84 1.81 1.77 1.71 1.65 1.59 1.51 1.43 1.34 1.25 1.16 1.07 0.97 0.87 0.78 0.68 0.59 0.51 0.42 0.34 0.27 0.20 0.14 0.08 0.03 -0.02 -0.05 -0.08 -0.11 -0.13 -0.14 -0.15 -0.16 -0.16 -0.16 -0.15 -0.14 -0.13 -0.11 -0.10 -0.08 -0.06 -0.04 -0.02
-0.01 0.00 0.01 0.03 0.05 0.07 0.09 0.12 0.15 0.19 0.23 0.27 0.32 0.37 0.43 0.49 0.56 0.62 0.69 0.77 0.84 0.92 1.00 1.07 1.15 1.23 1.30 1.37 1.44 1.50 1.56 1.61 1.65 1.69 1.72 1.74 1.75 1.75 1.75 1.73 1.71 1.68 1.63 1.58 1.53 1.46 1.39 1.32 1.24 1.16 1.07 0.98 0.89 0.80 0.71 0.63 0.54 0.46 0.38 0.31 0.24 0.18 0.12 0.07 0.02 -0.02 -0.05 -0.08 -0.10 -0.12 -0.13 -0.14 -0.15 -0.15 -0.14 -0.13 -0.12 -0.11 -0.10 -0.08 -0.07 -0.05 -0.03 -0.01
