speedsAfterKrig/output_residuos_36_2007.asc
NCOLS          173       
NROWS          329       
XLLCENTER      510425.00 
YLLCENTER      8547775.00
DX             50.00     
DY             50.00     
NODATA_VALUE   -999.00   
[rows 148 to 184 of 329, columns 83 to 165 of 173]
0.12 0.13 0.13 0.14 0.14 0.14 0.15 0.15 0.15 0.15 0.16 0.16 0.16 0.16 0.16 0.16 0.16 0.16 0.16 0.16 0.16 0.16 0.15 0.15 0.15 0.15 0.15 0.15 0.14 0.14 0.14 0.14 0.14 0.13 0.13 0.13 0.13 0.13 0.12 0.12 0.12 0.12 0.12 0.11 0.11 0.11 0.11 0.11 0.10 0.10 0.10 0.10 0.10 0.09 0.09 0.09 0.09 0.09 0.08 0.08 0.08 0.08 0.08 0.08 0.08 0.08 0.08 0.08 0.08 0.08 0.08 0.08 0.09 0.09 0.09 0.09 0.10 0.10 0.10 0.11 0.11 0.12 0.12
0.12 0.13 0.13 0.14 0.14 0.14 0.15 0.15 0.15 0.15 0.16 0.16 0.16 0.16 0.16 0.16 0.16 0.16 0.16 0.16 0.16 0.16 0.16 0.16 0.15 0.15 0.15 0.15 0.15 0.15 0.14 0.14 0.14 0.14 0.14 0.13 0.13 0.13 0.13 0.12 0.12 0.12 0.12 0.12 0.11 0.11 0.11 0.11 0.11 0.10 0.10 0.10 0.10 0.09 0.09 0.09 0.09 0.08 0.08 0.08 0.08 0.08 0.08 0.07 0.07 0.07 0.07 0.07 0.07 0.08 0.08 0.08 0.08 0.08 0.09 0.09 0.09 0.10 0.10 0.10 0.11 0.11 0.12
0.12 0.13 0.13 0.14 0.14 0.14 0.15 0.15 0.15 0.15 0.16 0.16 0.16 0.16 0.16 0.16 0.16 0.16 0.16 0.16 0.16 0.16 0.16 0.16 0.16 0.16 0.15 0.15 0.15 0.15 0.15 0.14 0.14 0.14 0.14 0.14 0.13 0.13 0.13 0.13 0.13 0.12 0.12 0.12 0.12 0.11 0.11 0.11 0.11 0.10 0.10 0.10 0.09 0.09 0.09 0.09 0.08 0.08 0.08 0.08 0.07 0.07 0.07 0.07 0.07 0.07 0.07 0.07 0.07 0.07 0.07 0.07 0.08 0.08 0.08 0.08 0.09 0.09 0.10 0.10 0.11 0.11 0.11
0.12 0.12 0.13 0.13 0.14 0.14 0.15 0.15 0.15 0.15 0.16 0.16 0.16 0.16 0.16 0.16 0.17 0.17 0.17 0.17 0.16 0.16 0.16 0.16 0.16 0.16 0.16 0.16 0.15 0.15 0.15 0.15 0.15 0.14 0.14 0.14 0.14 0.13 0.13 0.13 0.13 0.12 0.12 0.12 0.12 0.11 0.11 0.11 0.10 0.10 0.10 0.10 0.09 0.09 0.09 0.08 0.08 0.08 0.08 0.07 0.07 0.07 0.07 0.07 0.06 0.06 0.06 0.06 0.06 0.07 0.07 0.07 0.07 0.07 0.08 0.08 0.08 0.09 0.09 0.10 0.10 0.11 0.11
0.12 0.12 0.13 0.13 0.14 0.14 0.14 0.15 0.15 0.15 0.16 0.16 0.16 0.16 0.16 0.17 0.17 0.17 0.17 0.17 0.17 0.17 0.17 0.16 0.16 0.16 0.16 0.16 0.16 0.16 0.15 0.15 0.15 0.15 0.15 0.14 0.14 0.14 0.13 0.13 0.13 0.13 0.12 0.12 0.12 0.11 0.11 0.11 0.10 0.10 0.10 0.09 0.09 0.09 0.08 0.08 0.08 0.07 0.07 0.07 0.07 0.06 0.06 0.06 0.06 0.06 0.06 0.06 0.06 0.06 0.06 0.06 0.07 0.07 0.07 0.08 0.08 0.08 0.09 0.09 0.10 0.10 0.11
0.12 0.12 0.13 0.13 0.14 0.14 0.14 0.15 0.15 0.15 0.16 0.16 0.16 0.16 0.17 0.17 0.17 0.17 0.17 0.17 0.17 0.17 0.17 0.17 0.17 0.17 0.16 0.16 0.16 0.16 0.16 0.15 0.15 0.15 0.15 0.15 0.14 0.14 0.14 0.13 0.13 0.13 0.12 0.12 0.12 0.11 0.11 0.11 0.10 0.10 0.10 0.09 0.09 0.09 0.08 0.08 0.07 0.07 0.07 0.07 0.06 0.06 0.06 0.06 0.06 0.06 0.06 0.06 0.06 0.06 0.06 0.06 0.06 0.07 0.07 0.07 0.08 0.08 0.09 0.09 0.09 0.10 0.11
0.11 0.12 0.12 0.13 0.13 0.14 0.14 0.15 0.15 0.15 0.16 0.16 0.16 0.16 0.17 0.17 0.17 0.17 0.17 0.17 0.17 0.17 0.17 0.17 0.17 0.17 0.17 0.17 0.16 0.16 0.16 0.16 0.16 0.15 0.15 0.15 0.14 0.14 0.14 0.14 0.13 0.13 0.13 0.12 0.12 0.11 0.11 0.11 0.10 0.10 0.09 0.09 0.09 0.08 0.08 0.08 0.07 0.07 0.07 0.06 0.06 0.06 0.06 0.05 0.05 0.05 0.05 0.05 0.05 0.05 0.05 0.06 0.06 0.06 0.07 0.07 0.07 0.08 0.08 0.09 0.09 0.10 0.10
0.11 0.12 0.12 0.13 0.13 0.14 0.14 0.15 0.15 0.15 0.16 0.16 0.16 0.17 0.17 0.17 0.17 0.17 0.17 0.17 0.17 0.17 0.17 0.17 0.17 0.17 0.17 0.17 0.17 0.16 0.16 0.16 0.16 0.16 0.15 0.15 0.15 0.14 0.14 0.14 0.13 0.13 0.13 0.12 0.12 0.11 0.11 0.11 0.10 0.10 0.09 0.09 0.08 0.08 0.08 0.07 0.07 0.07 0.06 0.06 0.06 0.05 0.05 0.05 0.05 0.05 0.05 0.05 0.05 0.05 0.05 0.05 0.06 0.06 0.06 0.07 0.07 0.07 0.08 0.08 0.09 0.09 0.10
0.11 0.12 0.12 0.13 0.13 0.14 0.14 0.15 0.15 0.15 0.16 0.16 0.16 0.17 0.17 0.17 0.17 0.17 0.17 0.17 0.18 0.18 0.18 0.17 0.17 0.17 0.17 0.17 0.17 0.17 0.16 0.16 0.16 0.16 0.15 0.15 0.15 0.15 0.14 0.14 0.13 0.13 0.13 0.12 0.12 0.11 0.11 0.11 0.10 0.10 0.09 0.09 0.08 0.08 0.07 0.07 0.07 0.06 0.06 0.06 0.05 0.05 0.05 0.05 0.05 0.04 0.04 0.04 0.04 0.05 0.05 0.05 0.05 0.06 0.06 0.06 0.07 0.07 0.08 0.08 0.09 0.09 0.10
0.11 0.11 0.12 0.12 0.13 0.14 0.14 0.15 0.15 0.15 0.16 0.16 0.16 0.17 0.17 0.17 0.17 0.17 0.18 0.18 0.18 0.18 0.18 0.18 0.18 0.18 0.17 0.17 0.17 0.17 0.17 0.16 0.16 0.16 0.16 0.15 0.15 0.15 0.14 0.14 0.14 0.13 0.13 0.12 0.12 0.11 0.11 0.10 0.10 0.09 0.09 0.09 0.08 0.08 0.07 0.07 0.06 0.06 0.06 0.05 0.05 0.05 0.04 0.04 0.04 0.04 0.04 0.04 0.04 0.04 0.04 0.05 0.05 0.05 0.06 0.06 0.06 0.07 0.07 0.08 0.08 0.09 0.09
0.11 0.11 0.12 0.12 0.13 0.13 0.14 0.14 0.15 0.15 0.16 0.16 0.16 0.17 0.17 0.17 0.17 0.18 0.18 0.18 0.18 0.18 0.18 0.18 0.18 0.18 0.18 0.17 0.17 0.17 0.17 0.17 0.16 0.16 0.16 0.15 0.15 0.15 0.14 0.14 0.14 0.13 0.13 0.12 0.12 0.11 0.11 0.10 0.10 0.09 0.09 0.08 0.08 0.07 0.07 0.06 0.06 0.06 0.05 0.05 0.05 0.04 0.04 0.04 0.04 0.04 0.04 0.04 0.04 0.04 0.04 0.04 0.05 0.05 0.05 0.06 0.06 0.07 0.07 0.08 0.08 0.09 0.09
0.10 0.11 0.12 0.12 0.13 0.13 0.14 0.14 0.15 0.15 0.16 0.16 0.17 0.17 0.17 0.17 0.18 0.18 0.18 0.18 0.18 0.18 0.18 0.18 0.18 0.18 0.18 0.18 0.18 0.17 0.17 0.17 0.17 0.16 0.16 0.16 0.15 0.15 0.14 0.14 0.14 0.13 0.13 0.12 0.12 0.11 0.11 0.10 0.10 0.09 0.09 0.08 0.08 0.07 0.07 0.06 0.06 0.05 0.05 0.05 0.04 0.04 0.04 0.04 0.04 0.03 0.03 0.03 0.04 0.04 0.04 0.04 0.04 0.05 0.05 0.05 0.06 0.06 0.07 0.07 0.08 0.08 0.09
0.10 0.11 0.11 0.12 0.13 0.13 0.14 0.14 0.15 0.15 0.16 0.16 0.17 0.17 0.17 0.18 0.18 0.18 0.18 0.18 0.18 0.18 0.18 0.18 0.18 0.18 0.18 0.18 0.18 0.18 0.17 0.17 0.17 0.16 0.16 0.16 0.15 0.15 0.15 0.14 0.14 0.13 0.13 0.12 0.12 0.11 0.11 0.10 0.09 0.09 0.08 0.08 0.07 0.07 0.06 0.06 0.05 0.05 0.05 0.04 0.04 0.04 0.04 0.03 0.03 0.03 0.03 0.03 0.03 0.03 0.04 0.04 0.04 0.04 0.05 0.05 0.06 0.06 0.07 0.07 0.08 0.08 0.09
0.10 0.11 0.11 0.12 0.13 0.13 0.14 0.14 0.15 0.15 0.16 0.16 0.17 0.17 0.17 0.18 0.18 0.18 0.18 0.18 0.18 0.19 0.19 0.19 0.19 0.18 0.18 0.18 0.18 0.18 0.18 0.17 0.17 0.17 0.16 0.16 0.15 0.15 0.15 0.14 0.14 0.13 0.13 0.12 0.12 0.11 0.10 0.10 0.09 0.09 0.08 0.08 0.07 0.07 0.06 0.06 0.05 0.05 0.04 0.04 0.04 0.03 0.03 0.03 0.03 0.03 0.03 0.03 0.03 0.03 0.03 0.04 0.04 0.04 0.05 0.05 0.05 0.06 0.06 0.07 0.08 0.08 0.09
0.10 0.11 0.11 0.12 0.13 0.13 0.14 0.14 0.15 0.15 0.16 0.16 0.17 0.17 0.18 0.18 0.18 0.18 0.18 0.19 0.19 0.19 0.19 0.19 0.19 0.19 0.19 0.18 0.18 0.18 0.18 0.17 0.17 0.17 0.16 0.16 0.16 0.15 0.15 0.14 0.14 0.13 0.13 0.12 0.11 0.11 0.10 0.10 0.09 0.09 0.08 0.07 0.07 0.06 0.06 0.05 0.05 0.05 0.04 0.04 0.03 0.03 0.03 0.03 0.03 0.03 0.03 0.03 0.03 0.03 0.03 0.03 0.04 0.04 0.04 0.05 0.05 0.06 0.06 0.07 0.07 0.08 0.09
0.10 0.10 0.11 0.12 0.13 0.13 0.14 0.14 0.15 0.16 0.16 0.17 0.17 0.17 0.18 0.18 0.18 0.19 0.19 0.19 0.19 0.19 0.19 0.19 0.19 0.19 0.19 0.19 0.18 0.18 0.18 0.18 0.17 0.17 0.17 0.16 0.16 0.15 0.15 0.14 0.14 0.13 0.13 0.12 0.11 0.11 0.10 0.10 0.09 0.08 0.08 0.07 0.07 0.06 0.06 0.05 0.05 0.04 0.04 0.04 0.03 0.03 0.03 0.03 0.02 0.02 0.02 0.02 0.03 0.03 0.03 0.03 0.03 0.04 0.04 0.05 0.05 0.06 0.06 0.07 0.07 0.08 0.08
0.10 0.10 0.11 0.12 0.13 0.13 0.14 0.15 0.15 0.16 0.16 0.17 0.17 0.18 0.18 0.18 0.19 0.19 0.19 0.19 0.19 0.19 0.19 0.19 0.19 0.19 0.19 0.19 0.19 0.18 0.18 0.18 0.17 0.17 0.17 0.16 0.16 0.15 0.15 0.14 0.14 0.13 0.12 0.12 0.11 0.11 0.10 0.09 0.09 0.08 0.08 0.07 0.06 0.06 0.05 0.05 0.04 0.04 0.04 0.03 0.03 0.03 0.03 0.02 0.02 0.02 0.02 0.02 0.02 0.03 0.03 0.03 0.03 0.04 0.04 0.04 0.05 0.05 0.06 0.06 0.07 0.08 0.08
0.10 0.10 0.11 0.12 0.13 0.13 0.14 0.15 0.15 0.16 0.16 0.17 0.17 0.18 0.18 0.18 0.19 0.19 0.19 0.19 0.19 0.20 0.20 0.20 0.20 0.19 0.19 0.19 0.19 0.19 0.18 0.18 0.18 0.17 0.17 0.16 0.16 0.15 0.15 0.14 0.14 0.13 0.12 0.12 0.11 0.11 0.10 0.09 0.09 0.08 0.07 0.07 0.06 0.06 0.05 0.05 0.04 0.04 0.03 0.03 0.03 0.02 0.02 0.02 0.02 0.02 0.02 0.02 0.02 0.02 0.03 0.03 0.03 0.03 0.04 0.04 0.05 0.05 0.06 0.06 0.07 0.07 0.08
0.10 0.10 0.11 0.12 0.13 0.13 0.14 0.15 0.15 0.16 0.17 0.17 0.18 0.18 0.18 0.19 0.19 0.19 0.20 0.20 0.20 0.20 0.20 0.20 0.20 0.20 0.20 0.19 0.19 0.19 0.19 0.18 0.18 0.17 0.17 0.16 0.16 0.15 0.15 0.14 0.14 0.13 0.12 0.12 0.11 0.10 0.10 0.09 0.08 0.08 0.07 0.07 0.06 0.05 0.05 0.04 0.04 0.04 0.03 0.03 0.03 0.02 0.02 0.02 0.02 0.02 0.02 0.02 0.02 0.02 0.02 0.03 0.03 0.03 0.04 0.04 0.05 0.05 0.06 0.06 0.07 0.07 0.08
0.10 0.10 0.11 0.12 0.13 0.14 0.14 0.15 0.16 0.16 0.17 0.17 0.18 0.18 0.19 0.19 0.19 0.20 0.20 0.20 0.20 0.20 0.20 0.20 0.20 0.20 0.20 0.20 0.19 0.19 0.19 0.18 0.18 0.18 0.17 0.17 0.16 0.16 0.15 0.14 0.14 0.13 0.12 0.12 0.11 0.10 0.10 0.09 0.08 0.08 0.07 0.06 0.06 0.05 0.05 0.04 0.04 0.03 0.03 0.03 0.02 0.02 0.02 0.02 0.02 0.02 0.02 0.02 0.02 0.02 0.02 0.03 0.03 0.03 0.04 0.04 0.04 0.05 0.05 0.06 0.07 0.07 0.08
0.10 0.11 0.11 0.12 0.13 0.14 0.14 0.15 0.16 0.16 0.17 0.18 0.18 0.19 0.19 0.19 0.20 0.20 0.20 0.20 0.21 0.21 0.21 0.21 0.21 0.20 0.20 0.20 0.20 0.19 0.19 0.19 0.18 0.18 0.17 0.17 0.16 0.16 0.15 0.14 0.14 0.13 0.12 0.12 0.11 0.10 0.10 0.09 0.08 0.07 0.07 0.06 0.06 0.05 0.04 0.04 0.04 0.03 0.03 0.02 0.02 0.02 0.02 0.02 0.02 0.01 0.02 0.02 0.02 0.02 0.02 0.02 0.03 0.03 0.03 0.04 0.04 0.05 0.05 0.06 0.06 0.07 0.08
0.10 0.11 0.12 0.12 0.13 0.14 0.15 0.15 0.16 0.17 0.17 0.18 0.19 0.19 0.19 0.20 0.20 0.20 0.21 0.21 0.21 0.21 0.21 0.21 0.21 0.21 0.21 0.20 0.20 0.20 0.19 0.19 0.19 0.18 0.18 0.17 0.16 0.16 0.15 0.14 0.14 0.13 0.12 0.12 0.11 0.10 0.09 0.09 0.08 0.07 0.07 0.06 0.05 0.05 0.04 0.04 0.03 0.03 0.03 0.02 0.02 0.02 0.02 0.01 0.01 0.01 0.01 0.01 0.02 0.02 0.02 0.02 0.03 0.03 0.03 0.04 0.04 0.05 0.05 0.06 0.06 0.07 0.07
0.10 0.11 0.12 0.13 0.13 0.14 0.15 0.16 0.16 0.17 0.18 0.18 0.19 0.19 0.20 0.20 0.21 0.21 0.21 0.21 0.21 0.22 0.22 0.22 0.21 0.21 0.21 0.21 0.21 0.20 0.20 0.19 0.19 0.18 0.18 0.17 0.17 0.16 0.15 0.15 0.14 0.13 0.12 0.12 0.11 0.10 0.09 0.09 0.08 0.07 0.07 0.06 0.05 0.05 0.04 0.04 0.03 0.03 0.02 0.02 0.02 0.02 0.01 0.01 0.01 0.01 0.01 0.01 0.01 0.02 0.02 0.02 0.02 0.03 0.03 0.04 0.04 0.05 0.05 0.06 0.06 0.07 0.07
0.10 0.11 0.12 0.13 0.14 0.15 0.15 0.16 0.17 0.18 0.18 0.19 0.19 0.20 0.20 0.21 0.21 0.21 0.22 0.22 0.22 0.22 0.22 0.22 0.22 0.22 0.22 0.21 0.21 0.21 0.20 0.20 0.19 0.19 0.18 0.18 0.17 0.16 0.15 0.15 0.14 0.13 0.12 0.12 0.11 0.10 0.09 0.09 0.08 0.07 0.06 0.06 0.05 0.05 0.04 0.03 0.03 0.03 0.02 0.02 0.02 0.01 0.01 0.01 0.01 0.01 0.01 0.01 0.01 0.02 0.02 0.02 0.02 0.03 0.03 0.04 0.04 0.04 0.05 0.05 0.06 0.07 0.07
0.11 0.11 0.12 0.13 0.14 0.15 0.16 0.17 0.17 0.18 0.19 0.19 0.20 0.20 0.21 0.21 0.22 0.22 0.22 0.22 0.23 0.23 0.23 0.23 0.23 0.22 0.22 0.22 0.22 0.21 0.21 0.20 0.20 0.19 0.19 0.18 0.17 0.16 0.16 0.15 0.14 0.13 0.13 0.12 0.11 0.10 0.09 0.09 0.08 0.07 0.06 0.06 0.05 0.04 0.04 0.03 0.03 0.02 0.02 0.02 0.01 0.01 0.01 0.01 0.01 0.01 0.01 0.01 0.01 0.01 0.02 0.02 0.02 0.03 0.03 0.03 0.04 0.04 0.05 0.05 0.06 0.06 0.07
0.11 0.12 0.13 0.14 0.14 0.15 0.16 0.17 0.18 0.18 0.19 0.20 0.20 0.21 0.21 0.22 0.22 0.23 0.23 0.23 0.23 0.23 0.23 0.23 0.23 0.23 0.23 0.22 0.22 0.22 0.21 0.21 0.20 0.20 0.19 0.18 0.17 0.17 0.16 0.15 0.14 0.14 0.13 0.12 0.11 0.10 0.09 0.09 0.08 0.07 0.06 0.06 0.05 0.04 0.04 0.03 0.03 0.02 0.02 0.02 0.01 0.01 0.01 0.01 0.01 0.01 0.01 0.01 0.01 0.01 0.02 0.02 0.02 0.02 0.03 0.03 0.04 0.04 0.05 0.05 0.06 0.06 0.07
0.11 0.12 0.13 0.14 0.15 0.16 0.17 0.17 0.18 0.19 0.20 0.20 0.21 0.22 0.22 0.23 0.23 0.23 0.24 0.24 0.24 0.24 0.24 0.24 0.24 0.24 0.23 0.23 0.23 0.22 0.22 0.21 0.21 0.20 0.19 0.19 0.18 0.17 0.16 0.15 0.15 0.14 0.13 0.12 0.11 0.10 0.09 0.09 0.08 0.07 0.06 0.06 0.05 0.04 0.04 0.03 0.03 0.02 0.02 0.02 0.01 0.01 0.01 0.01 0.01 0.01 0.01 0.01 0.01 0.01 0.01 0.02 0.02 0.02 0.03 0.03 0.04 0.04 0.04 0.05 0.05 0.06 0.07
0.12 0.13 0.13 0.14 0.15 0.16 0.17 0.18 0.19 0.20 0.20 0.21 0.22 0.22 0.23 0.23 0.24 0.24 0.24 0.24 0.25 0.25 0.25 0.25 0.25 0.24 0.24 0.24 0.23 0.23 0.22 0.22 0.21 0.21 0.20 0.19 0.18 0.17 0.17 0.16 0.15 0.14 0.13 0.12 0.11 0.10 0.10 0.09 0.08 0.07 0.06 0.06 0.05 0.04 0.04 0.03 0.03 0.02 0.02 0.01 0.01 0.01 0.01 0.01 0.01 0.01 0.01 0.01 0.01 0.01 0.01 0.02 0.02 0.02 0.03 0.03 0.03 0.04 0.04 0.05 0.05 0.06 0.06
0.12 0.13 0.14 0.15 0.16 0.17 0.18 0.19 0.19 0.20 0.21 0.22 0.22 0.23 0.24 0.24 0.24 0.25 0.25 0.25 0.25 0.26 0.26 0.25 0.25 0.25 0.25 0.25 0.24 0.24 0.23 0.23 0.22 0.21 0.20 0.20 0.19 0.18 0.17 0.16 0.15 0.14 0.13 0.12 0.11 0.11 0.10 0.09 0.08 0.07 0.06 0.06 0.05 0.04 0.04 0.03 0.03 0.02 0.02 0.01 0.01 0.01 0.01 0.01 0.01 0.01 0.01 0.01 0.01 0.01 0.01 0.01 0.02 0.02 0.02 0.03 0.03 0.04 0.04 0.05 0.05 0.06 0.06
0.12 0.13 0.14 0.15 0.16 0.17 0.18 0.19 0.20 0.21 0.22 0.22 0.23 0.24 0.24 0.25 0.25 0.26 0.26 0.26 0.26 0.26 0.26 0.26 0.26 0.26 0.26 0.25 0.25 0.24 0.24 0.23 0.23 0.22 0.21 0.20 0.19 0.18 0.17 0.17 0.16 0.15 0.14 0.13 0.12 0.11 0.10 0.09 0.08 0.07 0.06 0.06 0.05 0.04 0.04 0.03 0.03 0.02 0.02 0.01 0.01 0.01 0.01 0.01 0.00 0.00 0.01 0.01 0.01 0.01 0.01 0.01 0.02 0.02 0.02 0.03 0.03 0.03 0.04 0.04 0.05 0.05 0.06
0.13 0.14 0.15 0.16 0.17 0.18 0.19 0.20 0.21 0.22 0.23 0.23 0.24 0.25 0.25 0.26 0.26 0.27 0.27 0.27 0.27 0.27 0.27 0.27 0.27 0.27 0.27 0.26 0.26 0.25 0.25 0.24 0.23 0.23 0.22 0.21 0.20 0.19 0.18 0.17 0.16 0.15 0.14 0.13 0.12 0.11 0.10 0.09 0.08 0.07 0.06 0.06 0.05 0.04 0.04 0.03 0.03 0.02 0.02 0.01 0.01 0.01 0.01 0.00 0.00 0.00 0.00 0.01 0.01 0.01 0.01 0.01 0.01 0.02 0.02 0.03 0.03 0.03 0.04 0.04 0.05 0.05 0.06
0.13 0.15 0.16 0.17 0.18 0.19 0.20 0.21 0.22 0.22 0.23 0.24 0.25 0.25 0.26 0.27 0.27 0.28 0.28 0.28 0.28 0.28 0.28 0.28 0.28 0.28 0.28 0.27 0.27 0.26 0.26 0.25 0.24 0.23 0.22 0.22 0.21 0.20 0.19 0.18 0.17 0.15 0.14 0.13 0.12 0.11 0.10 0.09 0.08 0.08 0.07 0.06 0.05 0.04 0.04 0.03 0.03 0.02 0.02 0.01 0.01 0.01 0.01 0.00 0.00 0.00 0.00 0.00 0.01 0.01 0.01 0.01 0.01 0.02 0.02 0.02 0.03 0.03 0.04 0.04 0.04 0.05 0.05
0.14 0.15 0.16 0.17 0.18 0.19 0.20 0.21 0.22 0.23 0.24 0.25 0.26 0.26 0.27 0.28 0.28 0.29 0.29 0.29 0.29 0.29 0.29 0.29 0.29 0.29 0.29 0.28 0.28 0.27 0.26 0.26 0.25 0.24 0.23 0.22 0.21 0.20 0.19 0.18 0.17 0.16 0.15 0.14 0.13 0.12 0.11 0.10 0.09 0.08 0.07 0.06 0.05 0.04 0.04 0.03 0.03 0.02 0.02 0.01 0.01 0.01 0.01 0.00 0.00 0.00 0.00 0.00 0.00 0.01 0.01 0.01 0.01 0.02 0.02 0.02 0.03 0.03 0.03 0.04 0.04 0.05 0.05
0.15 0.16 0.17 0.18 0.19 0.20 0.21 0.22 0.23 0.24 0.25 0.26 0.27 0.27 0.28 0.29 0.29 0.30 0.30 0.30 0.30 0.31 0.31 0.30 0.30 0.30 0.30 0.29 0.29 0.28 0.27 0.27 0.26 0.25 0.24 0.23 0.22 0.21 0.20 0.19 0.18 0.17 0.15 0.14 0.13 0.12 0.11 0.10 0.09 0.08 0.07 0.06 0.05 0.05 0.04 0.03 0.03 0.02 0.02 0.01 0.01 0.01 0.01 0.00 0.00 0.00 0.00 0.00 0.00 0.01 0.01 0.01 0.01 0.01 0.02 0.02 0.02 0.03 0.03 0.04 0.04 0.04 0.05
0.15 0.16 0.18 0.19 0.20 0.21 0.22 0.23 0.24 0.25 0.26 0.27 0.28 0.28 0.29 0.30 0.30 0.31 0.31 0.31 0.32 0.32 0.32 0.32 0.31 0.31 0.31 0.30 0.30 0.29 0.28 0.28 0.27 0.26 0.25 0.24 0.23 0.22 0.21 0.19 0.18 0.17 0.16 0.15 0.14 0.12 0.11 0.10 0.09 0.08 0.07 0.06 0.06 0.05 0.04 0.03 0.03 0.02 0.02 0.01 0.01 0.01 0.01 0.00 0.00 0.00 0.00 0.00 0.00 0.00 0.01 0.01 0.01 0.01 0.02 0.02 0.02 0.03 0.03 0.03 0.04 0.04 0.05
0.16 0.17 0.18 0.19 0.21 0.22 0.23 0.24 0.25 0.26 0.27 0.28 0.29 0.30 0.30 0.31 0.31 0.32 0.32 0.33 0.33 0.33 0.33 0.33 0.33 0.32 0.32 0.31 0.31 0.30 0.30 0.29 0.28 0.27 0.26 0.25 0.24 0.23 0.21 0.20 0.19 0.18 0.17 0.15 0.14 0.13 0.12 0.11 0.10 0.09 0.08 0.07 0.06 0.05 0.04 0.04 0.03 0.02 0.02 0.02 0.01 0.01 0.01 0.00 0.00 0.00 0.00 0.00 0.00 0.00 0.00 0.01 0.01 0.01 0.01 0.02 0.02 0.02 0.03 0.03 0.03 0.04 0.04
0.17 0.18 0.19 0.20 0.21 0.23 0.24 0.25 0.26 0.27 0.28 0.29 0.30 0.31 0.31 0.32 0.33 0.33 0.33 0.34 0.34 0.34 0.34 0.34 0.34 0.34 0.33 0.33 0.32 0.31 0.31 0.30 0.29 0.28 0.27 0.26 0.25 0.23 0.22 0.21 0.20 0.18 0.17 0.16 0.15 0.13 0.12 0.11 0.10 0.09 0.08 0.07 0.06 0.05 0.05 0.04 0.03 0.03 0.02 0.02 0.01 0.01 0.01 0.00 0.00 0.00 0.00 0.00 0.00 0.00 0.00 0.01 0.01 0.01 0.01 0.01 0.02 0.02 0.02 0.03 0.03 0.04 0.04
