speedsAfterKrig/output_residuos_65_2010.asc
NCOLS          173       
NROWS          329       
XLLCENTER      510425.00 
YLLCENTER      8547775.00
DX             50.00     
DY             50.00     
NODATA_VALUE   -999.00   
[rows 228 to 265 of 329, columns 84 to 167 of 173]
0.54 0.59 0.65 0.72 0.78 0.85 0.92 1.00 1.07 1.14 1.22 1.29 1.36 1.43 1.49 1.56 1.61 1.67 1.72 1.76 1.80 1.83 1.85 1.87 1.88 1.88 1.87 1.86 1.84 1.81 1.78 1.74 1.70 1.64 1.59 1.53 1.47 1.40 1.33 1.26 1.19 1.12 1.04 0.97 0.90 0.83 0.76 0.70 0.63 0.57 0.51 0.46 0.41 0.36 0.32 0.28 0.24 0.21 0.18 0.15 0.13 0.11 0.10 0.08 0.07 0.07 0.06 0.06 0.06 0.06 0.06 0.07 0.07 0.08 0.09 0.09 0.10 0.11 0.12 0.13 0.14 0.15 0.16 0.17
0.53 0.59 0.65 0.72 0.79 0.86 0.93 1.01 1.08 1.16 1.23 1.31 1.38 1.46 1.52 1.59 1.65 1.71 1.76 1.81 1.84 1.88 1.90 1.92 1.93 1.93 1.93 1.92 1.90 1.87 1.84 1.80 1.75 1.70 1.64 1.58 1.51 1.45 1.37 1.30 1.23 1.15 1.08 1.00 0.93 0.86 0.79 0.72 0.65 0.59 0.53 0.47 0.42 0.37 0.33 0.29 0.25 0.21 0.18 0.16 0.13 0.11 0.10 0.09 0.08 0.07 0.06 0.06 0.06 0.06 0.06 0.07 0.07 0.08 0.09 0.10 0.11 0.12 0.13 0.14 0.15 0.16 0.17 0.18
0.52 0.58 0.65 0.72 0.79 0.86 0.94 1.02 1.10 1.18 1.26 1.34 1.41 1.49 1.56 1.63 1.69 1.75 1.81 1.86 1.90 1.93 1.96 1.98 1.99 2.00 1.99 1.98 1.96 1.93 1.90 1.86 1.81 1.76 1.70 1.63 1.57 1.50 1.42 1.35 1.27 1.19 1.11 1.04 0.96 0.89 0.81 0.74 0.67 0.61 0.55 0.49 0.43 0.38 0.34 0.29 0.25 0.22 0.19 0.16 0.14 0.12 0.10 0.09 0.08 0.07 0.06 0.06 0.06 0.06 0.07 0.07 0.08 0.08 0.09 0.10 0.11 0.12 0.13 0.14 0.15 0.16 0.18 0.19
0.52 0.58 0.65 0.72 0.80 0.87 0.95 1.03 1.12 1.20 1.28 1.36 1.45 1.52 1.60 1.67 1.74 1.80 1.86 1.91 1.96 1.99 2.02 2.04 2.06 2.06 2.06 2.05 2.03 2.00 1.97 1.92 1.87 1.82 1.76 1.69 1.62 1.55 1.48 1.40 1.32 1.24 1.16 1.08 1.00 0.92 0.84 0.77 0.70 0.63 0.56 0.50 0.45 0.39 0.35 0.30 0.26 0.22 0.19 0.16 0.14 0.12 0.10 0.09 0.08 0.07 0.06 0.06 0.06 0.06 0.07 0.07 0.08 0.09 0.09 0.10 0.11 0.12 0.14 0.15 0.16 0.17 0.18 0.19
0.52 0.58 0.65 0.73 0.80 0.88 0.97 1.05 1.14 1.22 1.31 1.40 1.48 1.57 1.64 1.72 1.79 1.86 1.92 1.97 2.02 2.06 2.09 2.11 2.13 2.13 2.13 2.12 2.10 2.07 2.04 1.99 1.94 1.89 1.83 1.76 1.69 1.61 1.53 1.45 1.37 1.28 1.20 1.12 1.03 0.95 0.87 0.80 0.72 0.65 0.58 0.52 0.46 0.41 0.36 0.31 0.27 0.23 0.20 0.17 0.14 0.12 0.10 0.09 0.08 0.07 0.07 0.06 0.06 0.06 0.07 0.07 0.08 0.09 0.10 0.11 0.12 0.13 0.14 0.15 0.16 0.18 0.19 0.20
0.51 0.58 0.66 0.73 0.81 0.90 0.98 1.07 1.16 1.25 1.34 1.43 1.52 1.61 1.69 1.77 1.85 1.92 1.98 2.04 2.09 2.13 2.16 2.19 2.20 2.21 2.21 2.20 2.18 2.15 2.11 2.07 2.02 1.96 1.89 1.83 1.75 1.67 1.59 1.51 1.42 1.33 1.24 1.16 1.07 0.99 0.91 0.83 0.75 0.68 0.61 0.54 0.48 0.42 0.37 0.32 0.28 0.24 0.20 0.17 0.15 0.12 0.11 0.09 0.08 0.07 0.07 0.06 0.06 0.06 0.07 0.07 0.08 0.09 0.10 0.11 0.12 0.13 0.14 0.16 0.17 0.18 0.19 0.20
0.51 0.59 0.66 0.74 0.82 0.91 1.00 1.09 1.19 1.28 1.38 1.47 1.57 1.66 1.74 1.83 1.91 1.98 2.05 2.11 2.16 2.20 2.24 2.27 2.28 2.29 2.29 2.28 2.26 2.23 2.19 2.15 2.10 2.03 1.97 1.90 1.82 1.74 1.65 1.56 1.47 1.38 1.29 1.20 1.11 1.03 0.94 0.86 0.78 0.70 0.63 0.56 0.50 0.44 0.38 0.33 0.29 0.25 0.21 0.18 0.15 0.13 0.11 0.09 0.08 0.07 0.07 0.06 0.06 0.07 0.07 0.08 0.08 0.09 0.10 0.11 0.12 0.14 0.15 0.16 0.17 0.18 0.20 0.21
0.52 0.59 0.67 0.75 0.84 0.93 1.02 1.12 1.22 1.31 1.41 1.51 1.61 1.71 1.80 1.88 1.97 2.04 2.12 2.18 2.23 2.28 2.32 2.35 2.37 2.38 2.38 2.37 2.35 2.32 2.28 2.23 2.18 2.11 2.04 1.97 1.89 1.80 1.72 1.62 1.53 1.44 1.34 1.25 1.16 1.06 0.98 0.89 0.81 0.73 0.65 0.58 0.51 0.45 0.40 0.34 0.30 0.25 0.22 0.18 0.16 0.13 0.11 0.10 0.08 0.07 0.07 0.07 0.06 0.07 0.07 0.08 0.08 0.09 0.10 0.11 0.13 0.14 0.15 0.16 0.18 0.19 0.20 0.21
0.52 0.59 0.68 0.76 0.85 0.95 1.04 1.14 1.25 1.35 1.45 1.55 1.66 1.76 1.85 1.94 2.03 2.11 2.19 2.25 2.31 2.36 2.40 2.43 2.45 2.46 2.46 2.45 2.43 2.40 2.36 2.31 2.26 2.19 2.12 2.04 1.96 1.87 1.78 1.69 1.59 1.49 1.39 1.30 1.20 1.11 1.01 0.92 0.84 0.75 0.68 0.60 0.53 0.47 0.41 0.36 0.31 0.26 0.22 0.19 0.16 0.13 0.11 0.10 0.08 0.08 0.07 0.07 0.07 0.07 0.07 0.08 0.09 0.10 0.11 0.12 0.13 0.14 0.15 0.17 0.18 0.19 0.21 0.22
0.52 0.60 0.68 0.77 0.87 0.96 1.07 1.17 1.28 1.38 1.49 1.60 1.70 1.81 1.91 2.00 2.09 2.18 2.26 2.33 2.39 2.44 2.48 2.52 2.54 2.55 2.55 2.54 2.52 2.49 2.45 2.40 2.34 2.27 2.20 2.12 2.03 1.94 1.85 1.75 1.65 1.55 1.45 1.34 1.24 1.15 1.05 0.96 0.87 0.78 0.70 0.62 0.55 0.49 0.42 0.37 0.32 0.27 0.23 0.20 0.17 0.14 0.12 0.10 0.09 0.08 0.07 0.07 0.07 0.07 0.07 0.08 0.09 0.10 0.11 0.12 0.13 0.14 0.16 0.17 0.18 0.20 0.21 0.22
0.52 0.61 0.69 0.79 0.88 0.98 1.09 1.20 1.31 1.42 1.53 1.64 1.75 1.86 1.96 2.06 2.16 2.25 2.33 2.40 2.46 2.52 2.56 2.60 2.62 2.63 2.64 2.63 2.61 2.57 2.53 2.48 2.42 2.35 2.28 2.19 2.11 2.01 1.91 1.81 1.71 1.60 1.50 1.39 1.29 1.19 1.09 0.99 0.90 0.81 0.73 0.65 0.57 0.50 0.44 0.38 0.33 0.28 0.24 0.20 0.17 0.14 0.12 0.10 0.09 0.08 0.07 0.07 0.07 0.07 0.07 0.08 0.09 0.10 0.11 0.12 0.13 0.15 0.16 0.17 0.19 0.20 0.21 0.23
0.53 0.61 0.70 0.80 0.90 1.00 1.11 1.22 1.34 1.45 1.57 1.68 1.80 1.91 2.02 2.12 2.22 2.31 2.40 2.47 2.54 2.60 2.65 2.68 2.71 2.72 2.72 2.71 2.69 2.66 2.62 2.57 2.50 2.43 2.36 2.27 2.18 2.08 1.98 1.87 1.77 1.66 1.55 1.44 1.33 1.23 1.13 1.03 0.93 0.84 0.75 0.67 0.59 0.52 0.46 0.39 0.34 0.29 0.25 0.21 0.18 0.15 0.12 0.11 0.09 0.08 0.07 0.07 0.07 0.07 0.07 0.08 0.09 0.10 0.11 0.12 0.13 0.15 0.16 0.18 0.19 0.20 0.22 0.23
0.53 0.62 0.71 0.81 0.91 1.02 1.13 1.25 1.37 1.49 1.61 1.73 1.84 1.96 2.07 2.18 2.28 2.38 2.47 2.54 2.61 2.67 2.72 2.76 2.79 2.80 2.81 2.80 2.78 2.74 2.70 2.65 2.58 2.51 2.43 2.34 2.25 2.15 2.04 1.94 1.83 1.71 1.60 1.49 1.38 1.27 1.16 1.06 0.96 0.87 0.78 0.69 0.61 0.54 0.47 0.41 0.35 0.30 0.26 0.22 0.18 0.15 0.13 0.11 0.09 0.08 0.07 0.07 0.07 0.07 0.07 0.08 0.09 0.10 0.11 0.12 0.14 0.15 0.16 0.18 0.19 0.21 0.22 0.23
0.54 0.63 0.72 0.82 0.93 1.04 1.15 1.27 1.39 1.52 1.64 1.76 1.89 2.01 2.12 2.23 2.34 2.44 2.53 2.61 2.69 2.75 2.80 2.84 2.87 2.88 2.89 2.88 2.86 2.82 2.78 2.73 2.66 2.59 2.50 2.41 2.32 2.21 2.11 2.00 1.88 1.77 1.65 1.54 1.42 1.31 1.20 1.09 0.99 0.89 0.80 0.71 0.63 0.56 0.49 0.42 0.36 0.31 0.26 0.22 0.19 0.16 0.13 0.11 0.09 0.08 0.08 0.07 0.07 0.07 0.08 0.08 0.09 0.10 0.11 0.12 0.14 0.15 0.16 0.18 0.19 0.21 0.22 0.24
0.54 0.63 0.73 0.83 0.94 1.06 1.17 1.30 1.42 1.55 1.67 1.80 1.93 2.05 2.17 2.29 2.39 2.50 2.59 2.68 2.75 2.82 2.87 2.91 2.94 2.96 2.96 2.95 2.93 2.90 2.86 2.80 2.73 2.66 2.57 2.48 2.38 2.28 2.17 2.05 1.94 1.82 1.70 1.58 1.46 1.35 1.24 1.13 1.02 0.92 0.83 0.74 0.65 0.57 0.50 0.43 0.37 0.32 0.27 0.23 0.19 0.16 0.13 0.11 0.10 0.08 0.08 0.07 0.07 0.07 0.08 0.08 0.09 0.10 0.11 0.12 0.14 0.15 0.17 0.18 0.19 0.21 0.22 0.24
0.54 0.64 0.74 0.84 0.95 1.07 1.19 1.32 1.44 1.57 1.70 1.83 1.96 2.09 2.21 2.33 2.44 2.55 2.65 2.74 2.81 2.88 2.94 2.98 3.01 3.03 3.03 3.03 3.01 2.97 2.93 2.87 2.80 2.73 2.64 2.55 2.44 2.34 2.22 2.11 1.99 1.87 1.75 1.63 1.51 1.39 1.27 1.16 1.05 0.95 0.85 0.76 0.67 0.59 0.52 0.45 0.39 0.33 0.28 0.24 0.20 0.17 0.14 0.12 0.10 0.09 0.08 0.07 0.07 0.07 0.08 0.08 0.09 0.10 0.11 0.12 0.14 0.15 0.17 0.18 0.20 0.21 0.23 0.24
0.55 0.64 0.74 0.85 0.96 1.08 1.21 1.33 1.46 1.60 1.73 1.86 2.00 2.13 2.25 2.37 2.49 2.60 2.70 2.79 2.87 2.94 3.00 3.04 3.07 3.09 3.10 3.09 3.07 3.04 2.99 2.94 2.87 2.79 2.70 2.61 2.50 2.39 2.28 2.16 2.04 1.91 1.79 1.67 1.54 1.42 1.30 1.19 1.08 0.97 0.87 0.78 0.69 0.61 0.53 0.46 0.40 0.34 0.29 0.24 0.20 0.17 0.14 0.12 0.10 0.09 0.08 0.07 0.07 0.07 0.08 0.08 0.09 0.10 0.11 0.12 0.14 0.15 0.17 0.18 0.20 0.21 0.23 0.24
0.55 0.64 0.75 0.86 0.97 1.09 1.22 1.35 1.48 1.62 1.75 1.89 2.02 2.16 2.29 2.41 2.53 2.64 2.74 2.83 2.92 2.99 3.05 3.09 3.13 3.15 3.16 3.15 3.13 3.10 3.05 2.99 2.93 2.85 2.76 2.66 2.56 2.44 2.33 2.21 2.08 1.96 1.83 1.71 1.58 1.46 1.34 1.22 1.11 1.00 0.90 0.80 0.71 0.62 0.54 0.47 0.41 0.35 0.30 0.25 0.21 0.17 0.15 0.12 0.10 0.09 0.08 0.07 0.07 0.07 0.08 0.08 0.09 0.10 0.11 0.12 0.14 0.15 0.17 0.18 0.20 0.21 0.23 0.24
0.55 0.64 0.75 0.86 0.98 1.10 1.23 1.36 1.49 1.63 1.77 1.91 2.05 2.18 2.31 2.44 2.56 2.67 2.78 2.87 2.96 3.03 3.09 3.14 3.18 3.20 3.21 3.20 3.18 3.15 3.10 3.05 2.98 2.90 2.81 2.71 2.60 2.49 2.37 2.25 2.13 2.00 1.87 1.74 1.61 1.49 1.37 1.25 1.13 1.02 0.92 0.82 0.73 0.64 0.56 0.48 0.42 0.36 0.30 0.26 0.21 0.18 0.15 0.12 0.11 0.09 0.08 0.07 0.07 0.07 0.07 0.08 0.09 0.10 0.11 0.12 0.14 0.15 0.17 0.18 0.20 0.21 0.23 0.24
0.55 0.64 0.75 0.86 0.98 1.10 1.23 1.37 1.50 1.64 1.78 1.92 2.06 2.20 2.33 2.46 2.58 2.70 2.81 2.90 2.99 3.06 3.13 3.18 3.21 3.24 3.25 3.24 3.22 3.19 3.15 3.09 3.02 2.94 2.85 2.75 2.65 2.53 2.41 2.29 2.16 2.03 1.90 1.77 1.65 1.52 1.39 1.27 1.16 1.04 0.94 0.84 0.74 0.65 0.57 0.50 0.43 0.37 0.31 0.26 0.22 0.18 0.15 0.13 0.11 0.09 0.08 0.07 0.07 0.07 0.07 0.08 0.09 0.10 0.11 0.12 0.14 0.15 0.17 0.18 0.20 0.21 0.23 0.24
0.54 0.64 0.75 0.86 0.98 1.10 1.23 1.37 1.51 1.65 1.79 1.93 2.07 2.21 2.34 2.47 2.60 2.72 2.83 2.92 3.01 3.09 3.15 3.21 3.25 3.27 3.28 3.28 3.26 3.23 3.18 3.13 3.06 2.98 2.89 2.79 2.68 2.57 2.45 2.33 2.20 2.07 1.94 1.81 1.67 1.55 1.42 1.30 1.18 1.07 0.96 0.85 0.76 0.67 0.58 0.51 0.44 0.38 0.32 0.27 0.22 0.19 0.16 0.13 0.11 0.09 0.08 0.07 0.07 0.07 0.07 0.08 0.09 0.10 0.11 0.12 0.13 0.15 0.16 0.18 0.20 0.21 0.23 0.24
0.54 0.64 0.74 0.86 0.97 1.10 1.23 1.37 1.50 1.65 1.79 1.93 2.07 2.21 2.35 2.48 2.61 2.73 2.84 2.94 3.03 3.11 3.17 3.23 3.27 3.29 3.30 3.30 3.29 3.26 3.21 3.16 3.09 3.01 2.92 2.82 2.72 2.60 2.48 2.36 2.23 2.10 1.97 1.83 1.70 1.57 1.44 1.32 1.20 1.08 0.98 0.87 0.77 0.68 0.60 0.52 0.45 0.38 0.33 0.27 0.23 0.19 0.16 0.13 0.11 0.09 0.08 0.07 0.07 0.07 0.07 0.08 0.08 0.09 0.11 0.12 0.13 0.15 0.16 0.18 0.19 0.21 0.23 0.24
0.53 0.63 0.74 0.85 0.97 1.09 1.22 1.36 1.50 1.64 1.78 1.93 2.07 2.21 2.35 2.48 2.61 2.73 2.84 2.94 3.03 3.11 3.18 3.24 3.28 3.31 3.32 3.32 3.31 3.28 3.24 3.18 3.11 3.04 2.95 2.85 2.74 2.63 2.51 2.38 2.25 2.12 1.99 1.86 1.73 1.59 1.47 1.34 1.22 1.10 0.99 0.89 0.79 0.70 0.61 0.53 0.46 0.39 0.33 0.28 0.23 0.20 0.16 0.13 0.11 0.09 0.08 0.07 0.07 0.07 0.07 0.07 0.08 0.09 0.10 0.12 0.13 0.15 0.16 0.18 0.19 0.21 0.22 0.24
0.53 0.62 0.73 0.84 0.96 1.08 1.21 1.35 1.49 1.63 1.77 1.91 2.06 2.20 2.34 2.47 2.60 2.72 2.83 2.94 3.03 3.11 3.18 3.24 3.28 3.31 3.33 3.33 3.32 3.29 3.25 3.20 3.13 3.05 2.97 2.87 2.76 2.65 2.53 2.41 2.28 2.15 2.01 1.88 1.75 1.62 1.49 1.36 1.24 1.12 1.01 0.90 0.80 0.71 0.62 0.54 0.47 0.40 0.34 0.29 0.24 0.20 0.16 0.14 0.11 0.09 0.08 0.07 0.07 0.07 0.07 0.07 0.08 0.09 0.10 0.11 0.13 0.14 0.16 0.17 0.19 0.21 0.22 0.24
0.52 0.61 0.71 0.83 0.94 1.07 1.20 1.33 1.47 1.61 1.75 1.90 2.04 2.18 2.32 2.45 2.58 2.70 2.82 2.92 3.02 3.10 3.17 3.23 3.28 3.31 3.33 3.33 3.32 3.29 3.26 3.20 3.14 3.07 2.98 2.88 2.78 2.67 2.55 2.43 2.30 2.17 2.03 1.90 1.77 1.64 1.51 1.38 1.26 1.14 1.03 0.92 0.82 0.72 0.63 0.55 0.48 0.41 0.35 0.29 0.24 0.20 0.17 0.14 0.11 0.09 0.08 0.07 0.06 0.06 0.06 0.07 0.08 0.09 0.10 0.11 0.12 0.14 0.16 0.17 0.19 0.20 0.22 0.24
0.50 0.60 0.70 0.81 0.93 1.05 1.18 1.31 1.45 1.59 1.73 1.87 2.01 2.16 2.29 2.43 2.56 2.68 2.80 2.90 3.00 3.08 3.16 3.22 3.26 3.30 3.32 3.32 3.31 3.29 3.25 3.21 3.14 3.07 2.99 2.89 2.79 2.68 2.56 2.44 2.31 2.18 2.05 1.92 1.79 1.66 1.53 1.40 1.28 1.16 1.04 0.93 0.83 0.74 0.65 0.56 0.49 0.42 0.35 0.30 0.25 0.21 0.17 0.14 0.11 0.09 0.08 0.07 0.06 0.06 0.06 0.07 0.07 0.08 0.09 0.11 0.12 0.14 0.15 0.17 0.18 0.20 0.22 0.23
0.49 0.58 0.68 0.79 0.90 1.02 1.15 1.28 1.42 1.56 1.70 1.84 1.98 2.12 2.26 2.40 2.53 2.65 2.76 2.87 2.97 3.06 3.13 3.19 3.24 3.28 3.30 3.31 3.30 3.28 3.25 3.20 3.14 3.07 2.99 2.90 2.80 2.69 2.58 2.46 2.33 2.20 2.07 1.94 1.81 1.67 1.54 1.42 1.29 1.17 1.06 0.95 0.85 0.75 0.66 0.57 0.50 0.43 0.36 0.30 0.25 0.21 0.17 0.14 0.11 0.09 0.08 0.07 0.06 0.06 0.06 0.06 0.07 0.08 0.09 0.10 0.12 0.13 0.15 0.16 0.18 0.20 0.21 0.23
0.47 0.56 0.66 0.77 0.88 1.00 1.12 1.25 1.39 1.52 1.66 1.80 1.95 2.09 2.22 2.36 2.49 2.61 2.73 2.83 2.93 3.02 3.10 3.16 3.21 3.25 3.28 3.29 3.28 3.27 3.24 3.19 3.14 3.07 2.99 2.90 2.80 2.70 2.59 2.47 2.34 2.22 2.09 1.96 1.82 1.69 1.56 1.44 1.31 1.19 1.08 0.97 0.86 0.76 0.67 0.59 0.51 0.44 0.37 0.31 0.26 0.21 0.18 0.14 0.11 0.09 0.08 0.06 0.06 0.05 0.05 0.06 0.06 0.07 0.08 0.10 0.11 0.13 0.14 0.16 0.18 0.19 0.21 0.23
0.46 0.54 0.64 0.74 0.85 0.97 1.09 1.22 1.35 1.49 1.62 1.76 1.90 2.04 2.18 2.31 2.44 2.57 2.68 2.79 2.89 2.98 3.06 3.12 3.18 3.22 3.25 3.26 3.26 3.25 3.22 3.18 3.13 3.06 2.99 2.90 2.81 2.71 2.59 2.48 2.36 2.23 2.10 1.97 1.84 1.71 1.58 1.46 1.33 1.21 1.10 0.98 0.88 0.78 0.69 0.60 0.52 0.45 0.38 0.32 0.27 0.22 0.18 0.14 0.12 0.09 0.08 0.06 0.05 0.05 0.05 0.05 0.06 0.07 0.08 0.09 0.11 0.12 0.14 0.15 0.17 0.19 0.21 0.22
0.44 0.52 0.61 0.71 0.82 0.94 1.06 1.18 1.31 1.44 1.58 1.72 1.85 1.99 2.13 2.26 2.39 2.51 2.63 2.74 2.84 2.93 3.01 3.08 3.14 3.18 3.21 3.23 3.23 3.22 3.20 3.16 3.12 3.06 2.98 2.90 2.81 2.71 2.60 2.49 2.37 2.25 2.12 1.99 1.86 1.73 1.60 1.48 1.35 1.23 1.12 1.00 0.90 0.80 0.70 0.61 0.53 0.46 0.39 0.33 0.27 0.22 0.18 0.15 0.12 0.09 0.07 0.06 0.05 0.05 0.05 0.05 0.05 0.06 0.07 0.09 0.10 0.12 0.13 0.15 0.17 0.18 0.20 0.22
0.41 0.50 0.59 0.68 0.79 0.90 1.02 1.14 1.27 1.40 1.53 1.67 1.80 1.94 2.07 2.21 2.34 2.46 2.58 2.69 2.79 2.88 2.96 3.04 3.09 3.14 3.18 3.20 3.20 3.20 3.18 3.15 3.10 3.05 2.98 2.90 2.81 2.72 2.61 2.50 2.38 2.26 2.14 2.01 1.88 1.75 1.63 1.50 1.38 1.25 1.14 1.02 0.92 0.81 0.72 0.63 0.54 0.47 0.40 0.33 0.28 0.23 0.18 0.15 0.12 0.09 0.07 0.06 0.05 0.04 0.04 0.04 0.05 0.06 0.07 0.08 0.09 0.11 0.13 0.14 0.16 0.18 0.20 0.21
0.39 0.47 0.56 0.65 0.75 0.86 0.98 1.09 1.22 1.35 1.48 1.61 1.75 1.88 2.02 2.15 2.28 2.40 2.52 2.63 2.73 2.83 2.91 2.99 3.05 3.10 3.14 3.16 3.17 3.17 3.16 3.13 3.09 3.04 2.97 2.90 2.82 2.72 2.62 2.52 2.40 2.28 2.16 2.03 1.91 1.78 1.65 1.53 1.40 1.28 1.16 1.05 0.94 0.83 0.74 0.65 0.56 0.48 0.41 0.34 0.29 0.23 0.19 0.15 0.12 0.09 0.07 0.05 0.04 0.04 0.04 0.04 0.04 0.05 0.06 0.07 0.09 0.10 0.12 0.14 0.15 0.17 0.19 0.21
0.37 0.45 0.53 0.62 0.72 0.82 0.93 1.05 1.17 1.29 1.42 1.55 1.69 1.82 1.95 2.09 2.21 2.34 2.46 2.57 2.67 2.77 2.86 2.93 3.00 3.05 3.10 3.13 3.14 3.14 3.13 3.11 3.08 3.03 2.97 2.90 2.82 2.73 2.64 2.53 2.42 2.31 2.18 2.06 1.93 1.81 1.68 1.55 1.43 1.31 1.19 1.07 0.96 0.86 0.76 0.66 0.58 0.50 0.42 0.35 0.29 0.24 0.19 0.15 0.12 0.09 0.07 0.05 0.04 0.03 0.03 0.03 0.03 0.04 0.05 0.06 0.08 0.09 0.11 0.13 0.15 0.17 0.18 0.20
0.34 0.42 0.50 0.58 0.68 0.78 0.89 1.00 1.12 1.24 1.37 1.50 1.63 1.76 1.89 2.02 2.15 2.27 2.39 2.51 2.61 2.71 2.80 2.88 2.95 3.01 3.06 3.09 3.11 3.12 3.11 3.10 3.07 3.02 2.97 2.91 2.83 2.75 2.65 2.55 2.44 2.33 2.21 2.09 1.97 1.84 1.71 1.59 1.46 1.34 1.22 1.10 0.99 0.88 0.78 0.68 0.60 0.51 0.44 0.37 0.30 0.25 0.20 0.16 0.12 0.09 0.07 0.05 0.04 0.03 0.02 0.02 0.03 0.03 0.04 0.06 0.07 0.09 0.10 0.12 0.14 0.16 0.18 0.20
0.32 0.39 0.46 0.55 0.64 0.74 0.84 0.95 1.07 1.19 1.31 1.44 1.57 1.70 1.83 1.96 2.08 2.21 2.33 2.44 2.55 2.65 2.75 2.83 2.90 2.97 3.02 3.06 3.08 3.10 3.10 3.08 3.06 3.02 2.97 2.92 2.84 2.76 2.68 2.58 2.47 2.36 2.25 2.13 2.00 1.88 1.75 1.62 1.50 1.37 1.25 1.13 1.02 0.91 0.81 0.71 0.62 0.53 0.45 0.38 0.31 0.26 0.20 0.16 0.12 0.09 0.07 0.05 0.03 0.02 0.02 0.02 0.02 0.03 0.04 0.05 0.06 0.08 0.09 0.11 0.13 0.15 0.17 0.19
0.29 0.36 0.43 0.51 0.60 0.69 0.79 0.90 1.01 1.13 1.25 1.38 1.50 1.63 1.76 1.89 2.02 2.14 2.27 2.38 2.49 2.60 2.69 2.78 2.86 2.93 2.98 3.02 3.06 3.08 3.08 3.08 3.06 3.03 2.98 2.93 2.86 2.79 2.70 2.61 2.51 2.40 2.28 2.17 2.04 1.92 1.79 1.66 1.54 1.41 1.29 1.17 1.05 0.94 0.84 0.73 0.64 0.55 0.47 0.39 0.33 0.27 0.21 0.17 0.13 0.09 0.06 0.04 0.03 0.02 0.01 0.01 0.01 0.02 0.03 0.04 0.05 0.07 0.09 0.10 0.12 0.14 0.16 0.18
0.27 0.33 0.40 0.48 0.56 0.65 0.75 0.85 0.96 1.07 1.19 1.32 1.44 1.57 1.70 1.83 1.96 2.08 2.20 2.32 2.44 2.54 2.64 2.73 2.82 2.89 2.95 3.00 3.04 3.06 3.07 3.07 3.06 3.03 3.00 2.95 2.89 2.82 2.74 2.64 2.55 2.44 2.33 2.21 2.09 1.97 1.84 1.71 1.58 1.46 1.33 1.21 1.09 0.98 0.87 0.76 0.67 0.57 0.49 0.41 0.34 0.28 0.22 0.17 0.13 0.09 0.06 0.04 0.02 0.01 0.00 0.00 0.00 0.01 0.02 0.03 0.04 0.06 0.08 0.10 0.11 0.13 0.15 0.17
0.24 0.30 0.37 0.44 0.52 0.61 0.70 0.80 0.91 1.02 1.14 1.26 1.38 1.51 1.64 1.76 1.89 2.02 2.15 2.27 2.38 2.49 2.60 2.69 2.78 2.86 2.92 2.98 3.02 3.05 3.07 3.08 3.07 3.05 3.02 2.97 2.92 2.85 2.78 2.69 2.59 2.49 2.38 2.26 2.14 2.02 1.89 1.76 1.63 1.51 1.38 1.25 1.13 1.02 0.90 0.80 0.69 0.60 0.51 0.43 0.36 0.29 0.23 0.18 0.13 0.09 0.06 0.04 0.02 0.01 -0.00 -0.01 -0.00 0.00 0.01 0.02 0.03 0.05 0.07 0.09 0.11 0.13 0.15 0.17
