speedsAfterKrig/output_residuos_65_2010.asc
NCOLS          173       
NROWS          329       
XLLCENTER      510425.00 
YLLCENTER      8547775.00
DX             50.00     
DY             50.00     
NODATA_VALUE   -999.00   
[rows 76 to 113 of 329, columns 0 to 83 of 173]
0.18 0.18 0.17 0.17 0.16 0.16 0.16 0.15 0.15 0.15 0.15 0.16 0.16 0.16 0.17 0.17 0.18 0.18 0.19 0.20 0.21 0.22 0.23 0.23 0.24 0.25 0.26 0.27 0.28 0.29 0.30 0.31 0.31 0.32 0.33 0.34 0.34 0.35 0.35 0.35 0.35 0.36 0.36 0.36 0.36 0.35 0.35 0.35 0.34 0.34 0.33 0.33 0.32 0.31 0.30 0.29 0.29 0.28 0.27 0.25 0.24 0.23 0.22 0.21 0.20 0.19 0.18 0.17 0.16 0.16 0.15 0.14 0.13 0.13 0.12 0.12 0.12 0.12 0.12 0.12 0.12 0.12 0.13 0.13
0.19 0.19 0.18 0.18 0.17 0.17 0.17 0.16 0.16 0.16 0.16 0.16 0.17 0.17 0.17 0.18 0.18 0.19 0.20 0.20 0.21 0.22 0.23 0.24 0.25 0.26 0.26 0.27 0.28 0.29 0.30 0.31 0.32 0.32 0.33 0.34 0.34 0.35 0.35 0.35 0.36 0.36 0.36 0.36 0.36 0.36 0.36 0.35 0.35 0.34 0.34 0.33 0.32 0.32 0.31 0.30 0.29 0.28 0.27 0.26 0.25 0.24 0.23 0.22 0.21 0.19 0.18 0.17 0.16 0.16 0.15 0.14 0.13 0.13 0.12 0.12 0.12 0.11 0.11 0.11 0.11 0.12 0.12 0.12
0.20 0.20 0.19 0.19 0.18 0.18 0.18 0.17 0.17 0.17 0.17 0.17 0.17 0.18 0.18 0.18 0.19 0.20 0.20 0.21 0.22 0.22 0.23 0.24 0.25 0.26 0.27 0.27 0.28 0.29 0.30 0.31 0.32 0.32 0.33 0.34 0.34 0.35 0.35 0.36 0.36 0.36 0.36 0.36 0.36 0.36 0.36 0.35 0.35 0.35 0.34 0.33 0.33 0.32 0.31 0.30 0.29 0.28 0.27 0.26 0.25 0.24 0.23 0.22 0.21 0.20 0.19 0.18 0.17 0.16 0.15 0.14 0.13 0.13 0.12 0.12 0.11 0.11 0.11 0.11 0.11 0.11 0.11 0.12
0.21 0.21 0.20 0.20 0.19 0.19 0.18 0.18 0.18 0.18 0.18 0.18 0.18 0.18 0.19 0.19 0.19 0.20 0.20 0.21 0.22 0.22 0.23 0.24 0.25 0.26 0.27 0.27 0.28 0.29 0.30 0.31 0.32 0.32 0.33 0.34 0.34 0.35 0.35 0.36 0.36 0.36 0.36 0.36 0.36 0.36 0.36 0.36 0.35 0.35 0.34 0.34 0.33 0.32 0.32 0.31 0.30 0.29 0.28 0.27 0.26 0.24 0.23 0.22 0.21 0.20 0.19 0.18 0.17 0.16 0.15 0.14 0.13 0.13 0.12 0.11 0.11 0.11 0.11 0.11 0.11 0.11 0.11 0.11
0.22 0.22 0.21 0.21 0.20 0.20 0.19 0.19 0.19 0.19 0.19 0.19 0.19 0.19 0.19 0.19 0.20 0.20 0.21 0.21 0.22 0.23 0.23 0.24 0.25 0.26 0.27 0.27 0.28 0.29 0.30 0.31 0.31 0.32 0.33 0.34 0.34 0.35 0.35 0.36 0.36 0.36 0.36 0.36 0.36 0.36 0.36 0.36 0.36 0.35 0.35 0.34 0.33 0.33 0.32 0.31 0.30 0.29 0.28 0.27 0.26 0.25 0.24 0.23 0.21 0.20 0.19 0.18 0.17 0.16 0.15 0.14 0.13 0.13 0.12 0.11 0.11 0.11 0.10 0.10 0.10 0.10 0.11 0.11
0.23 0.23 0.22 0.21 0.21 0.21 0.20 0.20 0.20 0.19 0.19 0.19 0.19 0.19 0.20 0.20 0.20 0.21 0.21 0.21 0.22 0.23 0.23 0.24 0.25 0.26 0.26 0.27 0.28 0.29 0.30 0.30 0.31 0.32 0.33 0.33 0.34 0.35 0.35 0.35 0.36 0.36 0.36 0.36 0.36 0.36 0.36 0.36 0.36 0.35 0.35 0.34 0.34 0.33 0.32 0.31 0.30 0.30 0.29 0.27 0.26 0.25 0.24 0.23 0.22 0.21 0.19 0.18 0.17 0.16 0.15 0.14 0.13 0.13 0.12 0.11 0.11 0.11 0.10 0.10 0.10 0.10 0.10 0.11
0.24 0.23 0.23 0.22 0.22 0.21 0.21 0.21 0.20 0.20 0.20 0.20 0.20 0.20 0.20 0.20 0.20 0.21 0.21 0.22 0.22 0.23 0.23 0.24 0.25 0.25 0.26 0.27 0.28 0.29 0.29 0.30 0.31 0.32 0.32 0.33 0.34 0.34 0.35 0.35 0.36 0.36 0.36 0.36 0.36 0.36 0.36 0.36 0.36 0.35 0.35 0.35 0.34 0.33 0.33 0.32 0.31 0.30 0.29 0.28 0.27 0.26 0.24 0.23 0.22 0.21 0.20 0.19 0.18 0.17 0.15 0.15 0.14 0.13 0.12 0.12 0.11 0.11 0.10 0.10 0.10 0.10 0.10 0.11
0.25 0.24 0.24 0.23 0.23 0.22 0.22 0.21 0.21 0.21 0.20 0.20 0.20 0.20 0.20 0.20 0.21 0.21 0.21 0.22 0.22 0.23 0.23 0.24 0.24 0.25 0.26 0.27 0.27 0.28 0.29 0.30 0.30 0.31 0.32 0.33 0.33 0.34 0.34 0.35 0.35 0.36 0.36 0.36 0.36 0.36 0.36 0.36 0.36 0.36 0.35 0.35 0.34 0.33 0.33 0.32 0.31 0.30 0.29 0.28 0.27 0.26 0.25 0.24 0.23 0.21 0.20 0.19 0.18 0.17 0.16 0.15 0.14 0.13 0.12 0.12 0.11 0.11 0.11 0.10 0.10 0.10 0.10 0.11
0.26 0.25 0.25 0.24 0.23 0.23 0.22 0.22 0.22 0.21 0.21 0.21 0.21 0.21 0.21 0.21 0.21 0.21 0.21 0.21 0.22 0.22 0.23 0.23 0.24 0.25 0.25 0.26 0.27 0.28 0.28 0.29 0.30 0.31 0.31 0.32 0.33 0.33 0.34 0.35 0.35 0.35 0.36 0.36 0.36 0.36 0.36 0.36 0.36 0.36 0.35 0.35 0.34 0.34 0.33 0.32 0.31 0.31 0.30 0.29 0.28 0.26 0.25 0.24 0.23 0.22 0.21 0.20 0.18 0.17 0.16 0.15 0.14 0.14 0.13 0.12 0.12 0.11 0.11 0.11 0.11 0.11 0.11 0.11
0.27 0.26 0.25 0.25 0.24 0.23 0.23 0.22 0.22 0.22 0.21 0.21 0.21 0.21 0.21 0.21 0.21 0.21 0.21 0.21 0.22 0.22 0.22 0.23 0.24 0.24 0.25 0.26 0.26 0.27 0.28 0.29 0.29 0.30 0.31 0.32 0.32 0.33 0.34 0.34 0.35 0.35 0.35 0.36 0.36 0.36 0.36 0.36 0.36 0.36 0.35 0.35 0.34 0.34 0.33 0.33 0.32 0.31 0.30 0.29 0.28 0.27 0.26 0.25 0.24 0.22 0.21 0.20 0.19 0.18 0.17 0.16 0.15 0.14 0.13 0.13 0.12 0.12 0.11 0.11 0.11 0.11 0.11 0.11
0.27 0.27 0.26 0.25 0.25 0.24 0.23 0.23 0.22 0.22 0.22 0.21 0.21 0.21 0.21 0.21 0.21 0.21 0.21 0.21 0.21 0.22 0.22 0.23 0.23 0.24 0.24 0.25 0.26 0.26 0.27 0.28 0.29 0.29 0.30 0.31 0.32 0.32 0.33 0.34 0.34 0.35 0.35 0.35 0.36 0.36 0.36 0.36 0.36 0.36 0.35 0.35 0.35 0.34 0.33 0.33 0.32 0.31 0.30 0.29 0.28 0.27 0.26 0.25 0.24 0.23 0.22 0.21 0.20 0.19 0.18 0.17 0.16 0.15 0.14 0.14 0.13 0.12 0.12 0.12 0.12 0.12 0.12 0.12
0.28 0.27 0.27 0.26 0.25 0.25 0.24 0.23 0.23 0.22 0.22 0.22 0.21 0.21 0.21 0.21 0.20 0.20 0.21 0.21 0.21 0.21 0.22 0.22 0.22 0.23 0.24 0.24 0.25 0.26 0.26 0.27 0.28 0.29 0.30 0.30 0.31 0.32 0.32 0.33 0.34 0.34 0.35 0.35 0.35 0.35 0.36 0.36 0.36 0.35 0.35 0.35 0.35 0.34 0.34 0.33 0.32 0.32 0.31 0.30 0.29 0.28 0.27 0.26 0.25 0.24 0.23 0.22 0.21 0.20 0.19 0.18 0.17 0.16 0.15 0.14 0.14 0.13 0.13 0.13 0.13 0.13 0.13 0.13
0.29 0.28 0.27 0.26 0.26 0.25 0.24 0.24 0.23 0.23 0.22 0.22 0.21 0.21 0.21 0.20 0.20 0.20 0.20 0.20 0.20 0.21 0.21 0.21 0.22 0.22 0.23 0.23 0.24 0.25 0.26 0.26 0.27 0.28 0.29 0.30 0.30 0.31 0.32 0.32 0.33 0.34 0.34 0.34 0.35 0.35 0.35 0.35 0.35 0.35 0.35 0.35 0.35 0.34 0.34 0.33 0.33 0.32 0.31 0.30 0.30 0.29 0.28 0.27 0.26 0.25 0.24 0.23 0.22 0.21 0.20 0.19 0.18 0.17 0.16 0.16 0.15 0.15 0.14 0.14 0.14 0.14 0.14 0.14
0.29 0.28 0.28 0.27 0.26 0.25 0.25 0.24 0.23 0.23 0.22 0.22 0.21 0.21 0.21 0.20 0.20 0.20 0.20 0.20 0.20 0.20 0.20 0.21 0.21 0.21 0.22 0.23 0.23 0.24 0.25 0.25 0.26 0.27 0.28 0.29 0.29 0.30 0.31 0.32 0.32 0.33 0.33 0.34 0.34 0.35 0.35 0.35 0.35 0.35 0.35 0.35 0.35 0.34 0.34 0.34 0.33 0.32 0.32 0.31 0.30 0.29 0.28 0.27 0.27 0.26 0.25 0.24 0.23 0.22 0.21 0.20 0.19 0.18 0.18 0.17 0.16 0.16 0.16 0.15 0.15 0.15 0.15 0.15
0.30 0.29 0.28 0.27 0.27 0.26 0.25 0.24 0.24 0.23 0.22 0.22 0.21 0.21 0.20 0.20 0.20 0.19 0.19 0.19 0.19 0.19 0.20 0.20 0.20 0.21 0.21 0.22 0.22 0.23 0.24 0.25 0.25 0.26 0.27 0.28 0.29 0.29 0.30 0.31 0.32 0.32 0.33 0.33 0.34 0.34 0.34 0.35 0.35 0.35 0.35 0.35 0.35 0.34 0.34 0.34 0.33 0.33 0.32 0.31 0.31 0.30 0.29 0.28 0.27 0.27 0.26 0.25 0.24 0.23 0.22 0.21 0.21 0.20 0.19 0.19 0.18 0.18 0.17 0.17 0.17 0.17 0.17 0.17
0.30 0.29 0.28 0.28 0.27 0.26 0.25 0.25 0.24 0.23 0.22 0.22 0.21 0.21 0.20 0.20 0.19 0.19 0.19 0.19 0.19 0.19 0.19 0.19 0.19 0.20 0.20 0.21 0.21 0.22 0.23 0.24 0.24 0.25 0.26 0.27 0.28 0.28 0.29 0.30 0.31 0.31 0.32 0.33 0.33 0.34 0.34 0.34 0.35 0.35 0.35 0.35 0.35 0.35 0.34 0.34 0.34 0.33 0.33 0.32 0.31 0.31 0.30 0.29 0.29 0.28 0.27 0.26 0.25 0.24 0.24 0.23 0.22 0.22 0.21 0.20 0.20 0.19 0.19 0.19 0.19 0.19 0.19 0.19
0.30 0.30 0.29 0.28 0.27 0.26 0.25 0.25 0.24 0.23 0.22 0.22 0.21 0.20 0.20 0.19 0.19 0.19 0.18 0.18 0.18 0.18 0.18 0.18 0.19 0.19 0.19 0.20 0.20 0.21 0.22 0.22 0.23 0.24 0.25 0.26 0.27 0.28 0.28 0.29 0.30 0.31 0.31 0.32 0.33 0.33 0.34 0.34 0.34 0.35 0.35 0.35 0.35 0.35 0.35 0.34 0.34 0.34 0.33 0.33 0.32 0.32 0.31 0.30 0.30 0.29 0.28 0.28 0.27 0.26 0.25 0.25 0.24 0.23 0.23 0.22 0.22 0.22 0.21 0.21 0.21 0.21 0.21 0.21
0.31 0.30 0.29 0.28 0.27 0.26 0.26 0.25 0.24 0.23 0.22 0.22 0.21 0.20 0.19 0.19 0.18 0.18 0.18 0.17 0.17 0.17 0.17 0.17 0.18 0.18 0.18 0.19 0.19 0.20 0.21 0.21 0.22 0.23 0.24 0.25 0.26 0.27 0.27 0.28 0.29 0.30 0.31 0.31 0.32 0.33 0.33 0.34 0.34 0.34 0.34 0.35 0.35 0.35 0.35 0.35 0.34 0.34 0.34 0.33 0.33 0.33 0.32 0.32 0.31 0.30 0.30 0.29 0.28 0.28 0.27 0.27 0.26 0.26 0.25 0.25 0.24 0.24 0.24 0.23 0.23 0.23 0.23 0.23
0.31 0.30 0.29 0.28 0.28 0.27 0.26 0.25 0.24 0.23 0.22 0.21 0.21 0.20 0.19 0.19 0.18 0.18 0.17 0.17 0.17 0.16 0.16 0.17 0.17 0.17 0.17 0.18 0.18 0.19 0.20 0.20 0.21 0.22 0.23 0.24 0.25 0.26 0.26 0.27 0.28 0.29 0.30 0.31 0.31 0.32 0.33 0.33 0.34 0.34 0.34 0.35 0.35 0.35 0.35 0.35 0.35 0.35 0.34 0.34 0.34 0.34 0.33 0.33 0.32 0.32 0.31 0.31 0.30 0.30 0.29 0.29 0.28 0.28 0.27 0.27 0.27 0.26 0.26 0.26 0.26 0.26 0.26 0.26
0.31 0.30 0.30 0.29 0.28 0.27 0.26 0.25 0.24 0.23 0.22 0.21 0.20 0.20 0.19 0.18 0.18 0.17 0.17 0.16 0.16 0.16 0.16 0.16 0.16 0.16 0.16 0.17 0.17 0.18 0.19 0.19 0.20 0.21 0.22 0.23 0.24 0.25 0.25 0.26 0.27 0.28 0.29 0.30 0.31 0.31 0.32 0.33 0.33 0.34 0.34 0.34 0.35 0.35 0.35 0.35 0.35 0.35 0.35 0.35 0.35 0.35 0.34 0.34 0.34 0.33 0.33 0.33 0.32 0.32 0.32 0.31 0.31 0.30 0.30 0.30 0.30 0.29 0.29 0.29 0.29 0.29 0.29 0.29
0.32 0.31 0.30 0.29 0.28 0.27 0.26 0.25 0.24 0.23 0.22 0.21 0.20 0.19 0.18 0.18 0.17 0.16 0.16 0.16 0.15 0.15 0.15 0.15 0.15 0.15 0.15 0.16 0.16 0.17 0.18 0.18 0.19 0.20 0.21 0.22 0.23 0.24 0.24 0.25 0.26 0.27 0.28 0.29 0.30 0.31 0.31 0.32 0.33 0.33 0.34 0.34 0.35 0.35 0.35 0.35 0.36 0.36 0.36 0.36 0.36 0.36 0.36 0.35 0.35 0.35 0.35 0.35 0.34 0.34 0.34 0.34 0.33 0.33 0.33 0.33 0.32 0.32 0.32 0.32 0.32 0.32 0.32 0.32
0.32 0.31 0.30 0.29 0.28 0.27 0.26 0.25 0.24 0.23 0.22 0.21 0.20 0.19 0.18 0.17 0.17 0.16 0.15 0.15 0.15 0.14 0.14 0.14 0.14 0.14 0.15 0.15 0.15 0.16 0.16 0.17 0.18 0.19 0.20 0.21 0.22 0.23 0.24 0.24 0.25 0.26 0.27 0.28 0.29 0.30 0.31 0.32 0.32 0.33 0.34 0.34 0.35 0.35 0.35 0.36 0.36 0.36 0.37 0.37 0.37 0.37 0.37 0.37 0.37 0.37 0.37 0.37 0.37 0.37 0.36 0.36 0.36 0.36 0.36 0.36 0.36 0.36 0.35 0.35 0.35 0.35 0.35 0.35
0.32 0.31 0.30 0.29 0.28 0.27 0.26 0.25 0.24 0.23 0.22 0.21 0.20 0.19 0.18 0.17 0.16 0.16 0.15 0.14 0.14 0.14 0.13 0.13 0.13 0.13 0.14 0.14 0.14 0.15 0.16 0.16 0.17 0.18 0.19 0.20 0.21 0.22 0.23 0.24 0.25 0.26 0.27 0.28 0.28 0.29 0.30 0.31 0.32 0.33 0.33 0.34 0.35 0.35 0.36 0.36 0.37 0.37 0.37 0.38 0.38 0.38 0.38 0.38 0.39 0.39 0.39 0.39 0.39 0.39 0.39 0.39 0.39 0.39 0.39 0.39 0.39 0.39 0.39 0.39 0.39 0.39 0.39 0.39
0.32 0.31 0.30 0.29 0.28 0.27 0.26 0.25 0.24 0.23 0.22 0.21 0.20 0.19 0.18 0.17 0.16 0.15 0.14 0.14 0.13 0.13 0.13 0.13 0.13 0.13 0.13 0.13 0.13 0.14 0.15 0.15 0.16 0.17 0.18 0.19 0.20 0.21 0.22 0.23 0.24 0.25 0.26 0.27 0.28 0.29 0.30 0.31 0.31 0.32 0.33 0.34 0.35 0.35 0.36 0.36 0.37 0.38 0.38 0.38 0.39 0.39 0.40 0.40 0.40 0.41 0.41 0.41 0.41 0.42 0.42 0.42 0.42 0.42 0.42 0.42 0.42 0.43 0.43 0.43 0.43 0.43 0.42 0.42
0.32 0.31 0.30 0.29 0.28 0.27 0.26 0.25 0.24 0.23 0.22 0.21 0.19 0.18 0.17 0.16 0.16 0.15 0.14 0.13 0.13 0.13 0.12 0.12 0.12 0.12 0.12 0.12 0.13 0.13 0.14 0.14 0.15 0.16 0.17 0.18 0.19 0.20 0.21 0.22 0.23 0.24 0.25 0.26 0.27 0.28 0.29 0.30 0.31 0.32 0.33 0.34 0.34 0.35 0.36 0.37 0.37 0.38 0.39 0.39 0.40 0.41 0.41 0.42 0.42 0.43 0.43 0.44 0.44 0.44 0.45 0.45 0.45 0.45 0.46 0.46 0.46 0.46 0.46 0.46 0.46 0.46 0.46 0.46
0.32 0.32 0.31 0.30 0.28 0.27 0.26 0.25 0.24 0.23 0.22 0.20 0.19 0.18 0.17 0.16 0.15 0.14 0.14 0.13 0.13 0.12 0.12 0.11 0.11 0.11 0.11 0.12 0.12 0.12 0.13 0.13 0.14 0.15 0.16 0.17 0.18 0.19 0.20 0.21 0.22 0.23 0.24 0.25 0.26 0.27 0.28 0.29 0.30 0.31 0.32 0.33 0.34 0.35 0.36 0.37 0.38 0.39 0.40 0.40 0.41 0.42 0.43 0.43 0.44 0.45 0.45 0.46 0.46 0.47 0.48 0.48 0.48 0.49 0.49 0.50 0.50 0.50 0.50 0.50 0.50 0.50 0.50 0.50
0.33 0.32 0.31 0.30 0.29 0.27 0.26 0.25 0.24 0.23 0.22 0.20 0.19 0.18 0.17 0.16 0.15 0.14 0.13 0.13 0.12 0.12 0.11 0.11 0.11 0.11 0.11 0.11 0.11 0.12 0.12 0.13 0.13 0.14 0.15 0.16 0.17 0.18 0.19 0.20 0.21 0.22 0.23 0.24 0.26 0.27 0.28 0.29 0.30 0.31 0.32 0.33 0.34 0.35 0.36 0.37 0.38 0.39 0.40 0.41 0.42 0.43 0.44 0.45 0.46 0.47 0.47 0.48 0.49 0.50 0.50 0.51 0.52 0.52 0.53 0.53 0.54 0.54 0.54 0.54 0.54 0.54 0.54 0.54
0.33 0.32 0.31 0.30 0.29 0.28 0.26 0.25 0.24 0.23 0.22 0.20 0.19 0.18 0.17 0.16 0.15 0.14 0.13 0.13 0.12 0.11 0.11 0.11 0.10 0.10 0.10 0.10 0.11 0.11 0.11 0.12 0.13 0.13 0.14 0.15 0.16 0.17 0.18 0.19 0.20 0.21 0.22 0.24 0.25 0.26 0.27 0.28 0.30 0.31 0.32 0.33 0.34 0.35 0.36 0.38 0.39 0.40 0.41 0.42 0.43 0.44 0.46 0.47 0.48 0.49 0.50 0.51 0.52 0.53 0.53 0.54 0.55 0.56 0.56 0.57 0.57 0.58 0.58 0.58 0.58 0.59 0.58 0.58
0.33 0.32 0.31 0.30 0.29 0.28 0.27 0.25 0.24 0.23 0.22 0.21 0.19 0.18 0.17 0.16 0.15 0.14 0.13 0.12 0.12 0.11 0.11 0.10 0.10 0.10 0.10 0.10 0.10 0.11 0.11 0.11 0.12 0.13 0.14 0.14 0.15 0.16 0.17 0.18 0.19 0.21 0.22 0.23 0.24 0.25 0.27 0.28 0.29 0.30 0.32 0.33 0.34 0.35 0.37 0.38 0.39 0.40 0.42 0.43 0.44 0.46 0.47 0.48 0.49 0.51 0.52 0.53 0.54 0.55 0.56 0.57 0.58 0.59 0.60 0.61 0.61 0.62 0.62 0.62 0.63 0.63 0.63 0.62
0.33 0.32 0.31 0.30 0.29 0.28 0.27 0.26 0.24 0.23 0.22 0.21 0.20 0.18 0.17 0.16 0.15 0.14 0.13 0.12 0.12 0.11 0.11 0.10 0.10 0.10 0.10 0.10 0.10 0.10 0.10 0.11 0.11 0.12 0.13 0.14 0.15 0.16 0.17 0.18 0.19 0.20 0.21 0.22 0.23 0.25 0.26 0.27 0.29 0.30 0.31 0.33 0.34 0.35 0.37 0.38 0.40 0.41 0.42 0.44 0.45 0.47 0.48 0.50 0.51 0.53 0.54 0.55 0.57 0.58 0.59 0.60 0.62 0.63 0.63 0.64 0.65 0.66 0.66 0.66 0.67 0.67 0.67 0.66
0.33 0.32 0.31 0.30 0.29 0.28 0.27 0.26 0.25 0.23 0.22 0.21 0.20 0.19 0.17 0.16 0.15 0.14 0.13 0.12 0.12 0.11 0.11 0.10 0.10 0.10 0.09 0.09 0.10 0.10 0.10 0.10 0.11 0.12 0.12 0.13 0.14 0.15 0.16 0.17 0.18 0.19 0.20 0.21 0.23 0.24 0.25 0.27 0.28 0.29 0.31 0.32 0.34 0.35 0.37 0.38 0.40 0.42 0.43 0.45 0.46 0.48 0.50 0.51 0.53 0.55 0.56 0.58 0.59 0.61 0.62 0.63 0.65 0.66 0.67 0.68 0.69 0.69 0.70 0.70 0.71 0.71 0.71 0.70
0.34 0.33 0.32 0.31 0.30 0.28 0.27 0.26 0.25 0.24 0.22 0.21 0.20 0.19 0.18 0.17 0.15 0.14 0.14 0.13 0.12 0.11 0.11 0.10 0.10 0.09 0.09 0.09 0.09 0.10 0.10 0.10 0.11 0.11 0.12 0.13 0.13 0.14 0.15 0.16 0.17 0.18 0.20 0.21 0.22 0.23 0.25 0.26 0.28 0.29 0.30 0.32 0.34 0.35 0.37 0.38 0.40 0.42 0.44 0.46 0.47 0.49 0.51 0.53 0.55 0.56 0.58 0.60 0.62 0.63 0.65 0.66 0.68 0.69 0.70 0.71 0.72 0.73 0.74 0.74 0.74 0.75 0.75 0.74
0.34 0.33 0.32 0.31 0.30 0.29 0.28 0.26 0.25 0.24 0.23 0.22 0.20 0.19 0.18 0.17 0.16 0.15 0.14 0.13 0.12 0.11 0.11 0.10 0.10 0.10 0.09 0.09 0.09 0.09 0.10 0.10 0.10 0.11 0.11 0.12 0.13 0.14 0.15 0.16 0.17 0.18 0.19 0.20 0.21 0.23 0.24 0.26 0.27 0.29 0.30 0.32 0.33 0.35 0.37 0.39 0.40 0.42 0.44 0.46 0.48 0.50 0.52 0.54 0.56 0.58 0.60 0.62 0.64 0.66 0.68 0.69 0.71 0.72 0.73 0.75 0.76 0.77 0.77 0.78 0.78 0.78 0.78 0.78
0.34 0.33 0.32 0.31 0.30 0.29 0.28 0.27 0.26 0.24 0.23 0.22 0.21 0.20 0.18 0.17 0.16 0.15 0.14 0.13 0.12 0.12 0.11 0.11 0.10 0.10 0.09 0.09 0.09 0.09 0.10 0.10 0.10 0.11 0.11 0.12 0.12 0.13 0.14 0.15 0.16 0.17 0.18 0.20 0.21 0.22 0.24 0.25 0.26 0.28 0.30 0.31 0.33 0.35 0.37 0.39 0.41 0.43 0.45 0.47 0.49 0.51 0.53 0.55 0.58 0.60 0.62 0.64 0.66 0.68 0.70 0.72 0.74 0.75 0.77 0.78 0.79 0.80 0.81 0.81 0.82 0.82 0.82 0.82
0.34 0.34 0.33 0.32 0.31 0.30 0.28 0.27 0.26 0.25 0.24 0.22 0.21 0.20 0.19 0.18 0.17 0.16 0.15 0.14 0.13 0.12 0.11 0.11 0.10 0.10 0.10 0.09 0.09 0.09 0.09 0.10 0.10 0.10 0.11 0.11 0.12 0.13 0.14 0.15 0.16 0.17 0.18 0.19 0.20 0.22 0.23 0.24 0.26 0.28 0.29 0.31 0.33 0.35 0.37 0.39 0.41 0.43 0.45 0.47 0.50 0.52 0.54 0.57 0.59 0.61 0.64 0.66 0.68 0.70 0.72 0.74 0.76 0.78 0.79 0.81 0.82 0.83 0.84 0.85 0.85 0.85 0.85 0.85
0.35 0.34 0.33 0.32 0.31 0.30 0.29 0.28 0.27 0.25 0.24 0.23 0.22 0.21 0.19 0.18 0.17 0.16 0.15 0.14 0.13 0.13 0.12 0.11 0.11 0.10 0.10 0.10 0.10 0.10 0.10 0.10 0.10 0.10 0.11 0.11 0.12 0.13 0.13 0.14 0.15 0.16 0.17 0.18 0.20 0.21 0.22 0.24 0.25 0.27 0.29 0.31 0.33 0.34 0.37 0.39 0.41 0.43 0.45 0.48 0.50 0.53 0.55 0.58 0.60 0.63 0.65 0.68 0.70 0.72 0.74 0.77 0.79 0.80 0.82 0.84 0.85 0.86 0.87 0.88 0.88 0.88 0.88 0.88
0.35 0.34 0.33 0.32 0.31 0.30 0.29 0.28 0.27 0.26 0.25 0.24 0.22 0.21 0.20 0.19 0.18 0.17 0.16 0.15 0.14 0.13 0.12 0.12 0.11 0.11 0.10 0.10 0.10 0.10 0.10 0.10 0.10 0.10 0.11 0.11 0.12 0.12 0.13 0.14 0.15 0.16 0.17 0.18 0.19 0.20 0.22 0.23 0.25 0.27 0.28 0.30 0.32 0.34 0.36 0.39 0.41 0.43 0.46 0.48 0.51 0.53 0.56 0.59 0.61 0.64 0.66 0.69 0.72 0.74 0.76 0.79 0.81 0.83 0.84 0.86 0.87 0.89 0.90 0.90 0.91 0.91 0.91 0.91
0.35 0.35 0.34 0.33 0.32 0.31 0.30 0.29 0.28 0.26 0.25 0.24 0.23 0.22 0.21 0.20 0.19 0.18 0.17 0.16 0.15 0.14 0.13 0.12 0.12 0.11 0.11 0.10 0.10 0.10 0.10 0.10 0.10 0.10 0.11 0.11 0.11 0.12 0.13 0.13 0.14 0.15 0.16 0.17 0.19 0.20 0.21 0.23 0.24 0.26 0.28 0.30 0.32 0.34 0.36 0.38 0.41 0.43 0.46 0.48 0.51 0.54 0.57 0.59 0.62 0.65 0.68 0.70 0.73 0.76 0.78 0.80 0.83 0.85 0.87 0.88 0.90 0.91 0.92 0.93 0.93 0.94 0.94 0.93
