speedsAfterKrig/output_residuos_49_2009.asc
NCOLS          173       
NROWS          329       
XLLCENTER      510425.00 
YLLCENTER      8547775.00
DX             50.00     
DY             50.00     
NODATA_VALUE   -999.00   
[rows 266 to 303 of 329, columns 84 to 167 of 173]
0.02 0.05 0.08 0.11 0.16 0.20 0.25 0.31 0.37 0.44 0.51 0.58 0.66 0.74 0.83 0.91 1.00 1.09 1.19 1.28 1.37 1.46 1.54 1.63 1.71 1.78 1.85 1.92 1.98 2.03 2.07 2.10 2.13 2.14 2.15 2.14 2.13 2.11 2.08 2.04 1.99 1.93 1.87 1.80 1.72 1.64 1.55 1.46 1.36 1.26 1.16 1.07 0.97 0.87 0.77 0.68 0.59 0.51 0.43 0.35 0.28 0.21 0.15 0.10 0.05 0.01 -0.03 -0.06 -0.08 -0.10 -0.12 -0.13 -0.13 -0.14 -0.13 -0.13 -0.12 -0.11 -0.10 -0.09 -0.07 -0.06 -0.04 -0.03
0.00 0.03 0.06 0.10 0.14 0.18 0.23 0.29 0.35 0.41 0.48 0.56 0.64 0.72 0.81 0.90 0.99 1.08 1.18 1.27 1.36 1.46 1.55 1.64 1.72 1.80 1.88 1.95 2.01 2.06 2.11 2.15 2.18 2.20 2.21 2.21 2.20 2.18 2.15 2.11 2.07 2.01 1.95 1.87 1.79 1.71 1.62 1.53 1.43 1.33 1.23 1.12 1.02 0.92 0.82 0.72 0.63 0.54 0.46 0.37 0.30 0.23 0.17 0.11 0.06 0.01 -0.02 -0.06 -0.08 -0.11 -0.12 -0.13 -0.14 -0.14 -0.14 -0.14 -0.13 -0.12 -0.11 -0.10 -0.08 -0.07 -0.05 -0.03
-0.01 0.01 0.04 0.08 0.12 0.16 0.21 0.27 0.33 0.39 0.46 0.54 0.62 0.70 0.79 0.88 0.97 1.07 1.17 1.27 1.36 1.46 1.56 1.65 1.74 1.82 1.90 1.98 2.05 2.11 2.16 2.20 2.24 2.26 2.27 2.28 2.27 2.26 2.23 2.19 2.15 2.09 2.03 1.95 1.87 1.79 1.70 1.60 1.50 1.40 1.29 1.18 1.08 0.97 0.87 0.77 0.67 0.58 0.49 0.40 0.32 0.25 0.18 0.12 0.07 0.02 -0.02 -0.06 -0.08 -0.11 -0.13 -0.14 -0.15 -0.15 -0.15 -0.15 -0.14 -0.13 -0.12 -0.11 -0.09 -0.07 -0.06 -0.04
-0.02 0.00 0.03 0.06 0.10 0.14 0.19 0.25 0.31 0.37 0.44 0.52 0.60 0.68 0.77 0.87 0.96 1.06 1.16 1.26 1.37 1.47 1.57 1.67 1.76 1.85 1.94 2.02 2.09 2.15 2.21 2.26 2.30 2.32 2.34 2.35 2.35 2.33 2.31 2.27 2.23 2.17 2.11 2.04 1.96 1.87 1.77 1.67 1.57 1.46 1.36 1.25 1.13 1.03 0.92 0.81 0.71 0.61 0.52 0.43 0.35 0.27 0.20 0.14 0.08 0.03 -0.02 -0.05 -0.08 -0.11 -0.13 -0.14 -0.15 -0.16 -0.16 -0.15 -0.15 -0.14 -0.13 -0.11 -0.10 -0.08 -0.07 -0.05
-0.03 -0.01 0.02 0.05 0.08 0.13 0.18 0.23 0.29 0.35 0.43 0.50 0.58 0.67 0.76 0.86 0.96 1.06 1.16 1.27 1.37 1.48 1.58 1.68 1.78 1.88 1.97 2.05 2.13 2.20 2.26 2.32 2.36 2.39 2.41 2.43 2.43 2.41 2.39 2.36 2.31 2.26 2.19 2.12 2.04 1.95 1.85 1.75 1.64 1.53 1.42 1.31 1.19 1.08 0.97 0.86 0.75 0.65 0.55 0.46 0.37 0.29 0.22 0.15 0.09 0.04 -0.01 -0.05 -0.08 -0.11 -0.13 -0.15 -0.16 -0.16 -0.16 -0.16 -0.16 -0.15 -0.14 -0.12 -0.11 -0.09 -0.07 -0.06
-0.04 -0.02 0.00 0.03 0.07 0.11 0.16 0.21 0.27 0.34 0.41 0.49 0.57 0.66 0.75 0.85 0.95 1.06 1.16 1.27 1.38 1.49 1.60 1.71 1.81 1.91 2.01 2.10 2.18 2.25 2.32 2.38 2.43 2.46 2.49 2.50 2.51 2.50 2.48 2.44 2.40 2.35 2.28 2.21 2.12 2.03 1.93 1.83 1.72 1.61 1.49 1.37 1.25 1.13 1.02 0.90 0.79 0.68 0.58 0.49 0.39 0.31 0.23 0.16 0.10 0.04 -0.01 -0.05 -0.08 -0.11 -0.14 -0.15 -0.16 -0.17 -0.17 -0.17 -0.16 -0.16 -0.14 -0.13 -0.12 -0.10 -0.08 -0.06
-0.05 -0.03 -0.01 0.02 0.06 0.10 0.15 0.20 0.26 0.33 0.40 0.48 0.56 0.65 0.74 0.84 0.95 1.06 1.17 1.28 1.39 1.51 1.62 1.73 1.84 1.95 2.05 2.14 2.23 2.31 2.38 2.44 2.49 2.53 2.56 2.58 2.59 2.58 2.56 2.53 2.49 2.43 2.37 2.29 2.21 2.11 2.01 1.91 1.79 1.68 1.56 1.44 1.31 1.19 1.07 0.95 0.83 0.72 0.62 0.51 0.42 0.33 0.25 0.18 0.11 0.05 -0.00 -0.05 -0.08 -0.11 -0.14 -0.16 -0.17 -0.18 -0.18 -0.18 -0.17 -0.16 -0.15 -0.14 -0.12 -0.11 -0.09 -0.07
-0.06 -0.04 -0.02 0.01 0.05 0.09 0.13 0.19 0.25 0.31 0.39 0.47 0.55 0.64 0.74 0.84 0.95 1.06 1.17 1.29 1.41 1.52 1.64 1.76 1.87 1.98 2.09 2.19 2.28 2.36 2.44 2.51 2.56 2.61 2.64 2.66 2.67 2.66 2.65 2.62 2.57 2.52 2.45 2.38 2.29 2.20 2.09 1.98 1.87 1.75 1.62 1.50 1.37 1.24 1.12 0.99 0.87 0.76 0.65 0.54 0.44 0.35 0.27 0.19 0.12 0.06 0.00 -0.04 -0.08 -0.12 -0.14 -0.16 -0.17 -0.18 -0.19 -0.18 -0.18 -0.17 -0.16 -0.15 -0.13 -0.11 -0.10 -0.08
-0.07 -0.05 -0.03 0.00 0.04 0.08 0.13 0.18 0.24 0.31 0.38 0.46 0.55 0.64 0.74 0.84 0.95 1.06 1.18 1.30 1.42 1.54 1.66 1.79 1.90 2.02 2.13 2.23 2.33 2.42 2.50 2.57 2.63 2.68 2.71 2.74 2.75 2.75 2.73 2.70 2.66 2.61 2.54 2.46 2.38 2.28 2.17 2.06 1.94 1.82 1.69 1.56 1.43 1.30 1.17 1.04 0.91 0.79 0.68 0.57 0.47 0.37 0.28 0.20 0.13 0.06 0.01 -0.04 -0.08 -0.12 -0.14 -0.16 -0.18 -0.19 -0.19 -0.19 -0.19 -0.18 -0.17 -0.15 -0.14 -0.12 -0.10 -0.08
-0.07 -0.05 -0.03 -0.00 0.03 0.07 0.12 0.17 0.23 0.30 0.37 0.45 0.54 0.64 0.74 0.84 0.95 1.07 1.19 1.31 1.44 1.56 1.69 1.81 1.94 2.06 2.17 2.28 2.38 2.47 2.56 2.63 2.70 2.75 2.79 2.81 2.83 2.83 2.81 2.78 2.74 2.69 2.62 2.54 2.46 2.36 2.25 2.13 2.01 1.88 1.75 1.62 1.48 1.35 1.21 1.08 0.95 0.83 0.71 0.60 0.49 0.39 0.30 0.22 0.14 0.07 0.01 -0.04 -0.08 -0.12 -0.15 -0.17 -0.18 -0.19 -0.20 -0.20 -0.19 -0.19 -0.17 -0.16 -0.14 -0.13 -0.11 -0.09
-0.08 -0.06 -0.04 -0.01 0.02 0.06 0.11 0.16 0.23 0.29 0.37 0.45 0.54 0.64 0.74 0.85 0.96 1.08 1.20 1.33 1.46 1.58 1.71 1.84 1.97 2.09 2.21 2.32 2.43 2.53 2.62 2.70 2.76 2.82 2.86 2.89 2.90 2.90 2.89 2.86 2.82 2.77 2.70 2.62 2.53 2.43 2.32 2.20 2.08 1.95 1.81 1.68 1.54 1.40 1.26 1.12 0.99 0.86 0.74 0.62 0.51 0.41 0.31 0.23 0.15 0.08 0.02 -0.04 -0.08 -0.12 -0.15 -0.17 -0.19 -0.20 -0.20 -0.20 -0.20 -0.19 -0.18 -0.17 -0.15 -0.13 -0.12 -0.10
-0.08 -0.06 -0.04 -0.01 0.02 0.06 0.11 0.16 0.22 0.29 0.37 0.45 0.54 0.64 0.74 0.85 0.97 1.09 1.21 1.34 1.47 1.61 1.74 1.87 2.00 2.13 2.25 2.37 2.48 2.58 2.67 2.75 2.82 2.88 2.93 2.96 2.98 2.98 2.97 2.94 2.90 2.84 2.78 2.70 2.60 2.50 2.39 2.27 2.14 2.01 1.87 1.73 1.59 1.44 1.30 1.16 1.02 0.89 0.77 0.65 0.53 0.43 0.33 0.24 0.16 0.09 0.02 -0.03 -0.08 -0.12 -0.15 -0.17 -0.19 -0.20 -0.21 -0.21 -0.21 -0.20 -0.19 -0.17 -0.16 -0.14 -0.12 -0.10
-0.08 -0.06 -0.04 -0.02 0.02 0.06 0.10 0.16 0.22 0.29 0.36 0.45 0.54 0.64 0.74 0.86 0.97 1.10 1.22 1.36 1.49 1.63 1.76 1.90 2.03 2.16 2.29 2.41 2.52 2.63 2.72 2.81 2.88 2.94 2.99 3.02 3.04 3.05 3.03 3.01 2.97 2.91 2.85 2.76 2.67 2.57 2.45 2.33 2.20 2.06 1.92 1.78 1.63 1.48 1.34 1.20 1.06 0.92 0.79 0.67 0.55 0.44 0.34 0.25 0.17 0.09 0.03 -0.03 -0.08 -0.12 -0.15 -0.18 -0.20 -0.21 -0.21 -0.22 -0.21 -0.20 -0.19 -0.18 -0.16 -0.15 -0.13 -0.11
-0.08 -0.06 -0.04 -0.02 0.02 0.06 0.10 0.16 0.22 0.29 0.36 0.45 0.54 0.64 0.75 0.86 0.98 1.11 1.24 1.37 1.51 1.65 1.79 1.92 2.06 2.20 2.33 2.45 2.57 2.67 2.77 2.86 2.93 3.00 3.05 3.08 3.10 3.11 3.10 3.07 3.03 2.98 2.91 2.83 2.73 2.63 2.51 2.38 2.25 2.11 1.97 1.82 1.67 1.52 1.37 1.23 1.08 0.95 0.81 0.69 0.57 0.46 0.35 0.26 0.17 0.10 0.03 -0.03 -0.08 -0.12 -0.15 -0.18 -0.20 -0.21 -0.22 -0.22 -0.22 -0.21 -0.20 -0.18 -0.17 -0.15 -0.13 -0.11
-0.08 -0.06 -0.04 -0.02 0.02 0.06 0.10 0.16 0.22 0.29 0.36 0.45 0.54 0.64 0.75 0.87 0.99 1.12 1.25 1.38 1.52 1.66 1.81 1.95 2.09 2.22 2.36 2.48 2.60 2.71 2.81 2.90 2.98 3.05 3.10 3.13 3.16 3.16 3.15 3.13 3.09 3.03 2.96 2.88 2.78 2.68 2.56 2.43 2.30 2.16 2.01 1.86 1.71 1.56 1.40 1.26 1.11 0.97 0.83 0.70 0.58 0.47 0.36 0.27 0.18 0.10 0.03 -0.03 -0.08 -0.12 -0.16 -0.18 -0.20 -0.22 -0.22 -0.22 -0.22 -0.21 -0.20 -0.19 -0.17 -0.15 -0.14 -0.11
-0.07 -0.06 -0.04 -0.01 0.02 0.06 0.10 0.16 0.22 0.29 0.37 0.45 0.55 0.65 0.76 0.87 1.00 1.12 1.26 1.40 1.54 1.68 1.82 1.97 2.11 2.25 2.38 2.51 2.63 2.75 2.85 2.94 3.02 3.09 3.14 3.18 3.20 3.21 3.20 3.17 3.13 3.08 3.01 2.93 2.83 2.72 2.60 2.47 2.34 2.19 2.04 1.89 1.74 1.58 1.43 1.28 1.13 0.99 0.85 0.72 0.59 0.48 0.37 0.27 0.18 0.10 0.03 -0.03 -0.08 -0.12 -0.16 -0.19 -0.21 -0.22 -0.23 -0.23 -0.23 -0.22 -0.21 -0.19 -0.18 -0.16 -0.14 -0.12
-0.07 -0.06 -0.04 -0.01 0.02 0.06 0.11 0.16 0.22 0.29 0.37 0.45 0.55 0.65 0.76 0.88 1.00 1.13 1.27 1.41 1.55 1.69 1.84 1.98 2.13 2.27 2.40 2.53 2.66 2.77 2.88 2.97 3.05 3.12 3.17 3.21 3.24 3.24 3.24 3.21 3.17 3.12 3.05 2.96 2.87 2.76 2.64 2.51 2.37 2.22 2.07 1.92 1.76 1.61 1.45 1.30 1.15 1.00 0.86 0.73 0.60 0.49 0.38 0.28 0.19 0.11 0.03 -0.03 -0.08 -0.12 -0.16 -0.19 -0.21 -0.22 -0.23 -0.23 -0.23 -0.22 -0.21 -0.20 -0.18 -0.16 -0.14 -0.12
-0.07 -0.05 -0.03 -0.01 0.02 0.06 0.11 0.16 0.22 0.29 0.37 0.46 0.55 0.65 0.76 0.88 1.01 1.14 1.27 1.41 1.56 1.70 1.85 2.00 2.14 2.28 2.42 2.55 2.68 2.79 2.90 2.99 3.08 3.14 3.20 3.24 3.26 3.27 3.26 3.24 3.20 3.14 3.07 2.99 2.89 2.78 2.66 2.53 2.39 2.24 2.09 1.94 1.78 1.62 1.46 1.31 1.16 1.01 0.87 0.74 0.61 0.49 0.38 0.28 0.19 0.11 0.03 -0.03 -0.08 -0.13 -0.16 -0.19 -0.21 -0.23 -0.23 -0.24 -0.23 -0.23 -0.21 -0.20 -0.18 -0.16 -0.14 -0.12
-0.06 -0.05 -0.03 -0.00 0.03 0.07 0.11 0.16 0.23 0.30 0.37 0.46 0.55 0.66 0.77 0.89 1.01 1.14 1.28 1.42 1.56 1.71 1.85 2.00 2.15 2.29 2.43 2.56 2.69 2.80 2.91 3.01 3.09 3.16 3.21 3.25 3.28 3.29 3.28 3.26 3.22 3.16 3.09 3.01 2.91 2.80 2.68 2.54 2.40 2.26 2.10 1.95 1.79 1.63 1.47 1.32 1.17 1.02 0.88 0.74 0.61 0.49 0.38 0.28 0.19 0.11 0.03 -0.03 -0.08 -0.13 -0.16 -0.19 -0.21 -0.23 -0.24 -0.24 -0.23 -0.23 -0.22 -0.20 -0.19 -0.17 -0.15 -0.13
-0.06 -0.04 -0.02 -0.00 0.03 0.07 0.11 0.17 0.23 0.30 0.38 0.46 0.56 0.66 0.77 0.89 1.01 1.14 1.28 1.42 1.56 1.71 1.86 2.00 2.15 2.29 2.43 2.56 2.69 2.81 2.91 3.01 3.09 3.16 3.22 3.26 3.28 3.29 3.29 3.26 3.22 3.17 3.10 3.01 2.91 2.80 2.68 2.55 2.41 2.26 2.11 1.95 1.79 1.64 1.48 1.32 1.17 1.02 0.88 0.74 0.61 0.49 0.38 0.28 0.19 0.11 0.03 -0.03 -0.08 -0.13 -0.17 -0.19 -0.22 -0.23 -0.24 -0.24 -0.24 -0.23 -0.22 -0.20 -0.19 -0.17 -0.15 -0.13
-0.05 -0.04 -0.02 0.00 0.04 0.07 0.12 0.17 0.23 0.30 0.38 0.46 0.56 0.66 0.77 0.89 1.01 1.14 1.28 1.42 1.56 1.70 1.85 2.00 2.14 2.29 2.43 2.56 2.68 2.80 2.91 3.00 3.09 3.16 3.21 3.25 3.28 3.29 3.28 3.26 3.22 3.16 3.09 3.01 2.91 2.80 2.68 2.55 2.41 2.26 2.11 1.95 1.79 1.63 1.47 1.32 1.16 1.02 0.87 0.74 0.61 0.49 0.38 0.28 0.19 0.10 0.03 -0.03 -0.09 -0.13 -0.17 -0.20 -0.22 -0.23 -0.24 -0.24 -0.24 -0.23 -0.22 -0.20 -0.19 -0.17 -0.15 -0.13
-0.04 -0.03 -0.01 0.01 0.04 0.08 0.12 0.17 0.23 0.30 0.38 0.46 0.56 0.66 0.77 0.88 1.01 1.13 1.27 1.41 1.55 1.70 1.84 1.99 2.13 2.27 2.41 2.54 2.67 2.79 2.89 2.99 3.07 3.14 3.20 3.24 3.26 3.27 3.26 3.24 3.20 3.15 3.08 2.99 2.89 2.78 2.66 2.53 2.39 2.25 2.09 1.94 1.78 1.62 1.46 1.31 1.16 1.01 0.87 0.73 0.60 0.49 0.37 0.27 0.18 0.10 0.03 -0.03 -0.09 -0.13 -0.17 -0.20 -0.22 -0.23 -0.24 -0.24 -0.24 -0.23 -0.22 -0.20 -0.19 -0.17 -0.15 -0.13
-0.04 -0.02 -0.01 0.02 0.05 0.08 0.13 0.18 0.24 0.30 0.38 0.46 0.55 0.65 0.76 0.88 1.00 1.13 1.26 1.40 1.54 1.68 1.83 1.97 2.11 2.26 2.39 2.52 2.65 2.76 2.87 2.96 3.04 3.11 3.17 3.21 3.23 3.24 3.24 3.21 3.17 3.12 3.05 2.96 2.87 2.76 2.64 2.51 2.37 2.22 2.07 1.92 1.76 1.61 1.45 1.29 1.14 1.00 0.86 0.72 0.60 0.48 0.37 0.27 0.18 0.10 0.02 -0.04 -0.09 -0.13 -0.17 -0.20 -0.22 -0.23 -0.24 -0.24 -0.24 -0.23 -0.22 -0.20 -0.19 -0.17 -0.15 -0.13
-0.03 -0.02 -0.00 0.02 0.05 0.09 0.13 0.18 0.24 0.30 0.38 0.46 0.55 0.65 0.76 0.87 0.99 1.12 1.25 1.38 1.52 1.66 1.81 1.95 2.09 2.23 2.36 2.49 2.61 2.73 2.83 2.93 3.01 3.08 3.13 3.17 3.19 3.20 3.19 3.17 3.13 3.08 3.01 2.93 2.83 2.72 2.60 2.48 2.34 2.19 2.05 1.89 1.74 1.58 1.43 1.27 1.13 0.98 0.84 0.71 0.58 0.47 0.36 0.26 0.17 0.09 0.02 -0.04 -0.09 -0.14 -0.17 -0.20 -0.22 -0.23 -0.24 -0.24 -0.24 -0.23 -0.22 -0.20 -0.18 -0.17 -0.15 -0.12
-0.02 -0.01 0.00 0.03 0.05 0.09 0.13 0.18 0.24 0.30 0.38 0.46 0.55 0.64 0.75 0.86 0.98 1.10 1.23 1.36 1.50 1.64 1.78 1.92 2.06 2.20 2.33 2.45 2.57 2.69 2.79 2.88 2.96 3.03 3.08 3.12 3.14 3.15 3.14 3.12 3.08 3.03 2.96 2.88 2.78 2.68 2.56 2.43 2.30 2.16 2.01 1.86 1.71 1.55 1.40 1.25 1.10 0.96 0.82 0.69 0.57 0.46 0.35 0.25 0.16 0.09 0.02 -0.04 -0.09 -0.14 -0.17 -0.20 -0.22 -0.23 -0.24 -0.24 -0.23 -0.23 -0.21 -0.20 -0.18 -0.16 -0.14 -0.12
-0.02 -0.01 0.01 0.03 0.06 0.09 0.13 0.18 0.24 0.30 0.37 0.45 0.54 0.63 0.74 0.85 0.96 1.08 1.21 1.34 1.47 1.61 1.75 1.88 2.02 2.15 2.28 2.41 2.53 2.64 2.74 2.82 2.90 2.97 3.02 3.06 3.08 3.09 3.08 3.06 3.02 2.97 2.90 2.82 2.73 2.62 2.51 2.38 2.25 2.11 1.97 1.82 1.67 1.52 1.37 1.22 1.08 0.94 0.80 0.67 0.55 0.44 0.34 0.24 0.16 0.08 0.01 -0.05 -0.10 -0.14 -0.17 -0.20 -0.22 -0.23 -0.23 -0.23 -0.23 -0.22 -0.21 -0.20 -0.18 -0.16 -0.14 -0.12
-0.01 0.00 0.02 0.04 0.06 0.10 0.14 0.18 0.24 0.30 0.37 0.45 0.53 0.62 0.72 0.83 0.94 1.06 1.18 1.31 1.44 1.58 1.71 1.84 1.98 2.11 2.23 2.35 2.47 2.58 2.67 2.76 2.84 2.90 2.95 2.99 3.01 3.02 3.01 2.99 2.95 2.90 2.83 2.75 2.66 2.56 2.45 2.32 2.19 2.06 1.92 1.77 1.63 1.48 1.33 1.19 1.05 0.91 0.78 0.65 0.54 0.43 0.32 0.23 0.15 0.07 0.01 -0.05 -0.10 -0.14 -0.17 -0.20 -0.21 -0.22 -0.23 -0.23 -0.23 -0.22 -0.21 -0.19 -0.17 -0.16 -0.13 -0.11
-0.00 0.01 0.02 0.04 0.07 0.10 0.14 0.18 0.24 0.30 0.36 0.44 0.52 0.61 0.71 0.81 0.92 1.04 1.16 1.28 1.41 1.54 1.67 1.80 1.93 2.05 2.18 2.29 2.40 2.51 2.60 2.69 2.76 2.82 2.87 2.91 2.93 2.94 2.93 2.91 2.87 2.82 2.75 2.68 2.59 2.49 2.38 2.26 2.13 2.00 1.86 1.72 1.58 1.43 1.29 1.15 1.01 0.88 0.75 0.63 0.52 0.41 0.31 0.22 0.14 0.07 0.00 -0.05 -0.10 -0.14 -0.17 -0.19 -0.21 -0.22 -0.23 -0.23 -0.22 -0.21 -0.20 -0.19 -0.17 -0.15 -0.13 -0.11
0.00 0.01 0.03 0.04 0.07 0.10 0.14 0.18 0.23 0.29 0.36 0.43 0.51 0.60 0.69 0.79 0.90 1.01 1.12 1.24 1.37 1.49 1.62 1.75 1.87 1.99 2.11 2.23 2.33 2.43 2.53 2.61 2.68 2.74 2.79 2.82 2.84 2.85 2.84 2.82 2.78 2.73 2.67 2.59 2.51 2.41 2.30 2.18 2.06 1.93 1.80 1.66 1.52 1.38 1.24 1.11 0.97 0.85 0.72 0.60 0.49 0.39 0.29 0.21 0.13 0.06 -0.00 -0.06 -0.10 -0.14 -0.17 -0.19 -0.21 -0.22 -0.22 -0.22 -0.22 -0.21 -0.19 -0.18 -0.16 -0.14 -0.12 -0.10
0.01 0.02 0.03 0.05 0.07 0.10 0.14 0.18 0.23 0.28 0.35 0.42 0.50 0.58 0.67 0.77 0.87 0.98 1.09 1.21 1.32 1.45 1.57 1.69 1.81 1.93 2.04 2.15 2.26 2.35 2.44 2.52 2.59 2.65 2.69 2.72 2.74 2.75 2.74 2.72 2.68 2.64 2.57 2.50 2.42 2.32 2.22 2.10 1.99 1.86 1.73 1.60 1.46 1.33 1.20 1.06 0.93 0.81 0.69 0.58 0.47 0.37 0.28 0.19 0.12 0.05 -0.01 -0.06 -0.10 -0.14 -0.17 -0.19 -0.20 -0.21 -0.22 -0.21 -0.21 -0.20 -0.19 -0.17 -0.16 -0.14 -0.12 -0.10
0.02 0.02 0.03 0.05 0.07 0.10 0.14 0.18 0.22 0.28 0.34 0.41 0.48 0.56 0.65 0.74 0.84 0.94 1.05 1.16 1.28 1.39 1.51 1.63 1.75 1.86 1.97 2.07 2.17 2.27 2.35 2.43 2.49 2.55 2.59 2.62 2.64 2.64 2.64 2.61 2.58 2.53 2.47 2.40 2.32 2.23 2.13 2.02 1.91 1.78 1.66 1.53 1.40 1.27 1.14 1.02 0.89 0.77 0.66 0.55 0.44 0.35 0.26 0.18 0.11 0.04 -0.01 -0.06 -0.10 -0.14 -0.16 -0.18 -0.20 -0.21 -0.21 -0.21 -0.20 -0.19 -0.18 -0.16 -0.15 -0.13 -0.11 -0.09
0.02 0.03 0.04 0.05 0.07 0.10 0.13 0.17 0.22 0.27 0.33 0.39 0.46 0.54 0.63 0.71 0.81 0.91 1.01 1.12 1.23 1.34 1.45 1.57 1.68 1.79 1.89 1.99 2.09 2.18 2.26 2.33 2.39 2.44 2.48 2.51 2.53 2.53 2.53 2.50 2.47 2.43 2.37 2.30 2.22 2.13 2.04 1.93 1.82 1.70 1.58 1.46 1.34 1.21 1.09 0.97 0.85 0.73 0.62 0.52 0.42 0.33 0.24 0.17 0.10 0.04 -0.02 -0.06 -0.10 -0.14 -0.16 -0.18 -0.19 -0.20 -0.20 -0.20 -0.19 -0.18 -0.17 -0.16 -0.14 -0.12 -0.10 -0.08
0.02 0.03 0.04 0.06 0.08 0.10 0.13 0.17 0.21 0.26 0.32 0.38 0.45 0.52 0.60 0.69 0.78 0.87 0.97 1.07 1.18 1.28 1.39 1.50 1.60 1.71 1.81 1.90 2.00 2.08 2.16 2.22 2.28 2.33 2.37 2.40 2.41 2.42 2.41 2.39 2.36 2.31 2.26 2.19 2.12 2.03 1.94 1.84 1.73 1.62 1.51 1.39 1.27 1.15 1.03 0.92 0.80 0.69 0.59 0.49 0.39 0.31 0.23 0.15 0.09 0.03 -0.02 -0.07 -0.10 -0.13 -0.16 -0.17 -0.18 -0.19 -0.19 -0.19 -0.18 -0.17 -0.16 -0.15 -0.13 -0.11 -0.09 -0.07
0.03 0.03 0.04 0.06 0.08 0.10 0.13 0.16 0.20 0.25 0.30 0.36 0.43 0.50 0.57 0.66 0.74 0.83 0.93 1.02 1.12 1.22 1.33 1.43 1.53 1.63 1.72 1.81 1.90 1.98 2.05 2.12 2.17 2.22 2.26 2.28 2.30 2.30 2.29 2.27 2.24 2.20 2.14 2.08 2.01 1.93 1.84 1.74 1.64 1.54 1.43 1.31 1.20 1.09 0.97 0.86 0.76 0.65 0.55 0.46 0.37 0.28 0.21 0.14 0.08 0.02 -0.03 -0.07 -0.10 -0.13 -0.15 -0.17 -0.18 -0.18 -0.18 -0.18 -0.17 -0.16 -0.15 -0.14 -0.12 -0.10 -0.08 -0.07
0.03 0.04 0.05 0.06 0.08 0.10 0.13 0.16 0.20 0.24 0.29 0.35 0.41 0.48 0.55 0.62 0.71 0.79 0.88 0.97 1.07 1.16 1.26 1.36 1.45 1.55 1.64 1.72 1.80 1.88 1.95 2.01 2.06 2.10 2.14 2.16 2.18 2.18 2.17 2.15 2.12 2.08 2.03 1.97 1.90 1.82 1.74 1.65 1.55 1.45 1.34 1.24 1.13 1.02 0.92 0.81 0.71 0.61 0.51 0.43 0.34 0.26 0.19 0.13 0.07 0.02 -0.03 -0.07 -0.10 -0.13 -0.15 -0.16 -0.17 -0.17 -0.17 -0.17 -0.16 -0.15 -0.14 -0.13 -0.11 -0.09 -0.08 -0.06
0.04 0.04 0.05 0.06 0.07 0.10 0.12 0.15 0.19 0.23 0.28 0.33 0.39 0.45 0.52 0.59 0.67 0.75 0.84 0.92 1.01 1.10 1.19 1.28 1.37 1.46 1.55 1.63 1.71 1.78 1.84 1.90 1.95 1.99 2.02 2.04 2.05 2.06 2.05 2.03 2.00 1.96 1.91 1.85 1.79 1.71 1.63 1.55 1.46 1.36 1.26 1.16 1.06 0.96 0.86 0.76 0.66 0.57 0.48 0.39 0.32 0.24 0.17 0.11 0.06 0.01 -0.03 -0.07 -0.10 -0.12 -0.14 -0.15 -0.16 -0.16 -0.16 -0.16 -0.15 -0.14 -0.13 -0.11 -0.10 -0.08 -0.06 -0.05
0.04 0.04 0.05 0.06 0.07 0.09 0.12 0.15 0.18 0.22 0.26 0.31 0.37 0.43 0.49 0.56 0.63 0.71 0.79 0.87 0.96 1.04 1.13 1.21 1.30 1.38 1.46 1.53 1.61 1.67 1.73 1.79 1.83 1.87 1.90 1.92 1.93 1.93 1.92 1.90 1.88 1.84 1.79 1.74 1.68 1.61 1.53 1.45 1.36 1.27 1.18 1.09 0.99 0.89 0.80 0.71 0.61 0.53 0.44 0.36 0.29 0.22 0.16 0.10 0.05 0.01 -0.03 -0.07 -0.09 -0.12 -0.13 -0.14 -0.15 -0.15 -0.15 -0.15 -0.14 -0.13 -0.12 -0.10 -0.09 -0.07 -0.05 -0.04
0.04 0.04 0.05 0.06 0.07 0.09 0.11 0.14 0.17 0.21 0.25 0.30 0.35 0.40 0.46 0.53 0.60 0.67 0.74 0.82 0.90 0.98 1.06 1.14 1.22 1.30 1.37 1.44 1.51 1.57 1.63 1.68 1.72 1.75 1.78 1.80 1.81 1.81 1.80 1.78 1.76 1.72 1.68 1.63 1.57 1.50 1.43 1.35 1.27 1.19 1.10 1.01 0.92 0.83 0.74 0.65 0.57 0.49 0.41 0.34 0.27 0.20 0.14 0.09 0.04 0.00 -0.03 -0.06 -0.09 -0.11 -0.12 -0.13 -0.14 -0.14 -0.14 -0.13 -0.13 -0.12 -0.10 -0.09 -0.08 -0.06 -0.04 -0.03
