speedsAfterKrig/output_residuos_36_2007.asc
NCOLS          173       
NROWS          329       
XLLCENTER      510425.00 
YLLCENTER      8547775.00
DX             50.00     
DY             50.00     
NODATA_VALUE   -999.00   
[rows 222 to 258 of 329, columns 83 to 165 of 173]
0.23 0.26 0.29 0.32 0.34 0.38 0.41 0.44 0.47 0.51 0.54 0.57 0.60 0.64 0.67 0.70 0.73 0.75 0.78 0.80 0.82 0.83 0.85 0.86 0.87 0.87 0.87 0.87 0.87 0.86 0.85 0.83 0.81 0.79 0.77 0.75 0.72 0.69 0.66 0.63 0.60 0.56 0.53 0.49 0.46 0.43 0.39 0.36 0.33 0.30 0.27 0.24 0.21 0.19 0.16 0.14 0.12 0.10 0.09 0.07 0.06 0.04 0.03 0.02 0.01 0.01 0.00 -0.00 -0.00 -0.01 -0.01 -0.01 -0.01 -0.01 -0.00 -0.00 0.00 0.00 0.01 0.01 0.02 0.02 0.03
0.23 0.26 0.29 0.32 0.35 0.38 0.41 0.45 0.48 0.52 0.55 0.59 0.62 0.66 0.69 0.72 0.75 0.78 0.81 0.83 0.85 0.87 0.88 0.90 0.90 0.91 0.91 0.91 0.90 0.90 0.88 0.87 0.85 0.83 0.81 0.78 0.75 0.72 0.69 0.66 0.62 0.59 0.55 0.52 0.48 0.45 0.41 0.38 0.34 0.31 0.28 0.25 0.22 0.20 0.17 0.15 0.13 0.11 0.09 0.07 0.06 0.04 0.03 0.02 0.01 0.01 0.00 -0.00 -0.01 -0.01 -0.01 -0.01 -0.01 -0.01 -0.00 -0.00 0.00 0.01 0.01 0.01 0.02 0.02 0.03
0.23 0.26 0.29 0.32 0.35 0.39 0.42 0.46 0.50 0.53 0.57 0.61 0.64 0.68 0.72 0.75 0.78 0.81 0.84 0.86 0.89 0.91 0.92 0.94 0.94 0.95 0.95 0.95 0.95 0.94 0.93 0.91 0.89 0.87 0.85 0.82 0.79 0.76 0.72 0.69 0.65 0.62 0.58 0.54 0.51 0.47 0.43 0.40 0.36 0.33 0.29 0.26 0.23 0.20 0.18 0.15 0.13 0.11 0.09 0.07 0.06 0.04 0.03 0.02 0.01 0.01 0.00 -0.00 -0.01 -0.01 -0.01 -0.01 -0.01 -0.01 -0.00 -0.00 0.00 0.01 0.01 0.02 0.02 0.03 0.03
0.23 0.26 0.29 0.33 0.36 0.40 0.43 0.47 0.51 0.55 0.59 0.63 0.67 0.70 0.74 0.78 0.81 0.84 0.87 0.90 0.92 0.95 0.96 0.98 0.99 0.99 1.00 1.00 0.99 0.98 0.97 0.95 0.94 0.91 0.89 0.86 0.83 0.79 0.76 0.72 0.69 0.65 0.61 0.57 0.53 0.49 0.45 0.41 0.38 0.34 0.31 0.27 0.24 0.21 0.19 0.16 0.14 0.11 0.09 0.08 0.06 0.05 0.03 0.02 0.01 0.01 0.00 -0.00 -0.01 -0.01 -0.01 -0.01 -0.01 -0.01 -0.00 -0.00 0.00 0.01 0.01 0.02 0.02 0.03 0.03
0.23 0.26 0.30 0.33 0.37 0.40 0.44 0.48 0.52 0.57 0.61 0.65 0.69 0.73 0.77 0.81 0.84 0.88 0.91 0.94 0.96 0.99 1.01 1.02 1.03 1.04 1.04 1.04 1.04 1.03 1.02 1.00 0.98 0.96 0.93 0.90 0.87 0.83 0.80 0.76 0.72 0.68 0.64 0.60 0.56 0.51 0.47 0.43 0.39 0.36 0.32 0.29 0.25 0.22 0.19 0.17 0.14 0.12 0.10 0.08 0.06 0.05 0.03 0.02 0.01 0.01 -0.00 -0.00 -0.01 -0.01 -0.01 -0.01 -0.01 -0.01 -0.00 -0.00 0.00 0.01 0.01 0.02 0.02 0.03 0.03
0.23 0.27 0.30 0.34 0.37 0.41 0.45 0.50 0.54 0.58 0.63 0.67 0.72 0.76 0.80 0.84 0.88 0.92 0.95 0.98 1.01 1.03 1.05 1.07 1.08 1.09 1.09 1.09 1.09 1.08 1.07 1.05 1.03 1.00 0.98 0.95 0.91 0.88 0.84 0.80 0.76 0.71 0.67 0.63 0.58 0.54 0.50 0.45 0.41 0.37 0.34 0.30 0.26 0.23 0.20 0.17 0.15 0.12 0.10 0.08 0.06 0.05 0.03 0.02 0.01 0.01 -0.00 -0.01 -0.01 -0.01 -0.01 -0.01 -0.01 -0.01 -0.00 -0.00 0.00 0.01 0.01 0.02 0.02 0.03 0.04
0.24 0.27 0.30 0.34 0.38 0.42 0.47 0.51 0.56 0.60 0.65 0.70 0.74 0.79 0.83 0.87 0.91 0.95 0.99 1.02 1.05 1.08 1.10 1.12 1.13 1.14 1.14 1.14 1.14 1.13 1.12 1.10 1.08 1.05 1.02 0.99 0.96 0.92 0.88 0.84 0.79 0.75 0.70 0.66 0.61 0.57 0.52 0.48 0.43 0.39 0.35 0.31 0.28 0.24 0.21 0.18 0.15 0.13 0.10 0.08 0.07 0.05 0.03 0.02 0.01 0.00 -0.00 -0.01 -0.01 -0.01 -0.01 -0.01 -0.01 -0.01 -0.00 -0.00 0.00 0.01 0.01 0.02 0.03 0.03 0.04
0.24 0.27 0.31 0.35 0.39 0.43 0.48 0.53 0.57 0.62 0.67 0.72 0.77 0.82 0.86 0.91 0.95 0.99 1.03 1.07 1.10 1.12 1.15 1.17 1.18 1.19 1.20 1.20 1.19 1.18 1.17 1.15 1.13 1.10 1.07 1.04 1.00 0.96 0.92 0.88 0.83 0.78 0.74 0.69 0.64 0.59 0.55 0.50 0.45 0.41 0.37 0.33 0.29 0.25 0.22 0.19 0.16 0.13 0.11 0.09 0.07 0.05 0.04 0.02 0.01 0.00 -0.00 -0.01 -0.01 -0.01 -0.01 -0.01 -0.01 -0.01 -0.01 -0.00 0.00 0.01 0.01 0.02 0.03 0.03 0.04
0.24 0.28 0.31 0.36 0.40 0.45 0.49 0.54 0.59 0.64 0.69 0.75 0.80 0.85 0.90 0.94 0.99 1.03 1.07 1.11 1.14 1.17 1.20 1.22 1.23 1.25 1.25 1.25 1.25 1.24 1.22 1.21 1.18 1.15 1.12 1.09 1.05 1.01 0.96 0.92 0.87 0.82 0.77 0.72 0.67 0.62 0.57 0.52 0.47 0.43 0.38 0.34 0.30 0.26 0.23 0.20 0.17 0.14 0.11 0.09 0.07 0.05 0.04 0.02 0.01 0.00 -0.00 -0.01 -0.01 -0.01 -0.02 -0.01 -0.01 -0.01 -0.01 -0.00 0.00 0.01 0.02 0.02 0.03 0.03 0.04
0.24 0.28 0.32 0.36 0.41 0.46 0.51 0.56 0.61 0.66 0.72 0.77 0.83 0.88 0.93 0.98 1.03 1.07 1.12 1.16 1.19 1.22 1.25 1.27 1.29 1.30 1.31 1.31 1.30 1.29 1.28 1.26 1.24 1.21 1.17 1.14 1.10 1.05 1.01 0.96 0.91 0.86 0.81 0.75 0.70 0.65 0.60 0.55 0.50 0.45 0.40 0.36 0.32 0.28 0.24 0.20 0.17 0.14 0.12 0.09 0.07 0.05 0.04 0.02 0.01 0.00 -0.01 -0.01 -0.01 -0.02 -0.02 -0.02 -0.01 -0.01 -0.01 -0.00 0.00 0.01 0.02 0.02 0.03 0.04 0.04
0.24 0.28 0.33 0.37 0.42 0.47 0.52 0.57 0.63 0.68 0.74 0.80 0.85 0.91 0.96 1.02 1.07 1.12 1.16 1.20 1.24 1.27 1.30 1.32 1.34 1.35 1.36 1.36 1.36 1.35 1.33 1.32 1.29 1.26 1.23 1.19 1.15 1.10 1.05 1.00 0.95 0.90 0.84 0.79 0.73 0.68 0.62 0.57 0.52 0.47 0.42 0.37 0.33 0.29 0.25 0.21 0.18 0.15 0.12 0.10 0.07 0.05 0.04 0.02 0.01 0.00 -0.01 -0.01 -0.02 -0.02 -0.02 -0.02 -0.02 -0.01 -0.01 -0.00 0.00 0.01 0.01 0.02 0.03 0.04 0.04
0.25 0.29 0.33 0.38 0.43 0.48 0.53 0.59 0.65 0.71 0.76 0.82 0.88 0.94 1.00 1.05 1.11 1.16 1.20 1.25 1.29 1.32 1.35 1.38 1.39 1.41 1.42 1.42 1.41 1.41 1.39 1.37 1.34 1.31 1.28 1.24 1.20 1.15 1.10 1.05 0.99 0.94 0.88 0.82 0.77 0.71 0.65 0.60 0.54 0.49 0.44 0.39 0.34 0.30 0.26 0.22 0.19 0.15 0.13 0.10 0.08 0.06 0.04 0.02 0.01 -0.00 -0.01 -0.01 -0.02 -0.02 -0.02 -0.02 -0.02 -0.01 -0.01 -0.01 0.00 0.01 0.01 0.02 0.03 0.04 0.04
0.25 0.29 0.34 0.38 0.44 0.49 0.55 0.60 0.66 0.73 0.79 0.85 0.91 0.97 1.03 1.09 1.14 1.20 1.25 1.29 1.33 1.37 1.40 1.43 1.45 1.46 1.47 1.47 1.47 1.46 1.45 1.42 1.40 1.37 1.33 1.29 1.25 1.20 1.15 1.09 1.03 0.98 0.92 0.86 0.80 0.74 0.68 0.62 0.56 0.51 0.46 0.41 0.36 0.31 0.27 0.23 0.19 0.16 0.13 0.10 0.08 0.06 0.04 0.02 0.01 -0.00 -0.01 -0.02 -0.02 -0.02 -0.02 -0.02 -0.02 -0.02 -0.01 -0.01 -0.00 0.01 0.01 0.02 0.03 0.04 0.04
0.25 0.29 0.34 0.39 0.45 0.50 0.56 0.62 0.68 0.75 0.81 0.87 0.94 1.00 1.06 1.12 1.18 1.24 1.29 1.34 1.38 1.42 1.45 1.48 1.50 1.52 1.52 1.53 1.53 1.52 1.50 1.48 1.45 1.42 1.38 1.34 1.29 1.24 1.19 1.13 1.08 1.02 0.95 0.89 0.83 0.77 0.71 0.65 0.59 0.53 0.48 0.42 0.37 0.33 0.28 0.24 0.20 0.17 0.13 0.11 0.08 0.06 0.04 0.02 0.01 -0.00 -0.01 -0.02 -0.02 -0.03 -0.03 -0.03 -0.02 -0.02 -0.01 -0.01 -0.00 0.00 0.01 0.02 0.03 0.04 0.04
0.25 0.30 0.35 0.40 0.45 0.51 0.57 0.63 0.70 0.76 0.83 0.90 0.96 1.03 1.09 1.16 1.22 1.27 1.33 1.38 1.42 1.46 1.50 1.53 1.55 1.57 1.58 1.58 1.58 1.57 1.55 1.53 1.50 1.47 1.43 1.39 1.34 1.29 1.24 1.18 1.12 1.06 0.99 0.93 0.86 0.80 0.73 0.67 0.61 0.55 0.49 0.44 0.39 0.34 0.29 0.25 0.21 0.17 0.14 0.11 0.08 0.06 0.04 0.02 0.01 -0.01 -0.01 -0.02 -0.03 -0.03 -0.03 -0.03 -0.03 -0.02 -0.02 -0.01 -0.00 0.00 0.01 0.02 0.03 0.04 0.04
0.25 0.30 0.35 0.40 0.46 0.52 0.58 0.65 0.71 0.78 0.85 0.92 0.99 1.06 1.12 1.19 1.25 1.31 1.37 1.42 1.46 1.51 1.54 1.57 1.60 1.62 1.63 1.63 1.63 1.62 1.61 1.58 1.56 1.52 1.48 1.44 1.39 1.34 1.28 1.22 1.16 1.09 1.03 0.96 0.89 0.83 0.76 0.70 0.63 0.57 0.51 0.46 0.40 0.35 0.30 0.26 0.22 0.18 0.14 0.11 0.08 0.06 0.04 0.02 0.01 -0.01 -0.02 -0.02 -0.03 -0.03 -0.03 -0.03 -0.03 -0.03 -0.02 -0.01 -0.01 -0.00 0.01 0.02 0.03 0.03 0.04
0.25 0.30 0.35 0.41 0.47 0.53 0.59 0.66 0.73 0.80 0.87 0.94 1.01 1.08 1.15 1.22 1.28 1.34 1.40 1.45 1.50 1.55 1.59 1.62 1.64 1.66 1.68 1.68 1.68 1.67 1.66 1.63 1.60 1.57 1.53 1.49 1.44 1.38 1.32 1.26 1.20 1.13 1.06 1.00 0.93 0.86 0.79 0.72 0.66 0.59 0.53 0.47 0.42 0.36 0.31 0.27 0.22 0.18 0.15 0.12 0.09 0.06 0.04 0.02 0.00 -0.01 -0.02 -0.03 -0.03 -0.04 -0.04 -0.04 -0.03 -0.03 -0.02 -0.02 -0.01 -0.00 0.01 0.01 0.02 0.03 0.04
0.25 0.30 0.36 0.41 0.47 0.53 0.60 0.67 0.74 0.81 0.88 0.96 1.03 1.10 1.17 1.24 1.31 1.37 1.43 1.49 1.54 1.59 1.63 1.66 1.69 1.71 1.72 1.73 1.73 1.72 1.70 1.68 1.65 1.62 1.58 1.53 1.48 1.42 1.36 1.30 1.24 1.17 1.10 1.03 0.96 0.89 0.82 0.75 0.68 0.62 0.55 0.49 0.43 0.38 0.33 0.28 0.23 0.19 0.15 0.12 0.09 0.06 0.04 0.02 0.00 -0.01 -0.02 -0.03 -0.04 -0.04 -0.04 -0.04 -0.04 -0.03 -0.03 -0.02 -0.01 -0.01 0.00 0.01 0.02 0.03 0.04
0.25 0.30 0.36 0.41 0.48 0.54 0.61 0.68 0.75 0.82 0.90 0.97 1.05 1.12 1.19 1.27 1.33 1.40 1.46 1.52 1.57 1.62 1.66 1.70 1.73 1.75 1.76 1.77 1.77 1.76 1.75 1.73 1.70 1.66 1.62 1.57 1.52 1.47 1.41 1.34 1.27 1.21 1.13 1.06 0.99 0.92 0.85 0.77 0.70 0.64 0.57 0.51 0.45 0.39 0.34 0.29 0.24 0.20 0.16 0.12 0.09 0.06 0.04 0.02 0.00 -0.01 -0.02 -0.03 -0.04 -0.04 -0.04 -0.04 -0.04 -0.04 -0.03 -0.03 -0.02 -0.01 -0.00 0.01 0.02 0.03 0.04
0.25 0.30 0.36 0.42 0.48 0.54 0.61 0.68 0.76 0.83 0.91 0.98 1.06 1.14 1.21 1.29 1.36 1.42 1.49 1.55 1.60 1.65 1.69 1.73 1.76 1.78 1.80 1.81 1.81 1.80 1.79 1.77 1.74 1.70 1.66 1.62 1.56 1.51 1.45 1.38 1.31 1.24 1.17 1.10 1.02 0.95 0.87 0.80 0.73 0.66 0.59 0.53 0.46 0.40 0.35 0.30 0.25 0.20 0.16 0.13 0.09 0.07 0.04 0.02 -0.00 -0.02 -0.03 -0.04 -0.04 -0.05 -0.05 -0.05 -0.05 -0.04 -0.04 -0.03 -0.02 -0.01 -0.00 0.00 0.01 0.03 0.04
0.25 0.30 0.36 0.41 0.48 0.54 0.61 0.69 0.76 0.84 0.91 0.99 1.07 1.15 1.23 1.30 1.37 1.44 1.51 1.57 1.63 1.68 1.72 1.76 1.79 1.82 1.84 1.84 1.85 1.84 1.83 1.81 1.78 1.74 1.70 1.66 1.60 1.55 1.48 1.42 1.35 1.28 1.20 1.13 1.05 0.98 0.90 0.82 0.75 0.68 0.61 0.54 0.48 0.42 0.36 0.31 0.26 0.21 0.17 0.13 0.10 0.07 0.04 0.02 -0.00 -0.02 -0.03 -0.04 -0.05 -0.05 -0.05 -0.05 -0.05 -0.05 -0.04 -0.04 -0.03 -0.02 -0.01 0.00 0.01 0.02 0.03
0.25 0.30 0.35 0.41 0.48 0.54 0.61 0.69 0.76 0.84 0.92 1.00 1.08 1.16 1.24 1.31 1.39 1.46 1.53 1.59 1.65 1.70 1.75 1.79 1.82 1.85 1.87 1.88 1.88 1.87 1.86 1.84 1.82 1.78 1.74 1.69 1.64 1.58 1.52 1.45 1.38 1.31 1.24 1.16 1.08 1.00 0.93 0.85 0.78 0.70 0.63 0.56 0.50 0.43 0.37 0.32 0.27 0.22 0.18 0.14 0.10 0.07 0.04 0.02 -0.00 -0.02 -0.03 -0.04 -0.05 -0.06 -0.06 -0.06 -0.06 -0.05 -0.05 -0.04 -0.03 -0.02 -0.01 -0.00 0.01 0.02 0.03
0.24 0.29 0.35 0.41 0.47 0.54 0.61 0.68 0.76 0.84 0.92 1.00 1.08 1.16 1.24 1.32 1.40 1.47 1.54 1.60 1.66 1.72 1.77 1.81 1.84 1.87 1.89 1.90 1.91 1.91 1.89 1.88 1.85 1.82 1.78 1.73 1.68 1.62 1.56 1.49 1.42 1.34 1.27 1.19 1.11 1.03 0.95 0.88 0.80 0.72 0.65 0.58 0.51 0.45 0.39 0.33 0.28 0.23 0.18 0.14 0.10 0.07 0.04 0.02 -0.01 -0.02 -0.04 -0.05 -0.06 -0.06 -0.06 -0.07 -0.06 -0.06 -0.05 -0.05 -0.04 -0.03 -0.02 -0.01 0.00 0.01 0.02
0.23 0.29 0.34 0.40 0.47 0.53 0.61 0.68 0.76 0.84 0.92 1.00 1.08 1.16 1.24 1.32 1.40 1.48 1.55 1.61 1.68 1.73 1.78 1.83 1.86 1.89 1.92 1.93 1.94 1.93 1.92 1.91 1.88 1.85 1.81 1.76 1.71 1.65 1.59 1.52 1.45 1.38 1.30 1.22 1.14 1.06 0.98 0.90 0.82 0.75 0.67 0.60 0.53 0.46 0.40 0.34 0.29 0.24 0.19 0.15 0.11 0.07 0.04 0.02 -0.01 -0.03 -0.04 -0.05 -0.06 -0.07 -0.07 -0.07 -0.07 -0.07 -0.06 -0.05 -0.05 -0.04 -0.03 -0.01 -0.00 0.01 0.02
0.23 0.28 0.33 0.39 0.46 0.53 0.60 0.67 0.75 0.83 0.91 0.99 1.08 1.16 1.24 1.32 1.40 1.48 1.55 1.62 1.68 1.74 1.79 1.84 1.88 1.91 1.93 1.95 1.96 1.96 1.95 1.93 1.91 1.88 1.84 1.79 1.74 1.69 1.62 1.56 1.49 1.41 1.33 1.25 1.17 1.09 1.01 0.93 0.85 0.77 0.70 0.62 0.55 0.48 0.42 0.36 0.30 0.24 0.20 0.15 0.11 0.07 0.04 0.01 -0.01 -0.03 -0.05 -0.06 -0.07 -0.07 -0.08 -0.08 -0.08 -0.07 -0.07 -0.06 -0.05 -0.04 -0.03 -0.02 -0.01 0.00 0.01
0.22 0.27 0.32 0.38 0.45 0.52 0.59 0.66 0.74 0.82 0.90 0.98 1.07 1.15 1.24 1.32 1.40 1.48 1.55 1.62 1.69 1.75 1.80 1.85 1.89 1.92 1.95 1.97 1.98 1.98 1.97 1.96 1.94 1.91 1.87 1.83 1.77 1.72 1.66 1.59 1.52 1.44 1.37 1.29 1.21 1.12 1.04 0.96 0.88 0.80 0.72 0.64 0.57 0.50 0.43 0.37 0.31 0.26 0.20 0.16 0.12 0.08 0.04 0.01 -0.01 -0.03 -0.05 -0.06 -0.07 -0.08 -0.08 -0.09 -0.08 -0.08 -0.08 -0.07 -0.06 -0.05 -0.04 -0.03 -0.02 -0.00 0.01
0.21 0.26 0.31 0.37 0.44 0.50 0.57 0.65 0.73 0.81 0.89 0.97 1.06 1.14 1.23 1.31 1.39 1.47 1.55 1.62 1.69 1.75 1.80 1.85 1.90 1.93 1.96 1.98 1.99 2.00 1.99 1.98 1.96 1.93 1.90 1.85 1.81 1.75 1.69 1.62 1.55 1.48 1.40 1.32 1.24 1.16 1.07 0.99 0.91 0.82 0.74 0.67 0.59 0.52 0.45 0.38 0.32 0.27 0.21 0.17 0.12 0.08 0.05 0.02 -0.01 -0.03 -0.05 -0.07 -0.08 -0.09 -0.09 -0.09 -0.09 -0.09 -0.08 -0.08 -0.07 -0.06 -0.05 -0.04 -0.02 -0.01 0.00
0.20 0.24 0.30 0.36 0.42 0.49 0.56 0.63 0.71 0.79 0.87 0.96 1.04 1.13 1.21 1.30 1.38 1.46 1.54 1.61 1.68 1.74 1.80 1.85 1.90 1.94 1.97 1.99 2.01 2.01 2.01 2.00 1.98 1.96 1.92 1.88 1.84 1.78 1.72 1.66 1.59 1.51 1.44 1.36 1.27 1.19 1.11 1.02 0.94 0.85 0.77 0.69 0.61 0.54 0.47 0.40 0.34 0.28 0.22 0.17 0.13 0.09 0.05 0.02 -0.01 -0.04 -0.06 -0.07 -0.08 -0.09 -0.10 -0.10 -0.10 -0.10 -0.09 -0.09 -0.08 -0.07 -0.06 -0.04 -0.03 -0.02 -0.00
0.18 0.23 0.28 0.34 0.40 0.47 0.54 0.61 0.69 0.77 0.85 0.94 1.02 1.11 1.19 1.28 1.36 1.44 1.52 1.60 1.67 1.74 1.80 1.85 1.90 1.94 1.97 2.00 2.02 2.03 2.03 2.02 2.01 1.98 1.95 1.91 1.87 1.81 1.76 1.69 1.62 1.55 1.47 1.39 1.31 1.23 1.14 1.05 0.97 0.88 0.80 0.72 0.64 0.56 0.49 0.42 0.35 0.29 0.24 0.18 0.13 0.09 0.05 0.02 -0.01 -0.04 -0.06 -0.08 -0.09 -0.10 -0.11 -0.11 -0.11 -0.11 -0.10 -0.09 -0.09 -0.08 -0.06 -0.05 -0.04 -0.03 -0.01
0.17 0.21 0.27 0.32 0.38 0.45 0.52 0.59 0.67 0.75 0.83 0.91 1.00 1.08 1.17 1.26 1.34 1.43 1.51 1.58 1.66 1.73 1.79 1.85 1.90 1.94 1.98 2.01 2.03 2.04 2.04 2.04 2.03 2.01 1.98 1.94 1.90 1.85 1.79 1.73 1.66 1.59 1.51 1.43 1.35 1.26 1.18 1.09 1.00 0.92 0.83 0.75 0.67 0.59 0.51 0.44 0.37 0.31 0.25 0.19 0.14 0.10 0.06 0.02 -0.01 -0.04 -0.06 -0.08 -0.09 -0.11 -0.11 -0.12 -0.12 -0.11 -0.11 -0.10 -0.10 -0.09 -0.07 -0.06 -0.05 -0.03 -0.02
0.15 0.19 0.25 0.30 0.36 0.42 0.49 0.57 0.64 0.72 0.80 0.89 0.97 1.06 1.15 1.23 1.32 1.40 1.49 1.57 1.64 1.71 1.78 1.84 1.89 1.94 1.98 2.01 2.03 2.05 2.06 2.06 2.05 2.03 2.01 1.97 1.93 1.88 1.83 1.77 1.70 1.63 1.55 1.47 1.39 1.30 1.22 1.13 1.04 0.95 0.87 0.78 0.70 0.62 0.54 0.46 0.39 0.33 0.26 0.21 0.15 0.10 0.06 0.02 -0.01 -0.04 -0.06 -0.08 -0.10 -0.11 -0.12 -0.12 -0.13 -0.12 -0.12 -0.11 -0.11 -0.10 -0.08 -0.07 -0.06 -0.04 -0.03
0.13 0.17 0.22 0.28 0.34 0.40 0.47 0.54 0.61 0.69 0.77 0.86 0.94 1.03 1.12 1.20 1.29 1.38 1.46 1.54 1.62 1.70 1.76 1.83 1.88 1.93 1.98 2.01 2.04 2.06 2.07 2.08 2.07 2.06 2.03 2.00 1.97 1.92 1.87 1.81 1.74 1.67 1.60 1.52 1.43 1.35 1.26 1.17 1.08 0.99 0.90 0.82 0.73 0.65 0.57 0.49 0.42 0.35 0.28 0.22 0.16 0.11 0.07 0.03 -0.01 -0.04 -0.07 -0.09 -0.11 -0.12 -0.13 -0.13 -0.14 -0.13 -0.13 -0.12 -0.12 -0.11 -0.09 -0.08 -0.07 -0.05 -0.04
0.11 0.15 0.20 0.25 0.31 0.37 0.44 0.51 0.58 0.66 0.74 0.82 0.91 1.00 1.09 1.17 1.26 1.35 1.44 1.52 1.60 1.68 1.75 1.81 1.88 1.93 1.98 2.02 2.05 2.07 2.09 2.09 2.09 2.08 2.06 2.04 2.00 1.96 1.91 1.85 1.79 1.72 1.64 1.57 1.48 1.40 1.31 1.22 1.13 1.04 0.95 0.85 0.77 0.68 0.60 0.52 0.44 0.37 0.30 0.24 0.18 0.12 0.07 0.03 -0.01 -0.04 -0.07 -0.09 -0.11 -0.13 -0.14 -0.14 -0.14 -0.14 -0.14 -0.14 -0.13 -0.12 -0.10 -0.09 -0.08 -0.06 -0.05
0.09 0.13 0.18 0.23 0.28 0.34 0.41 0.48 0.55 0.63 0.71 0.79 0.88 0.96 1.05 1.14 1.23 1.32 1.41 1.49 1.58 1.66 1.73 1.80 1.87 1.92 1.98 2.02 2.06 2.08 2.10 2.12 2.12 2.11 2.10 2.07 2.04 2.00 1.95 1.90 1.84 1.77 1.70 1.62 1.54 1.45 1.36 1.27 1.18 1.08 0.99 0.90 0.81 0.72 0.63 0.55 0.47 0.39 0.32 0.25 0.19 0.13 0.08 0.04 -0.00 -0.04 -0.07 -0.10 -0.12 -0.13 -0.14 -0.15 -0.15 -0.15 -0.15 -0.15 -0.14 -0.13 -0.12 -0.10 -0.09 -0.07 -0.06
0.07 0.11 0.15 0.20 0.25 0.31 0.37 0.44 0.51 0.59 0.67 0.75 0.84 0.93 1.02 1.11 1.20 1.29 1.38 1.47 1.55 1.64 1.71 1.79 1.86 1.92 1.97 2.02 2.06 2.10 2.12 2.14 2.14 2.14 2.13 2.11 2.08 2.05 2.00 1.95 1.89 1.82 1.75 1.67 1.59 1.51 1.42 1.32 1.23 1.13 1.04 0.94 0.85 0.76 0.67 0.58 0.50 0.42 0.34 0.27 0.21 0.15 0.09 0.04 0.00 -0.04 -0.07 -0.10 -0.12 -0.14 -0.15 -0.16 -0.16 -0.17 -0.16 -0.16 -0.15 -0.14 -0.13 -0.11 -0.10 -0.08 -0.07
0.04 0.08 0.12 0.17 0.22 0.28 0.34 0.41 0.48 0.55 0.63 0.72 0.80 0.89 0.98 1.07 1.16 1.26 1.35 1.44 1.53 1.61 1.70 1.77 1.85 1.91 1.97 2.03 2.07 2.11 2.14 2.16 2.17 2.18 2.17 2.16 2.13 2.10 2.06 2.01 1.95 1.88 1.81 1.74 1.65 1.57 1.48 1.38 1.29 1.19 1.09 0.99 0.90 0.80 0.71 0.62 0.53 0.45 0.37 0.29 0.23 0.16 0.10 0.05 0.01 -0.04 -0.07 -0.10 -0.12 -0.14 -0.16 -0.17 -0.17 -0.18 -0.17 -0.17 -0.16 -0.15 -0.14 -0.13 -0.11 -0.10 -0.08
0.02 0.06 0.10 0.14 0.19 0.25 0.31 0.37 0.44 0.51 0.59 0.68 0.76 0.85 0.94 1.04 1.13 1.22 1.32 1.41 1.50 1.59 1.68 1.76 1.84 1.91 1.98 2.04 2.09 2.13 2.16 2.19 2.21 2.22 2.21 2.20 2.18 2.15 2.11 2.07 2.01 1.95 1.88 1.80 1.72 1.63 1.54 1.45 1.35 1.25 1.15 1.05 0.95 0.85 0.75 0.66 0.57 0.48 0.40 0.32 0.25 0.18 0.12 0.06 0.01 -0.03 -0.07 -0.10 -0.13 -0.15 -0.17 -0.18 -0.18 -0.19 -0.19 -0.18 -0.17 -0.16 -0.15 -0.14 -0.12 -0.11 -0.09
