speedsAfterKrig/output_residuos_70_2010.asc
NCOLS          173       
NROWS          329       
XLLCENTER      510425.00 
YLLCENTER      8547775.00
DX             50.00     
DY             50.00     
NODATA_VALUE   -999.00   
[rows 228 to 265 of 329, columns 84 to 167 of 173]
0.21 0.21 0.21 0.22 0.22 0.22 0.22 0.22 0.22 0.22 0.22 0.22 0.22 0.22 0.22 0.22 0.22 0.22 0.22 0.22 0.22 0.22 0.22 0.22 0.22 0.22 0.22 0.22 0.22 0.22 0.22 0.22 0.22 0.22 0.22 0.22 0.22 0.22 0.22 0.22 0.22 0.22 0.22 0.22 0.22 0.22 0.22 0.22 0.22 0.22 0.22 0.21 0.21 0.21 0.20 0.20 0.20 0.19 0.19 0.18 0.18 0.18 0.18 0.18 0.19 0.19 0.20 0.20 0.20 0.21 0.21 0.21 0.22 0.22 0.22 0.22 0.22 0.22 0.22 0.22 0.22 0.22 0.22 0.22
0.21 0.21 0.21 0.21 0.22 0.22 0.22 0.22 0.22 0.22 0.22 0.22 0.22 0.22 0.22 0.22 0.22 0.22 0.22 0.22 0.22 0.22 0.22 0.22 0.22 0.22 0.22 0.22 0.22 0.22 0.22 0.22 0.22 0.22 0.22 0.22 0.22 0.22 0.22 0.22 0.22 0.22 0.22 0.22 0.22 0.22 0.22 0.22 0.22 0.22 0.22 0.22 0.21 0.21 0.21 0.20 0.20 0.20 0.19 0.19 0.19 0.19 0.19 0.19 0.19 0.20 0.20 0.21 0.21 0.21 0.21 0.22 0.22 0.22 0.22 0.22 0.22 0.22 0.22 0.22 0.22 0.22 0.22 0.22
0.20 0.21 0.21 0.21 0.21 0.22 0.22 0.22 0.22 0.22 0.22 0.22 0.22 0.22 0.22 0.22 0.22 0.22 0.22 0.22 0.22 0.22 0.22 0.22 0.22 0.22 0.22 0.22 0.22 0.22 0.22 0.22 0.22 0.22 0.22 0.22 0.22 0.22 0.22 0.22 0.22 0.22 0.22 0.22 0.22 0.22 0.22 0.22 0.22 0.22 0.22 0.22 0.22 0.21 0.21 0.21 0.21 0.20 0.20 0.20 0.20 0.20 0.20 0.20 0.20 0.20 0.21 0.21 0.21 0.21 0.22 0.22 0.22 0.22 0.22 0.22 0.22 0.22 0.22 0.22 0.22 0.22 0.22 0.22
0.19 0.20 0.21 0.21 0.21 0.22 0.22 0.22 0.22 0.22 0.22 0.22 0.22 0.22 0.22 0.22 0.22 0.22 0.22 0.22 0.22 0.22 0.22 0.22 0.22 0.22 0.22 0.22 0.22 0.22 0.22 0.22 0.22 0.22 0.22 0.22 0.22 0.22 0.22 0.22 0.22 0.22 0.22 0.22 0.22 0.22 0.22 0.22 0.22 0.22 0.22 0.22 0.22 0.21 0.21 0.21 0.21 0.21 0.20 0.20 0.20 0.20 0.20 0.20 0.21 0.21 0.21 0.21 0.21 0.22 0.22 0.22 0.22 0.22 0.22 0.22 0.22 0.22 0.22 0.22 0.22 0.22 0.22 0.22
0.19 0.19 0.20 0.21 0.21 0.21 0.22 0.22 0.22 0.22 0.22 0.22 0.22 0.22 0.22 0.22 0.22 0.22 0.22 0.22 0.22 0.22 0.22 0.22 0.22 0.22 0.22 0.22 0.22 0.22 0.22 0.22 0.22 0.22 0.22 0.22 0.22 0.22 0.22 0.22 0.22 0.22 0.22 0.22 0.22 0.22 0.22 0.22 0.22 0.22 0.22 0.22 0.22 0.21 0.21 0.21 0.21 0.21 0.20 0.20 0.20 0.20 0.20 0.20 0.21 0.21 0.21 0.21 0.21 0.22 0.22 0.22 0.22 0.22 0.22 0.22 0.22 0.22 0.22 0.22 0.22 0.22 0.22 0.22
0.18 0.19 0.20 0.20 0.21 0.21 0.22 0.22 0.22 0.22 0.22 0.22 0.22 0.22 0.22 0.22 0.22 0.22 0.22 0.22 0.22 0.22 0.23 0.23 0.23 0.23 0.23 0.23 0.23 0.22 0.22 0.22 0.22 0.22 0.22 0.22 0.22 0.22 0.22 0.22 0.22 0.22 0.22 0.22 0.22 0.22 0.22 0.22 0.22 0.22 0.22 0.22 0.22 0.21 0.21 0.21 0.21 0.21 0.20 0.20 0.20 0.20 0.20 0.20 0.21 0.21 0.21 0.21 0.21 0.22 0.22 0.22 0.22 0.22 0.22 0.22 0.22 0.22 0.22 0.22 0.22 0.22 0.22 0.22
0.17 0.18 0.19 0.20 0.21 0.21 0.21 0.22 0.22 0.22 0.22 0.22 0.22 0.22 0.22 0.22 0.22 0.22 0.22 0.23 0.23 0.23 0.23 0.23 0.23 0.23 0.23 0.23 0.23 0.23 0.23 0.23 0.22 0.22 0.22 0.22 0.22 0.22 0.22 0.22 0.22 0.22 0.22 0.22 0.22 0.22 0.22 0.22 0.22 0.22 0.22 0.22 0.21 0.21 0.21 0.21 0.20 0.20 0.20 0.20 0.20 0.20 0.20 0.20 0.20 0.21 0.21 0.21 0.21 0.22 0.22 0.22 0.22 0.22 0.22 0.22 0.22 0.22 0.22 0.22 0.22 0.22 0.22 0.22
0.16 0.18 0.19 0.20 0.20 0.21 0.21 0.22 0.22 0.22 0.22 0.22 0.22 0.22 0.22 0.22 0.22 0.23 0.23 0.23 0.23 0.23 0.24 0.24 0.24 0.24 0.24 0.24 0.24 0.23 0.23 0.23 0.23 0.23 0.22 0.22 0.22 0.22 0.22 0.22 0.22 0.22 0.22 0.22 0.22 0.22 0.22 0.22 0.22 0.22 0.22 0.21 0.21 0.21 0.21 0.20 0.20 0.19 0.19 0.19 0.19 0.19 0.19 0.19 0.20 0.20 0.20 0.21 0.21 0.21 0.22 0.22 0.22 0.22 0.22 0.22 0.22 0.22 0.22 0.22 0.22 0.22 0.22 0.22
0.16 0.17 0.18 0.19 0.20 0.21 0.21 0.22 0.22 0.22 0.22 0.22 0.22 0.22 0.22 0.23 0.23 0.23 0.23 0.24 0.24 0.24 0.25 0.25 0.25 0.25 0.25 0.25 0.25 0.24 0.24 0.24 0.23 0.23 0.23 0.23 0.22 0.22 0.22 0.22 0.22 0.22 0.22 0.22 0.22 0.22 0.22 0.22 0.22 0.22 0.21 0.21 0.21 0.20 0.20 0.20 0.19 0.19 0.18 0.18 0.18 0.18 0.18 0.19 0.19 0.20 0.20 0.20 0.21 0.21 0.21 0.22 0.22 0.22 0.22 0.22 0.22 0.22 0.22 0.22 0.22 0.22 0.22 0.22
0.16 0.17 0.18 0.19 0.20 0.21 0.21 0.22 0.22 0.22 0.22 0.22 0.22 0.22 0.23 0.23 0.23 0.24 0.24 0.25 0.25 0.26 0.26 0.27 0.27 0.27 0.27 0.27 0.27 0.26 0.25 0.25 0.24 0.24 0.23 0.23 0.23 0.22 0.22 0.22 0.22 0.22 0.22 0.22 0.22 0.22 0.22 0.22 0.22 0.22 0.21 0.21 0.20 0.20 0.19 0.19 0.18 0.18 0.17 0.17 0.17 0.17 0.17 0.18 0.18 0.19 0.19 0.20 0.20 0.21 0.21 0.22 0.22 0.22 0.22 0.22 0.22 0.22 0.22 0.22 0.22 0.22 0.22 0.22
0.15 0.17 0.18 0.19 0.20 0.21 0.21 0.22 0.22 0.22 0.22 0.22 0.22 0.23 0.23 0.23 0.24 0.25 0.25 0.26 0.27 0.28 0.29 0.30 0.30 0.31 0.30 0.30 0.29 0.29 0.28 0.27 0.26 0.25 0.24 0.23 0.23 0.23 0.22 0.22 0.22 0.22 0.22 0.22 0.22 0.22 0.22 0.22 0.22 0.21 0.21 0.21 0.20 0.19 0.19 0.18 0.17 0.16 0.16 0.16 0.15 0.16 0.16 0.16 0.17 0.18 0.19 0.19 0.20 0.21 0.21 0.21 0.22 0.22 0.22 0.22 0.22 0.22 0.22 0.22 0.22 0.22 0.22 0.22
0.15 0.17 0.18 0.19 0.20 0.21 0.21 0.22 0.22 0.22 0.22 0.22 0.23 0.23 0.23 0.24 0.25 0.26 0.27 0.29 0.30 0.32 0.33 0.34 0.35 0.36 0.35 0.35 0.34 0.32 0.31 0.29 0.28 0.26 0.25 0.24 0.24 0.23 0.23 0.22 0.22 0.22 0.22 0.22 0.22 0.22 0.22 0.22 0.22 0.21 0.21 0.20 0.20 0.19 0.18 0.17 0.16 0.15 0.14 0.14 0.14 0.14 0.14 0.15 0.16 0.17 0.18 0.19 0.20 0.20 0.21 0.21 0.22 0.22 0.22 0.22 0.22 0.22 0.22 0.22 0.22 0.22 0.22 0.22
0.15 0.17 0.18 0.19 0.20 0.21 0.21 0.22 0.22 0.22 0.22 0.23 0.23 0.23 0.24 0.25 0.26 0.28 0.30 0.32 0.35 0.37 0.39 0.41 0.42 0.42 0.42 0.41 0.40 0.38 0.35 0.33 0.31 0.29 0.27 0.25 0.24 0.24 0.23 0.23 0.22 0.22 0.22 0.22 0.22 0.22 0.22 0.22 0.21 0.21 0.21 0.20 0.19 0.18 0.17 0.16 0.15 0.14 0.13 0.13 0.12 0.13 0.13 0.14 0.15 0.16 0.17 0.18 0.19 0.20 0.21 0.21 0.21 0.22 0.22 0.22 0.22 0.22 0.22 0.22 0.22 0.22 0.22 0.22
0.16 0.17 0.18 0.19 0.20 0.21 0.21 0.22 0.22 0.22 0.22 0.23 0.23 0.24 0.25 0.27 0.28 0.31 0.34 0.37 0.40 0.44 0.47 0.49 0.51 0.52 0.52 0.50 0.48 0.45 0.41 0.38 0.35 0.32 0.29 0.27 0.25 0.24 0.23 0.23 0.23 0.22 0.22 0.22 0.22 0.22 0.22 0.22 0.21 0.21 0.20 0.20 0.19 0.18 0.16 0.15 0.14 0.13 0.12 0.11 0.11 0.11 0.12 0.13 0.14 0.15 0.16 0.18 0.19 0.20 0.20 0.21 0.21 0.22 0.22 0.22 0.22 0.22 0.22 0.22 0.22 0.22 0.22 0.22
0.16 0.17 0.18 0.19 0.20 0.21 0.21 0.22 0.22 0.22 0.23 0.23 0.24 0.25 0.26 0.28 0.31 0.34 0.38 0.43 0.48 0.53 0.57 0.61 0.63 0.64 0.64 0.62 0.58 0.54 0.49 0.44 0.40 0.36 0.32 0.29 0.27 0.25 0.24 0.23 0.23 0.22 0.22 0.22 0.22 0.22 0.22 0.22 0.21 0.21 0.20 0.19 0.18 0.17 0.16 0.15 0.13 0.12 0.11 0.10 0.10 0.10 0.11 0.12 0.13 0.15 0.16 0.17 0.18 0.19 0.20 0.21 0.21 0.22 0.22 0.22 0.22 0.22 0.22 0.22 0.22 0.22 0.22 0.22
0.16 0.17 0.18 0.19 0.20 0.21 0.21 0.22 0.22 0.22 0.23 0.23 0.24 0.26 0.28 0.31 0.34 0.39 0.44 0.50 0.57 0.64 0.70 0.75 0.78 0.79 0.78 0.76 0.71 0.66 0.59 0.52 0.46 0.40 0.35 0.32 0.29 0.26 0.25 0.24 0.23 0.23 0.22 0.22 0.22 0.22 0.22 0.22 0.21 0.21 0.20 0.19 0.18 0.17 0.16 0.14 0.13 0.11 0.10 0.10 0.09 0.10 0.10 0.11 0.13 0.14 0.16 0.17 0.18 0.19 0.20 0.21 0.21 0.22 0.22 0.22 0.22 0.22 0.22 0.22 0.22 0.22 0.22 0.22
0.16 0.17 0.18 0.19 0.20 0.21 0.21 0.22 0.22 0.22 0.23 0.24 0.25 0.27 0.30 0.33 0.38 0.44 0.51 0.59 0.68 0.76 0.84 0.91 0.95 0.97 0.96 0.92 0.86 0.79 0.70 0.62 0.53 0.46 0.40 0.34 0.31 0.28 0.26 0.24 0.23 0.23 0.22 0.22 0.22 0.22 0.22 0.22 0.21 0.21 0.20 0.19 0.18 0.17 0.15 0.14 0.12 0.11 0.10 0.09 0.09 0.09 0.10 0.11 0.12 0.14 0.15 0.17 0.18 0.19 0.20 0.21 0.21 0.22 0.22 0.22 0.22 0.22 0.22 0.22 0.22 0.22 0.22 0.22
0.16 0.17 0.18 0.19 0.20 0.20 0.21 0.21 0.22 0.22 0.23 0.24 0.26 0.28 0.31 0.36 0.42 0.50 0.59 0.69 0.80 0.91 1.01 1.09 1.14 1.16 1.15 1.11 1.03 0.94 0.83 0.72 0.62 0.52 0.44 0.38 0.33 0.29 0.27 0.25 0.24 0.23 0.23 0.22 0.22 0.22 0.22 0.22 0.21 0.21 0.20 0.19 0.18 0.17 0.16 0.14 0.13 0.11 0.10 0.10 0.09 0.10 0.10 0.11 0.13 0.14 0.16 0.17 0.18 0.19 0.20 0.21 0.21 0.22 0.22 0.22 0.22 0.22 0.22 0.22 0.22 0.22 0.22 0.22
0.16 0.17 0.18 0.19 0.19 0.20 0.21 0.21 0.22 0.23 0.23 0.25 0.27 0.29 0.34 0.39 0.46 0.56 0.67 0.79 0.92 1.06 1.18 1.27 1.34 1.37 1.35 1.30 1.21 1.09 0.96 0.83 0.70 0.59 0.49 0.41 0.35 0.31 0.27 0.25 0.24 0.23 0.23 0.22 0.22 0.22 0.22 0.22 0.21 0.21 0.20 0.19 0.18 0.17 0.16 0.15 0.13 0.12 0.11 0.10 0.10 0.10 0.11 0.12 0.13 0.15 0.16 0.17 0.18 0.19 0.20 0.21 0.21 0.22 0.22 0.22 0.22 0.22 0.22 0.22 0.22 0.22 0.22 0.22
0.15 0.16 0.17 0.18 0.19 0.20 0.21 0.21 0.22 0.23 0.24 0.25 0.27 0.31 0.35 0.42 0.51 0.61 0.74 0.89 1.04 1.20 1.34 1.46 1.53 1.57 1.55 1.48 1.38 1.24 1.09 0.93 0.78 0.65 0.54 0.44 0.37 0.32 0.28 0.26 0.24 0.23 0.23 0.22 0.22 0.22 0.22 0.22 0.21 0.21 0.20 0.20 0.19 0.18 0.16 0.15 0.14 0.13 0.12 0.11 0.11 0.11 0.12 0.13 0.14 0.15 0.16 0.18 0.19 0.20 0.20 0.21 0.21 0.22 0.22 0.22 0.22 0.22 0.22 0.22 0.22 0.22 0.22 0.22
0.14 0.15 0.16 0.17 0.19 0.19 0.20 0.21 0.22 0.23 0.24 0.26 0.28 0.32 0.37 0.45 0.54 0.66 0.81 0.97 1.15 1.32 1.48 1.61 1.70 1.74 1.72 1.65 1.53 1.37 1.20 1.03 0.86 0.71 0.58 0.47 0.39 0.33 0.29 0.26 0.25 0.24 0.23 0.22 0.22 0.22 0.22 0.22 0.21 0.21 0.21 0.20 0.19 0.18 0.17 0.16 0.15 0.14 0.13 0.13 0.12 0.13 0.13 0.14 0.15 0.16 0.17 0.18 0.19 0.20 0.21 0.21 0.21 0.22 0.22 0.22 0.22 0.22 0.22 0.22 0.22 0.22 0.22 0.22
0.13 0.14 0.16 0.17 0.18 0.19 0.20 0.21 0.22 0.23 0.24 0.26 0.29 0.33 0.39 0.47 0.57 0.70 0.86 1.04 1.23 1.42 1.60 1.74 1.83 1.87 1.85 1.77 1.64 1.48 1.29 1.10 0.91 0.75 0.61 0.49 0.41 0.34 0.30 0.27 0.25 0.24 0.23 0.23 0.22 0.22 0.22 0.22 0.22 0.21 0.21 0.20 0.20 0.19 0.18 0.17 0.16 0.15 0.15 0.14 0.14 0.14 0.15 0.15 0.16 0.17 0.18 0.19 0.20 0.20 0.21 0.21 0.22 0.22 0.22 0.22 0.22 0.22 0.22 0.22 0.22 0.22 0.22 0.22
0.12 0.14 0.15 0.16 0.18 0.19 0.20 0.21 0.22 0.23 0.24 0.26 0.29 0.33 0.39 0.48 0.59 0.73 0.89 1.08 1.28 1.48 1.66 1.81 1.91 1.95 1.93 1.85 1.71 1.54 1.34 1.14 0.95 0.77 0.63 0.51 0.42 0.35 0.30 0.27 0.25 0.24 0.23 0.23 0.22 0.22 0.22 0.22 0.22 0.21 0.21 0.21 0.20 0.19 0.19 0.18 0.17 0.16 0.16 0.16 0.15 0.16 0.16 0.16 0.17 0.18 0.19 0.19 0.20 0.21 0.21 0.21 0.22 0.22 0.22 0.22 0.22 0.22 0.22 0.22 0.22 0.22 0.22 0.22
0.12 0.13 0.14 0.16 0.17 0.18 0.20 0.21 0.22 0.23 0.24 0.26 0.29 0.33 0.39 0.48 0.59 0.73 0.90 1.09 1.29 1.49 1.68 1.83 1.93 1.97 1.95 1.86 1.73 1.55 1.35 1.15 0.95 0.78 0.63 0.51 0.42 0.35 0.30 0.27 0.25 0.24 0.23 0.23 0.22 0.22 0.22 0.22 0.22 0.22 0.21 0.21 0.20 0.20 0.19 0.19 0.18 0.18 0.17 0.17 0.17 0.17 0.17 0.18 0.18 0.19 0.19 0.20 0.20 0.21 0.21 0.22 0.22 0.22 0.22 0.22 0.22 0.22 0.22 0.22 0.22 0.22 0.22 0.22
0.11 0.13 0.14 0.16 0.17 0.18 0.19 0.20 0.21 0.23 0.24 0.26 0.29 0.33 0.39 0.47 0.58 0.72 0.88 1.07 1.26 1.46 1.64 1.78 1.88 1.92 1.90 1.82 1.69 1.51 1.32 1.12 0.93 0.76 0.62 0.50 0.41 0.35 0.30 0.27 0.25 0.24 0.23 0.23 0.22 0.22 0.22 0.22 0.22 0.22 0.21 0.21 0.21 0.20 0.20 0.20 0.19 0.19 0.18 0.18 0.18 0.18 0.18 0.19 0.19 0.20 0.20 0.20 0.21 0.21 0.21 0.22 0.22 0.22 0.22 0.22 0.22 0.22 0.22 0.22 0.22 0.22 0.22 0.22
0.11 0.12 0.14 0.15 0.17 0.18 0.19 0.20 0.21 0.22 0.24 0.26 0.28 0.32 0.38 0.46 0.56 0.69 0.84 1.01 1.20 1.38 1.55 1.69 1.78 1.82 1.80 1.72 1.59 1.43 1.25 1.07 0.89 0.73 0.59 0.49 0.40 0.34 0.30 0.27 0.25 0.24 0.23 0.23 0.22 0.22 0.22 0.22 0.22 0.22 0.22 0.21 0.21 0.21 0.21 0.20 0.20 0.20 0.19 0.19 0.19 0.19 0.19 0.20 0.20 0.20 0.21 0.21 0.21 0.21 0.22 0.22 0.22 0.22 0.22 0.22 0.22 0.22 0.22 0.22 0.22 0.22 0.22 0.22
0.11 0.13 0.14 0.16 0.17 0.18 0.19 0.20 0.21 0.22 0.24 0.25 0.28 0.31 0.36 0.43 0.53 0.64 0.78 0.94 1.10 1.27 1.42 1.55 1.63 1.66 1.64 1.57 1.46 1.32 1.15 0.99 0.83 0.68 0.56 0.46 0.38 0.33 0.29 0.26 0.25 0.23 0.23 0.22 0.22 0.22 0.22 0.22 0.22 0.22 0.22 0.22 0.21 0.21 0.21 0.21 0.21 0.20 0.20 0.20 0.20 0.20 0.20 0.20 0.21 0.21 0.21 0.21 0.21 0.22 0.22 0.22 0.22 0.22 0.22 0.22 0.22 0.22 0.22 0.22 0.22 0.22 0.22 0.22
0.12 0.13 0.15 0.16 0.17 0.18 0.20 0.20 0.21 0.22 0.23 0.25 0.27 0.30 0.35 0.41 0.49 0.59 0.71 0.84 0.99 1.13 1.27 1.37 1.45 1.48 1.46 1.40 1.30 1.18 1.03 0.89 0.75 0.62 0.52 0.43 0.36 0.31 0.28 0.26 0.24 0.23 0.23 0.22 0.22 0.22 0.22 0.22 0.22 0.22 0.22 0.22 0.22 0.22 0.21 0.21 0.21 0.21 0.21 0.21 0.21 0.21 0.21 0.21 0.21 0.21 0.21 0.22 0.22 0.22 0.22 0.22 0.22 0.22 0.22 0.22 0.22 0.22 0.22 0.22 0.22 0.22 0.22 0.22
0.13 0.14 0.15 0.16 0.18 0.19 0.20 0.21 0.21 0.22 0.23 0.24 0.26 0.29 0.33 0.38 0.44 0.53 0.63 0.74 0.87 0.99 1.10 1.19 1.25 1.27 1.26 1.21 1.13 1.02 0.90 0.78 0.66 0.56 0.47 0.40 0.34 0.30 0.27 0.25 0.24 0.23 0.23 0.22 0.22 0.22 0.22 0.22 0.22 0.22 0.22 0.22 0.22 0.22 0.22 0.22 0.21 0.21 0.21 0.21 0.21 0.21 0.21 0.21 0.21 0.21 0.22 0.22 0.22 0.22 0.22 0.22 0.22 0.22 0.22 0.22 0.22 0.22 0.22 0.22 0.22 0.22 0.22 0.22
0.14 0.15 0.16 0.17 0.18 0.19 0.20 0.21 0.21 0.22 0.23 0.24 0.25 0.28 0.31 0.35 0.40 0.47 0.55 0.64 0.74 0.84 0.93 1.00 1.05 1.07 1.06 1.02 0.95 0.87 0.77 0.67 0.58 0.49 0.42 0.36 0.32 0.28 0.26 0.25 0.24 0.23 0.23 0.22 0.22 0.22 0.22 0.22 0.22 0.22 0.22 0.22 0.22 0.22 0.22 0.22 0.22 0.22 0.21 0.21 0.21 0.21 0.21 0.21 0.22 0.22 0.22 0.22 0.22 0.22 0.22 0.22 0.22 0.22 0.22 0.22 0.22 0.22 0.22 0.22 0.22 0.22 0.22 0.22
0.15 0.16 0.17 0.18 0.19 0.20 0.20 0.21 0.22 0.22 0.23 0.24 0.25 0.26 0.29 0.32 0.36 0.41 0.48 0.55 0.63 0.70 0.77 0.83 0.87 0.89 0.88 0.84 0.79 0.73 0.65 0.57 0.50 0.43 0.38 0.33 0.30 0.27 0.25 0.24 0.23 0.23 0.22 0.22 0.22 0.22 0.22 0.22 0.22 0.22 0.22 0.22 0.22 0.22 0.22 0.22 0.22 0.22 0.22 0.22 0.22 0.22 0.22 0.22 0.22 0.22 0.22 0.22 0.22 0.22 0.22 0.22 0.22 0.22 0.22 0.22 0.22 0.22 0.22 0.22 0.22 0.22 0.22 0.22
0.16 0.17 0.18 0.19 0.19 0.20 0.21 0.21 0.22 0.22 0.23 0.23 0.24 0.25 0.27 0.29 0.33 0.37 0.41 0.47 0.53 0.58 0.64 0.68 0.71 0.72 0.71 0.69 0.65 0.60 0.54 0.49 0.43 0.38 0.34 0.30 0.28 0.26 0.24 0.24 0.23 0.23 0.22 0.22 0.22 0.22 0.22 0.22 0.22 0.22 0.22 0.22 0.22 0.22 0.22 0.22 0.22 0.22 0.22 0.22 0.22 0.22 0.22 0.22 0.22 0.22 0.22 0.22 0.22 0.22 0.22 0.22 0.22 0.22 0.22 0.22 0.22 0.22 0.22 0.22 0.22 0.22 0.22 0.22
0.18 0.18 0.19 0.19 0.20 0.21 0.21 0.21 0.22 0.22 0.22 0.23 0.24 0.24 0.26 0.27 0.30 0.33 0.36 0.40 0.44 0.48 0.52 0.55 0.57 0.58 0.58 0.56 0.53 0.50 0.45 0.41 0.37 0.34 0.31 0.28 0.26 0.25 0.24 0.23 0.23 0.22 0.22 0.22 0.22 0.22 0.22 0.22 0.22 0.22 0.22 0.22 0.22 0.22 0.22 0.22 0.22 0.22 0.22 0.22 0.21 0.21 0.21 0.21 0.21 0.21 0.22 0.22 0.22 0.22 0.22 0.22 0.22 0.22 0.22 0.22 0.22 0.22 0.22 0.22 0.22 0.22 0.22 0.22
0.19 0.19 0.20 0.20 0.21 0.21 0.21 0.22 0.22 0.22 0.22 0.23 0.23 0.24 0.25 0.26 0.27 0.29 0.32 0.35 0.37 0.40 0.43 0.45 0.47 0.47 0.47 0.46 0.44 0.41 0.38 0.35 0.33 0.30 0.28 0.26 0.25 0.24 0.23 0.23 0.23 0.22 0.22 0.22 0.22 0.22 0.22 0.22 0.22 0.22 0.22 0.22 0.22 0.22 0.22 0.22 0.22 0.22 0.21 0.21 0.21 0.21 0.21 0.21 0.21 0.21 0.21 0.21 0.22 0.22 0.22 0.22 0.22 0.22 0.22 0.22 0.22 0.22 0.22 0.22 0.22 0.22 0.22 0.22
0.20 0.20 0.20 0.21 0.21 0.21 0.22 0.22 0.22 0.22 0.22 0.23 0.23 0.23 0.24 0.25 0.26 0.27 0.29 0.31 0.32 0.34 0.36 0.38 0.39 0.39 0.39 0.38 0.37 0.35 0.33 0.31 0.29 0.27 0.26 0.25 0.24 0.23 0.23 0.23 0.22 0.22 0.22 0.22 0.22 0.22 0.22 0.22 0.22 0.22 0.22 0.22 0.22 0.22 0.22 0.22 0.22 0.21 0.21 0.21 0.21 0.21 0.21 0.21 0.21 0.21 0.21 0.21 0.21 0.21 0.22 0.22 0.22 0.22 0.22 0.22 0.22 0.22 0.22 0.22 0.22 0.22 0.22 0.22
0.20 0.21 0.21 0.21 0.21 0.22 0.22 0.22 0.22 0.22 0.22 0.23 0.23 0.23 0.23 0.24 0.25 0.25 0.26 0.28 0.29 0.30 0.31 0.32 0.33 0.33 0.33 0.32 0.32 0.30 0.29 0.28 0.27 0.26 0.25 0.24 0.23 0.23 0.23 0.22 0.22 0.22 0.22 0.22 0.22 0.22 0.22 0.22 0.22 0.22 0.22 0.22 0.22 0.22 0.22 0.21 0.21 0.21 0.21 0.21 0.20 0.20 0.20 0.20 0.20 0.20 0.20 0.21 0.21 0.21 0.21 0.21 0.22 0.22 0.22 0.22 0.22 0.22 0.22 0.22 0.22 0.22 0.22 0.22
0.21 0.21 0.21 0.21 0.22 0.22 0.22 0.22 0.22 0.22 0.22 0.23 0.23 0.23 0.23 0.23 0.24 0.24 0.25 0.26 0.26 0.27 0.28 0.28 0.29 0.29 0.29 0.29 0.28 0.27 0.27 0.26 0.25 0.24 0.24 0.23 0.23 0.23 0.22 0.22 0.22 0.22 0.22 0.22 0.22 0.22 0.22 0.22 0.22 0.22 0.22 0.22 0.22 0.22 0.21 0.21 0.21 0.21 0.20 0.20 0.20 0.19 0.19 0.19 0.19 0.19 0.20 0.20 0.20 0.21 0.21 0.21 0.21 0.22 0.22 0.22 0.22 0.22 0.22 0.22 0.22 0.22 0.22 0.22
0.21 0.22 0.22 0.22 0.22 0.22 0.22 0.22 0.23 0.23 0.23 0.23 0.23 0.23 0.23 0.23 0.23 0.24 0.24 0.24 0.25 0.25 0.26 0.26 0.26 0.26 0.26 0.26 0.26 0.25 0.25 0.24 0.24 0.23 0.23 0.23 0.23 0.22 0.22 0.22 0.22 0.22 0.22 0.22 0.22 0.22 0.22 0.22 0.22 0.22 0.22 0.22 0.22 0.21 0.21 0.21 0.20 0.20 0.20 0.19 0.19 0.18 0.18 0.18 0.18 0.18 0.19 0.19 0.20 0.20 0.20 0.21 0.21 0.21 0.22 0.22 0.22 0.22 0.22 0.22 0.22 0.22 0.22 0.22
