speedsAfterKrig/output_residuos_43_2008.asc
NCOLS          173       
NROWS          329       
XLLCENTER      510425.00 
YLLCENTER      8547775.00
DX             50.00     
DY             50.00     
NODATA_VALUE   -999.00   
[rows 190 to 227 of 329, columns 84 to 167 of 173]
0.57 0.60 0.63 0.66 0.69 0.72 0.76 0.80 0.83 0.87 0.90 0.94 0.97 1.01 1.04 1.07 1.09 1.12 1.14 1.15 1.16 1.17 1.17 1.16 1.15 1.14 1.12 1.10 1.07 1.04 1.01 0.97 0.93 0.89 0.85 0.80 0.76 0.71 0.67 0.62 0.58 0.54 0.50 0.46 0.42 0.39 0.35 0.32 0.29 0.27 0.24 0.22 0.20 0.18 0.16 0.15 0.14 0.13 0.12 0.11 0.11 0.11 0.10 0.10 0.10 0.10 0.10 0.10 0.10 0.10 0.10 0.10 0.10 0.11 0.11 0.11 0.11 0.11 0.12 0.12 0.13 0.13 0.14 0.15
0.58 0.61 0.64 0.68 0.71 0.75 0.79 0.83 0.86 0.90 0.94 0.98 1.02 1.06 1.09 1.12 1.15 1.17 1.19 1.21 1.22 1.23 1.23 1.22 1.21 1.20 1.18 1.16 1.13 1.09 1.06 1.02 0.98 0.93 0.89 0.84 0.79 0.75 0.70 0.65 0.61 0.56 0.52 0.48 0.44 0.40 0.37 0.34 0.31 0.28 0.25 0.23 0.21 0.19 0.17 0.16 0.14 0.13 0.12 0.12 0.11 0.11 0.10 0.10 0.10 0.10 0.10 0.10 0.10 0.10 0.10 0.10 0.10 0.10 0.10 0.10 0.10 0.11 0.11 0.11 0.12 0.12 0.13 0.14
0.59 0.63 0.66 0.70 0.74 0.77 0.81 0.86 0.90 0.94 0.98 1.02 1.06 1.10 1.14 1.17 1.20 1.23 1.25 1.27 1.28 1.29 1.29 1.29 1.28 1.26 1.24 1.21 1.18 1.15 1.11 1.07 1.02 0.98 0.93 0.88 0.83 0.78 0.73 0.68 0.63 0.59 0.54 0.50 0.46 0.42 0.39 0.35 0.32 0.29 0.26 0.24 0.22 0.20 0.18 0.16 0.15 0.14 0.13 0.12 0.11 0.11 0.10 0.10 0.10 0.09 0.09 0.09 0.09 0.09 0.09 0.09 0.09 0.09 0.09 0.10 0.10 0.10 0.10 0.11 0.11 0.12 0.12 0.13
0.61 0.64 0.68 0.72 0.76 0.80 0.84 0.89 0.93 0.98 1.02 1.07 1.11 1.15 1.19 1.23 1.26 1.29 1.31 1.33 1.34 1.35 1.35 1.35 1.34 1.32 1.30 1.27 1.24 1.20 1.16 1.12 1.07 1.02 0.97 0.92 0.87 0.81 0.76 0.71 0.66 0.61 0.57 0.52 0.48 0.44 0.40 0.37 0.33 0.30 0.28 0.25 0.23 0.21 0.19 0.17 0.16 0.14 0.13 0.12 0.11 0.11 0.10 0.10 0.10 0.09 0.09 0.09 0.09 0.09 0.09 0.09 0.09 0.09 0.09 0.09 0.09 0.10 0.10 0.10 0.11 0.11 0.12 0.13
0.62 0.66 0.69 0.74 0.78 0.82 0.87 0.91 0.96 1.01 1.06 1.11 1.15 1.20 1.24 1.28 1.31 1.34 1.37 1.39 1.40 1.41 1.41 1.41 1.40 1.38 1.36 1.33 1.29 1.26 1.21 1.17 1.12 1.06 1.01 0.96 0.90 0.85 0.79 0.74 0.69 0.64 0.59 0.54 0.50 0.46 0.42 0.38 0.35 0.32 0.29 0.26 0.24 0.21 0.19 0.18 0.16 0.15 0.14 0.13 0.12 0.11 0.10 0.10 0.10 0.09 0.09 0.09 0.09 0.09 0.09 0.09 0.09 0.09 0.09 0.09 0.09 0.09 0.09 0.10 0.10 0.11 0.11 0.12
0.63 0.67 0.71 0.75 0.80 0.84 0.89 0.94 0.99 1.04 1.10 1.15 1.19 1.24 1.29 1.33 1.37 1.40 1.43 1.45 1.46 1.47 1.47 1.47 1.46 1.44 1.41 1.38 1.35 1.31 1.26 1.21 1.16 1.11 1.05 0.99 0.94 0.88 0.82 0.77 0.71 0.66 0.61 0.56 0.52 0.47 0.43 0.40 0.36 0.33 0.30 0.27 0.25 0.22 0.20 0.18 0.17 0.15 0.14 0.13 0.12 0.11 0.11 0.10 0.10 0.09 0.09 0.09 0.09 0.08 0.08 0.08 0.08 0.08 0.08 0.08 0.09 0.09 0.09 0.09 0.10 0.10 0.11 0.12
0.64 0.68 0.73 0.77 0.82 0.87 0.92 0.97 1.02 1.08 1.13 1.18 1.23 1.28 1.33 1.37 1.41 1.45 1.48 1.50 1.52 1.53 1.53 1.52 1.51 1.49 1.47 1.44 1.40 1.36 1.31 1.26 1.20 1.15 1.09 1.03 0.97 0.91 0.85 0.79 0.74 0.68 0.63 0.58 0.54 0.49 0.45 0.41 0.37 0.34 0.31 0.28 0.25 0.23 0.21 0.19 0.17 0.16 0.14 0.13 0.12 0.11 0.11 0.10 0.10 0.09 0.09 0.09 0.08 0.08 0.08 0.08 0.08 0.08 0.08 0.08 0.08 0.08 0.09 0.09 0.09 0.10 0.11 0.11
0.65 0.69 0.74 0.79 0.84 0.89 0.94 0.99 1.05 1.10 1.16 1.22 1.27 1.32 1.37 1.42 1.46 1.50 1.53 1.55 1.57 1.58 1.58 1.57 1.56 1.54 1.52 1.48 1.44 1.40 1.35 1.30 1.24 1.18 1.12 1.06 1.00 0.94 0.88 0.82 0.76 0.70 0.65 0.60 0.55 0.51 0.46 0.42 0.39 0.35 0.32 0.29 0.26 0.24 0.22 0.20 0.18 0.16 0.15 0.14 0.13 0.12 0.11 0.10 0.10 0.09 0.09 0.09 0.08 0.08 0.08 0.08 0.08 0.08 0.08 0.08 0.08 0.08 0.08 0.09 0.09 0.10 0.10 0.11
0.66 0.71 0.75 0.80 0.85 0.90 0.96 1.02 1.07 1.13 1.19 1.25 1.30 1.36 1.41 1.46 1.50 1.54 1.57 1.59 1.61 1.62 1.63 1.62 1.61 1.59 1.56 1.53 1.49 1.44 1.39 1.33 1.28 1.22 1.15 1.09 1.03 0.96 0.90 0.84 0.78 0.72 0.67 0.62 0.57 0.52 0.48 0.44 0.40 0.36 0.33 0.30 0.27 0.25 0.22 0.20 0.18 0.17 0.15 0.14 0.13 0.12 0.11 0.10 0.10 0.09 0.09 0.09 0.08 0.08 0.08 0.08 0.08 0.08 0.08 0.08 0.08 0.08 0.08 0.09 0.09 0.09 0.10 0.11
0.67 0.72 0.76 0.81 0.86 0.92 0.98 1.03 1.09 1.15 1.21 1.27 1.33 1.39 1.44 1.49 1.54 1.57 1.61 1.63 1.65 1.66 1.67 1.66 1.65 1.63 1.60 1.56 1.52 1.48 1.42 1.37 1.31 1.24 1.18 1.12 1.05 0.99 0.92 0.86 0.80 0.74 0.68 0.63 0.58 0.53 0.49 0.45 0.41 0.37 0.34 0.31 0.28 0.25 0.23 0.21 0.19 0.17 0.16 0.14 0.13 0.12 0.11 0.11 0.10 0.10 0.09 0.09 0.08 0.08 0.08 0.08 0.08 0.08 0.08 0.08 0.08 0.08 0.08 0.08 0.09 0.09 0.10 0.11
0.68 0.72 0.77 0.82 0.88 0.93 0.99 1.05 1.11 1.17 1.24 1.30 1.36 1.41 1.47 1.52 1.56 1.60 1.64 1.67 1.68 1.70 1.70 1.69 1.68 1.66 1.63 1.60 1.55 1.51 1.45 1.39 1.33 1.27 1.20 1.14 1.07 1.01 0.94 0.88 0.81 0.76 0.70 0.64 0.59 0.54 0.50 0.46 0.42 0.38 0.35 0.32 0.29 0.26 0.24 0.21 0.19 0.18 0.16 0.15 0.14 0.12 0.12 0.11 0.10 0.10 0.09 0.09 0.09 0.08 0.08 0.08 0.08 0.08 0.08 0.08 0.08 0.08 0.08 0.08 0.09 0.09 0.10 0.10
0.68 0.73 0.78 0.83 0.89 0.94 1.00 1.06 1.13 1.19 1.25 1.31 1.38 1.43 1.49 1.54 1.59 1.63 1.66 1.69 1.71 1.72 1.73 1.72 1.71 1.69 1.66 1.62 1.58 1.53 1.47 1.42 1.35 1.29 1.22 1.16 1.09 1.02 0.95 0.89 0.83 0.77 0.71 0.66 0.60 0.55 0.51 0.47 0.43 0.39 0.35 0.32 0.29 0.27 0.24 0.22 0.20 0.18 0.16 0.15 0.14 0.13 0.12 0.11 0.10 0.10 0.09 0.09 0.09 0.08 0.08 0.08 0.08 0.08 0.08 0.08 0.08 0.08 0.08 0.08 0.09 0.09 0.10 0.10
0.69 0.74 0.78 0.84 0.89 0.95 1.01 1.07 1.13 1.20 1.26 1.33 1.39 1.45 1.50 1.56 1.60 1.65 1.68 1.71 1.73 1.74 1.75 1.74 1.73 1.71 1.68 1.64 1.60 1.55 1.49 1.43 1.37 1.30 1.24 1.17 1.10 1.03 0.97 0.90 0.84 0.78 0.72 0.66 0.61 0.56 0.52 0.47 0.43 0.39 0.36 0.33 0.30 0.27 0.25 0.22 0.20 0.18 0.17 0.15 0.14 0.13 0.12 0.11 0.11 0.10 0.10 0.09 0.09 0.09 0.08 0.08 0.08 0.08 0.08 0.08 0.08 0.08 0.08 0.08 0.09 0.09 0.10 0.10
0.69 0.74 0.79 0.84 0.90 0.95 1.01 1.08 1.14 1.21 1.27 1.33 1.40 1.46 1.51 1.57 1.61 1.66 1.69 1.72 1.74 1.75 1.76 1.75 1.74 1.72 1.69 1.65 1.61 1.56 1.50 1.44 1.38 1.31 1.25 1.18 1.11 1.04 0.97 0.91 0.84 0.78 0.73 0.67 0.62 0.57 0.52 0.48 0.44 0.40 0.36 0.33 0.30 0.27 0.25 0.23 0.21 0.19 0.17 0.16 0.14 0.13 0.12 0.11 0.11 0.10 0.10 0.09 0.09 0.09 0.09 0.08 0.08 0.08 0.08 0.08 0.08 0.08 0.08 0.09 0.09 0.09 0.10 0.10
0.69 0.74 0.79 0.84 0.90 0.96 1.02 1.08 1.14 1.21 1.27 1.34 1.40 1.46 1.52 1.57 1.62 1.66 1.70 1.72 1.74 1.76 1.76 1.76 1.74 1.72 1.69 1.65 1.61 1.56 1.51 1.45 1.38 1.32 1.25 1.18 1.11 1.04 0.98 0.91 0.85 0.79 0.73 0.67 0.62 0.57 0.53 0.48 0.44 0.40 0.37 0.34 0.30 0.28 0.25 0.23 0.21 0.19 0.17 0.16 0.14 0.13 0.12 0.12 0.11 0.10 0.10 0.09 0.09 0.09 0.09 0.09 0.08 0.08 0.08 0.08 0.08 0.08 0.08 0.09 0.09 0.09 0.10 0.10
0.69 0.74 0.79 0.84 0.90 0.95 1.01 1.08 1.14 1.20 1.27 1.33 1.39 1.45 1.51 1.56 1.61 1.66 1.69 1.72 1.74 1.75 1.76 1.75 1.74 1.72 1.69 1.65 1.61 1.56 1.50 1.44 1.38 1.32 1.25 1.18 1.11 1.05 0.98 0.91 0.85 0.79 0.73 0.68 0.62 0.57 0.53 0.48 0.44 0.41 0.37 0.34 0.31 0.28 0.25 0.23 0.21 0.19 0.17 0.16 0.15 0.13 0.13 0.12 0.11 0.10 0.10 0.10 0.09 0.09 0.09 0.09 0.09 0.09 0.09 0.08 0.09 0.09 0.09 0.09 0.09 0.09 0.10 0.10
0.69 0.74 0.78 0.84 0.89 0.95 1.01 1.07 1.13 1.20 1.26 1.32 1.39 1.44 1.50 1.55 1.60 1.64 1.68 1.71 1.73 1.74 1.74 1.74 1.73 1.71 1.68 1.64 1.60 1.55 1.49 1.44 1.37 1.31 1.24 1.18 1.11 1.04 0.98 0.91 0.85 0.79 0.73 0.68 0.62 0.57 0.53 0.49 0.44 0.41 0.37 0.34 0.31 0.28 0.26 0.23 0.21 0.19 0.18 0.16 0.15 0.14 0.13 0.12 0.11 0.11 0.10 0.10 0.09 0.09 0.09 0.09 0.09 0.09 0.09 0.09 0.09 0.09 0.09 0.09 0.09 0.09 0.10 0.10
0.69 0.73 0.78 0.83 0.88 0.94 1.00 1.06 1.12 1.18 1.25 1.31 1.37 1.43 1.49 1.54 1.58 1.63 1.66 1.69 1.71 1.72 1.73 1.72 1.71 1.69 1.66 1.62 1.58 1.53 1.48 1.42 1.36 1.30 1.23 1.17 1.10 1.03 0.97 0.91 0.84 0.78 0.73 0.67 0.62 0.57 0.53 0.48 0.44 0.41 0.37 0.34 0.31 0.28 0.26 0.23 0.21 0.19 0.18 0.16 0.15 0.14 0.13 0.12 0.11 0.11 0.10 0.10 0.10 0.09 0.09 0.09 0.09 0.09 0.09 0.09 0.09 0.09 0.09 0.09 0.09 0.10 0.10 0.10
0.68 0.72 0.77 0.82 0.87 0.93 0.99 1.05 1.11 1.17 1.23 1.29 1.35 1.41 1.46 1.51 1.56 1.60 1.64 1.66 1.68 1.70 1.70 1.70 1.68 1.66 1.64 1.60 1.56 1.51 1.46 1.41 1.35 1.28 1.22 1.15 1.09 1.02 0.96 0.90 0.84 0.78 0.72 0.67 0.62 0.57 0.53 0.48 0.44 0.41 0.37 0.34 0.31 0.28 0.26 0.23 0.21 0.19 0.18 0.16 0.15 0.14 0.13 0.12 0.11 0.11 0.10 0.10 0.10 0.10 0.10 0.09 0.09 0.09 0.09 0.09 0.09 0.09 0.09 0.09 0.10 0.10 0.10 0.10
0.67 0.72 0.76 0.81 0.86 0.92 0.97 1.03 1.09 1.15 1.21 1.27 1.33 1.38 1.44 1.49 1.53 1.57 1.61 1.63 1.65 1.67 1.67 1.67 1.65 1.63 1.61 1.57 1.53 1.49 1.44 1.38 1.33 1.26 1.20 1.14 1.08 1.01 0.95 0.89 0.83 0.77 0.72 0.66 0.61 0.57 0.52 0.48 0.44 0.40 0.37 0.34 0.31 0.28 0.25 0.23 0.21 0.19 0.18 0.16 0.15 0.14 0.13 0.12 0.11 0.11 0.10 0.10 0.10 0.10 0.10 0.10 0.10 0.10 0.10 0.10 0.10 0.10 0.10 0.10 0.10 0.10 0.10 0.11
0.66 0.71 0.75 0.80 0.85 0.90 0.95 1.01 1.07 1.13 1.19 1.24 1.30 1.36 1.41 1.46 1.50 1.54 1.57 1.60 1.62 1.63 1.63 1.63 1.62 1.60 1.58 1.54 1.50 1.46 1.41 1.36 1.30 1.24 1.18 1.12 1.06 1.00 0.94 0.88 0.82 0.76 0.71 0.66 0.61 0.56 0.52 0.48 0.44 0.40 0.37 0.34 0.31 0.28 0.25 0.23 0.21 0.19 0.17 0.16 0.15 0.14 0.13 0.12 0.11 0.11 0.11 0.10 0.10 0.10 0.10 0.10 0.10 0.10 0.10 0.10 0.10 0.10 0.10 0.10 0.10 0.10 0.11 0.11
0.65 0.70 0.74 0.78 0.83 0.88 0.94 0.99 1.05 1.10 1.16 1.22 1.27 1.32 1.37 1.42 1.46 1.50 1.53 1.56 1.58 1.59 1.60 1.59 1.58 1.56 1.54 1.51 1.47 1.43 1.38 1.33 1.28 1.22 1.16 1.10 1.04 0.98 0.92 0.86 0.81 0.75 0.70 0.65 0.60 0.56 0.51 0.47 0.43 0.40 0.36 0.33 0.30 0.28 0.25 0.23 0.21 0.19 0.17 0.16 0.15 0.14 0.13 0.12 0.11 0.11 0.11 0.11 0.10 0.10 0.10 0.10 0.10 0.10 0.10 0.10 0.10 0.10 0.11 0.11 0.11 0.11 0.11 0.12
0.64 0.68 0.72 0.77 0.81 0.86 0.91 0.97 1.02 1.08 1.13 1.18 1.24 1.29 1.34 1.38 1.43 1.46 1.49 1.52 1.54 1.55 1.55 1.55 1.54 1.53 1.50 1.47 1.44 1.40 1.35 1.30 1.25 1.20 1.14 1.08 1.02 0.97 0.91 0.85 0.80 0.74 0.69 0.64 0.60 0.55 0.51 0.47 0.43 0.39 0.36 0.33 0.30 0.27 0.25 0.23 0.21 0.19 0.17 0.16 0.15 0.14 0.13 0.12 0.12 0.11 0.11 0.11 0.11 0.11 0.11 0.11 0.11 0.11 0.11 0.11 0.11 0.11 0.11 0.11 0.11 0.11 0.12 0.12
0.63 0.67 0.71 0.75 0.80 0.84 0.89 0.94 1.00 1.05 1.10 1.15 1.21 1.25 1.30 1.35 1.39 1.42 1.45 1.48 1.50 1.51 1.51 1.51 1.50 1.49 1.47 1.44 1.40 1.36 1.32 1.27 1.22 1.17 1.12 1.06 1.00 0.95 0.89 0.84 0.78 0.73 0.68 0.64 0.59 0.55 0.50 0.46 0.43 0.39 0.36 0.33 0.30 0.27 0.25 0.23 0.21 0.19 0.17 0.16 0.15 0.14 0.13 0.12 0.12 0.11 0.11 0.11 0.11 0.11 0.11 0.11 0.11 0.11 0.11 0.11 0.11 0.12 0.12 0.12 0.12 0.12 0.12 0.13
0.62 0.65 0.69 0.73 0.78 0.82 0.87 0.92 0.97 1.02 1.07 1.12 1.17 1.22 1.27 1.31 1.35 1.38 1.41 1.44 1.46 1.47 1.47 1.47 1.46 1.45 1.43 1.40 1.37 1.33 1.29 1.25 1.20 1.15 1.10 1.04 0.99 0.93 0.88 0.83 0.77 0.72 0.67 0.63 0.58 0.54 0.50 0.46 0.42 0.39 0.36 0.32 0.30 0.27 0.25 0.22 0.20 0.19 0.17 0.16 0.15 0.14 0.13 0.12 0.12 0.11 0.11 0.11 0.11 0.11 0.11 0.11 0.11 0.12 0.12 0.12 0.12 0.12 0.12 0.12 0.13 0.13 0.13 0.13
0.60 0.64 0.68 0.72 0.76 0.80 0.85 0.89 0.94 0.99 1.04 1.09 1.14 1.19 1.23 1.27 1.31 1.34 1.37 1.40 1.42 1.43 1.43 1.43 1.43 1.41 1.39 1.37 1.34 1.30 1.26 1.22 1.18 1.13 1.08 1.02 0.97 0.92 0.87 0.82 0.76 0.72 0.67 0.62 0.58 0.53 0.49 0.46 0.42 0.39 0.35 0.32 0.29 0.27 0.24 0.22 0.20 0.18 0.17 0.16 0.14 0.14 0.13 0.12 0.12 0.12 0.11 0.11 0.11 0.11 0.12 0.12 0.12 0.12 0.12 0.13 0.13 0.13 0.13 0.13 0.13 0.14 0.14 0.14
0.59 0.62 0.66 0.70 0.74 0.78 0.82 0.87 0.92 0.97 1.01 1.06 1.11 1.15 1.20 1.24 1.28 1.31 1.34 1.36 1.38 1.39 1.40 1.40 1.39 1.38 1.36 1.34 1.31 1.28 1.24 1.20 1.16 1.11 1.06 1.01 0.96 0.91 0.86 0.81 0.76 0.71 0.66 0.62 0.57 0.53 0.49 0.45 0.42 0.38 0.35 0.32 0.29 0.27 0.24 0.22 0.20 0.18 0.17 0.16 0.14 0.14 0.13 0.12 0.12 0.12 0.12 0.12 0.12 0.12 0.12 0.12 0.13 0.13 0.13 0.13 0.13 0.14 0.14 0.14 0.14 0.15 0.15 0.15
0.58 0.61 0.64 0.68 0.72 0.76 0.80 0.85 0.89 0.94 0.99 1.03 1.08 1.12 1.17 1.21 1.25 1.28 1.31 1.33 1.35 1.36 1.37 1.37 1.37 1.36 1.34 1.32 1.29 1.26 1.22 1.18 1.14 1.10 1.05 1.00 0.95 0.90 0.85 0.80 0.75 0.70 0.66 0.61 0.57 0.53 0.49 0.45 0.42 0.38 0.35 0.32 0.29 0.27 0.24 0.22 0.20 0.18 0.17 0.16 0.14 0.14 0.13 0.12 0.12 0.12 0.12 0.12 0.12 0.12 0.12 0.13 0.13 0.13 0.14 0.14 0.14 0.15 0.15 0.15 0.15 0.16 0.16 0.16
0.56 0.59 0.63 0.66 0.70 0.74 0.78 0.83 0.87 0.92 0.96 1.01 1.06 1.10 1.14 1.18 1.22 1.25 1.28 1.31 1.33 1.34 1.35 1.35 1.35 1.34 1.32 1.30 1.28 1.25 1.21 1.17 1.13 1.09 1.04 0.99 0.95 0.90 0.85 0.80 0.75 0.70 0.66 0.61 0.57 0.53 0.49 0.45 0.42 0.38 0.35 0.32 0.29 0.26 0.24 0.22 0.20 0.18 0.17 0.16 0.14 0.14 0.13 0.12 0.12 0.12 0.12 0.12 0.12 0.13 0.13 0.13 0.14 0.14 0.14 0.15 0.15 0.15 0.16 0.16 0.16 0.17 0.17 0.17
0.55 0.58 0.61 0.65 0.68 0.72 0.77 0.81 0.85 0.90 0.94 0.99 1.04 1.08 1.12 1.16 1.20 1.23 1.26 1.29 1.31 1.32 1.33 1.34 1.34 1.33 1.31 1.29 1.27 1.24 1.21 1.17 1.13 1.09 1.04 1.00 0.95 0.90 0.85 0.80 0.75 0.71 0.66 0.62 0.57 0.53 0.49 0.45 0.42 0.38 0.35 0.32 0.29 0.26 0.24 0.22 0.20 0.18 0.17 0.16 0.14 0.14 0.13 0.13 0.12 0.12 0.12 0.13 0.13 0.13 0.14 0.14 0.14 0.15 0.15 0.16 0.16 0.16 0.17 0.17 0.17 0.18 0.18 0.19
0.53 0.56 0.60 0.63 0.67 0.71 0.75 0.79 0.84 0.88 0.93 0.98 1.02 1.07 1.11 1.15 1.19 1.22 1.25 1.28 1.30 1.32 1.33 1.33 1.33 1.33 1.31 1.30 1.27 1.25 1.21 1.18 1.14 1.09 1.05 1.00 0.96 0.91 0.86 0.81 0.76 0.71 0.67 0.62 0.58 0.54 0.49 0.46 0.42 0.38 0.35 0.32 0.29 0.27 0.24 0.22 0.20 0.18 0.17 0.16 0.15 0.14 0.13 0.13 0.13 0.13 0.13 0.13 0.13 0.14 0.14 0.15 0.15 0.16 0.16 0.17 0.17 0.17 0.18 0.18 0.19 0.19 0.19 0.20
0.52 0.55 0.58 0.62 0.66 0.70 0.74 0.78 0.83 0.87 0.92 0.97 1.01 1.06 1.10 1.15 1.19 1.22 1.25 1.28 1.31 1.32 1.34 1.34 1.34 1.34 1.33 1.31 1.29 1.26 1.23 1.19 1.15 1.11 1.07 1.02 0.97 0.92 0.87 0.82 0.77 0.72 0.68 0.63 0.59 0.54 0.50 0.46 0.42 0.39 0.35 0.32 0.29 0.27 0.24 0.22 0.20 0.18 0.17 0.16 0.15 0.14 0.13 0.13 0.13 0.13 0.13 0.13 0.14 0.14 0.15 0.15 0.16 0.16 0.17 0.18 0.18 0.19 0.19 0.19 0.20 0.20 0.21 0.21
0.50 0.54 0.57 0.61 0.64 0.69 0.73 0.77 0.82 0.87 0.91 0.96 1.01 1.06 1.11 1.15 1.19 1.23 1.26 1.29 1.32 1.34 1.35 1.36 1.36 1.36 1.35 1.33 1.31 1.29 1.25 1.22 1.18 1.14 1.09 1.04 0.99 0.94 0.89 0.84 0.79 0.74 0.69 0.64 0.60 0.55 0.51 0.47 0.43 0.39 0.36 0.33 0.30 0.27 0.24 0.22 0.20 0.18 0.17 0.16 0.15 0.14 0.14 0.13 0.13 0.13 0.13 0.14 0.14 0.15 0.15 0.16 0.17 0.17 0.18 0.18 0.19 0.20 0.20 0.21 0.21 0.22 0.22 0.23
0.49 0.52 0.56 0.60 0.64 0.68 0.72 0.77 0.82 0.87 0.92 0.97 1.02 1.07 1.12 1.16 1.21 1.25 1.29 1.32 1.35 1.37 1.38 1.39 1.40 1.40 1.39 1.37 1.35 1.32 1.29 1.26 1.22 1.17 1.12 1.08 1.02 0.97 0.92 0.87 0.81 0.76 0.71 0.66 0.61 0.57 0.52 0.48 0.44 0.40 0.37 0.33 0.30 0.27 0.25 0.22 0.20 0.19 0.17 0.16 0.15 0.14 0.14 0.13 0.13 0.13 0.14 0.14 0.15 0.15 0.16 0.17 0.17 0.18 0.19 0.19 0.20 0.21 0.21 0.22 0.22 0.23 0.24 0.24
0.48 0.51 0.55 0.59 0.63 0.67 0.72 0.77 0.82 0.87 0.92 0.98 1.03 1.09 1.14 1.19 1.23 1.28 1.32 1.35 1.39 1.41 1.43 1.44 1.45 1.44 1.44 1.42 1.40 1.38 1.34 1.31 1.26 1.22 1.17 1.12 1.06 1.01 0.95 0.90 0.84 0.79 0.73 0.68 0.63 0.58 0.54 0.49 0.45 0.41 0.37 0.34 0.31 0.28 0.25 0.23 0.21 0.19 0.17 0.16 0.15 0.14 0.14 0.14 0.14 0.14 0.14 0.15 0.15 0.16 0.17 0.17 0.18 0.19 0.20 0.20 0.21 0.22 0.23 0.23 0.24 0.24 0.25 0.25
0.47 0.50 0.54 0.58 0.63 0.67 0.72 0.77 0.83 0.88 0.94 1.00 1.05 1.11 1.17 1.22 1.27 1.32 1.36 1.40 1.44 1.47 1.49 1.50 1.51 1.51 1.50 1.49 1.47 1.44 1.41 1.37 1.32 1.28 1.22 1.17 1.11 1.06 1.00 0.94 0.88 0.82 0.76 0.71 0.66 0.60 0.55 0.51 0.46 0.42 0.38 0.35 0.31 0.28 0.26 0.23 0.21 0.19 0.18 0.16 0.15 0.15 0.14 0.14 0.14 0.14 0.14 0.15 0.16 0.16 0.17 0.18 0.19 0.20 0.21 0.21 0.22 0.23 0.24 0.24 0.25 0.26 0.26 0.27
0.46 0.50 0.54 0.58 0.63 0.68 0.73 0.78 0.84 0.90 0.96 1.02 1.08 1.15 1.21 1.27 1.32 1.38 1.42 1.47 1.50 1.54 1.56 1.58 1.59 1.59 1.58 1.57 1.55 1.52 1.48 1.44 1.40 1.35 1.29 1.23 1.17 1.11 1.05 0.99 0.92 0.86 0.80 0.74 0.68 0.63 0.58 0.53 0.48 0.43 0.39 0.36 0.32 0.29 0.26 0.23 0.21 0.19 0.18 0.16 0.15 0.15 0.14 0.14 0.14 0.14 0.15 0.15 0.16 0.17 0.18 0.19 0.20 0.20 0.21 0.22 0.23 0.24 0.25 0.26 0.26 0.27 0.28 0.28
0.45 0.49 0.53 0.58 0.63 0.68 0.74 0.80 0.86 0.92 0.99 1.06 1.12 1.19 1.26 1.32 1.38 1.44 1.49 1.54 1.58 1.62 1.65 1.67 1.68 1.68 1.68 1.66 1.64 1.61 1.57 1.53 1.48 1.43 1.37 1.31 1.24 1.18 1.11 1.04 0.97 0.91 0.84 0.78 0.71 0.66 0.60 0.55 0.50 0.45 0.41 0.37 0.33 0.30 0.27 0.24 0.22 0.20 0.18 0.17 0.16 0.15 0.15 0.14 0.14 0.15 0.15 0.16 0.16 0.17 0.18 0.19 0.20 0.21 0.22 0.23 0.24 0.25 0.26 0.27 0.28 0.28 0.29 0.30
