speedsAfterKrig/output_residuos_11_2005.asc
NCOLS          173       
NROWS          329       
XLLCENTER      510425.00 
YLLCENTER      8547775.00
DX             50.00     
DY             50.00     
NODATA_VALUE   -999.00   
[rows 280 to 314 of 329, columns 78 to 155 of 173]
0.04 0.04 0.05 0.05 0.05 0.05 0.05 0.04 0.04 0.03 0.02 0.00 -0.02 -0.04 -0.06 -0.09 -0.12 -0.16 -0.20 -0.24 -0.29 -0.34 -0.39 -0.45 -0.51 -0.58 -0.64 -0.71 -0.78 -0.85 -0.92 -0.99 -1.06 -1.12 -1.19 -1.25 -1.30 -1.35 -1.40 -1.44 -1.47 -1.49 -1.51 -1.52 -1.52 -1.51 -1.49 -1.47 -1.44 -1.40 -1.35 -1.30 -1.24 -1.17 -1.10 -1.03 -0.95 -0.87 -0.79 -0.71 -0.63 -0.55 -0.47 -0.39 -0.32 -0.25 -0.18 -0.12 -0.07 -0.01 0.03 0.07 0.11 0.14 0.16 0.18 0.20 0.21
0.04 0.04 0.04 0.05 0.05 0.05 0.04 0.04 0.04 0.03 0.02 0.00 -0.01 -0.03 -0.06 -0.08 -0.12 -0.15 -0.19 -0.23 -0.28 -0.33 -0.39 -0.44 -0.51 -0.57 -0.63 -0.70 -0.77 -0.84 -0.91 -0.98 -1.05 -1.11 -1.18 -1.24 -1.29 -1.34 -1.39 -1.42 -1.46 -1.48 -1.50 -1.51 -1.51 -1.50 -1.48 -1.46 -1.43 -1.39 -1.34 -1.29 -1.23 -1.17 -1.10 -1.02 -0.95 -0.87 -0.79 -0.71 -0.63 -0.55 -0.47 -0.39 -0.32 -0.25 -0.18 -0.12 -0.06 -0.01 0.03 0.07 0.11 0.14 0.16 0.18 0.20 0.21
0.03 0.04 0.04 0.04 0.04 0.04 0.04 0.04 0.04 0.03 0.02 0.00 -0.01 -0.03 -0.05 -0.08 -0.11 -0.15 -0.18 -0.23 -0.27 -0.32 -0.38 -0.44 -0.50 -0.56 -0.62 -0.69 -0.76 -0.83 -0.90 -0.97 -1.03 -1.10 -1.16 -1.22 -1.27 -1.32 -1.37 -1.41 -1.44 -1.46 -1.48 -1.49 -1.49 -1.48 -1.47 -1.45 -1.41 -1.38 -1.33 -1.28 -1.22 -1.16 -1.09 -1.01 -0.94 -0.86 -0.78 -0.70 -0.62 -0.54 -0.46 -0.39 -0.31 -0.24 -0.18 -0.12 -0.06 -0.01 0.03 0.07 0.11 0.14 0.16 0.18 0.20 0.21
0.03 0.03 0.03 0.04 0.04 0.04 0.04 0.04 0.03 0.03 0.02 0.01 -0.01 -0.03 -0.05 -0.08 -0.11 -0.14 -0.18 -0.22 -0.27 -0.32 -0.37 -0.42 -0.48 -0.55 -0.61 -0.68 -0.74 -0.81 -0.88 -0.95 -1.02 -1.08 -1.14 -1.20 -1.25 -1.30 -1.35 -1.39 -1.42 -1.44 -1.46 -1.47 -1.47 -1.46 -1.45 -1.43 -1.39 -1.36 -1.31 -1.26 -1.20 -1.14 -1.07 -1.00 -0.92 -0.85 -0.77 -0.69 -0.61 -0.53 -0.45 -0.38 -0.31 -0.24 -0.17 -0.11 -0.06 -0.01 0.04 0.08 0.11 0.14 0.16 0.18 0.20 0.21
0.02 0.03 0.03 0.03 0.04 0.04 0.04 0.04 0.03 0.03 0.02 0.01 -0.01 -0.03 -0.05 -0.07 -0.10 -0.14 -0.17 -0.21 -0.26 -0.31 -0.36 -0.41 -0.47 -0.53 -0.60 -0.66 -0.73 -0.80 -0.86 -0.93 -0.99 -1.06 -1.12 -1.18 -1.23 -1.28 -1.32 -1.36 -1.39 -1.42 -1.43 -1.44 -1.44 -1.44 -1.42 -1.40 -1.37 -1.33 -1.29 -1.24 -1.18 -1.12 -1.05 -0.98 -0.91 -0.83 -0.75 -0.67 -0.60 -0.52 -0.44 -0.37 -0.30 -0.23 -0.17 -0.11 -0.06 -0.01 0.04 0.08 0.11 0.14 0.16 0.18 0.20 0.21
0.02 0.02 0.02 0.03 0.03 0.03 0.04 0.03 0.03 0.03 0.02 0.01 -0.01 -0.02 -0.05 -0.07 -0.10 -0.13 -0.17 -0.21 -0.25 -0.30 -0.35 -0.40 -0.46 -0.52 -0.58 -0.64 -0.71 -0.78 -0.84 -0.91 -0.97 -1.03 -1.09 -1.15 -1.20 -1.25 -1.29 -1.33 -1.36 -1.38 -1.40 -1.41 -1.41 -1.40 -1.39 -1.37 -1.34 -1.30 -1.26 -1.21 -1.15 -1.09 -1.03 -0.96 -0.88 -0.81 -0.73 -0.66 -0.58 -0.51 -0.43 -0.36 -0.29 -0.22 -0.16 -0.10 -0.05 -0.00 0.04 0.08 0.11 0.14 0.16 0.18 0.19 0.20
0.01 0.01 0.02 0.02 0.03 0.03 0.03 0.03 0.03 0.02 0.02 0.01 -0.01 -0.02 -0.04 -0.07 -0.09 -0.12 -0.16 -0.20 -0.24 -0.29 -0.34 -0.39 -0.44 -0.50 -0.56 -0.63 -0.69 -0.75 -0.82 -0.88 -0.94 -1.01 -1.06 -1.12 -1.17 -1.22 -1.26 -1.29 -1.32 -1.35 -1.36 -1.37 -1.37 -1.37 -1.35 -1.33 -1.30 -1.27 -1.23 -1.18 -1.12 -1.06 -1.00 -0.93 -0.86 -0.79 -0.71 -0.64 -0.56 -0.49 -0.42 -0.35 -0.28 -0.21 -0.15 -0.10 -0.05 0.00 0.04 0.08 0.11 0.14 0.16 0.18 0.19 0.20
0.00 0.01 0.01 0.02 0.02 0.03 0.03 0.03 0.03 0.02 0.02 0.01 -0.01 -0.02 -0.04 -0.06 -0.09 -0.12 -0.15 -0.19 -0.23 -0.27 -0.32 -0.37 -0.43 -0.49 -0.54 -0.60 -0.67 -0.73 -0.79 -0.85 -0.92 -0.97 -1.03 -1.09 -1.13 -1.18 -1.22 -1.26 -1.28 -1.31 -1.32 -1.33 -1.33 -1.33 -1.31 -1.29 -1.26 -1.23 -1.19 -1.14 -1.09 -1.03 -0.97 -0.90 -0.83 -0.76 -0.69 -0.62 -0.54 -0.47 -0.40 -0.33 -0.27 -0.20 -0.15 -0.09 -0.04 0.00 0.05 0.08 0.11 0.14 0.16 0.18 0.19 0.20
-0.01 0.00 0.01 0.01 0.02 0.02 0.02 0.02 0.02 0.02 0.01 0.01 -0.00 -0.02 -0.04 -0.06 -0.08 -0.11 -0.14 -0.18 -0.22 -0.26 -0.31 -0.36 -0.41 -0.47 -0.52 -0.58 -0.64 -0.70 -0.76 -0.82 -0.88 -0.94 -1.00 -1.05 -1.10 -1.14 -1.18 -1.21 -1.24 -1.26 -1.28 -1.29 -1.29 -1.28 -1.27 -1.25 -1.22 -1.19 -1.15 -1.10 -1.05 -0.99 -0.93 -0.87 -0.80 -0.73 -0.66 -0.59 -0.52 -0.45 -0.38 -0.32 -0.25 -0.19 -0.14 -0.08 -0.03 0.01 0.05 0.08 0.11 0.14 0.16 0.17 0.19 0.19
-0.01 -0.01 -0.00 0.01 0.01 0.02 0.02 0.02 0.02 0.02 0.01 0.01 -0.00 -0.02 -0.03 -0.05 -0.08 -0.11 -0.14 -0.17 -0.21 -0.25 -0.30 -0.34 -0.39 -0.45 -0.50 -0.56 -0.62 -0.68 -0.73 -0.79 -0.85 -0.91 -0.96 -1.01 -1.06 -1.10 -1.14 -1.17 -1.20 -1.22 -1.23 -1.24 -1.24 -1.23 -1.22 -1.20 -1.17 -1.14 -1.10 -1.06 -1.01 -0.95 -0.89 -0.83 -0.77 -0.70 -0.63 -0.56 -0.50 -0.43 -0.36 -0.30 -0.24 -0.18 -0.13 -0.07 -0.03 0.01 0.05 0.08 0.11 0.14 0.16 0.17 0.18 0.19
-0.02 -0.01 -0.01 -0.00 0.01 0.01 0.01 0.02 0.02 0.02 0.01 0.01 -0.00 -0.02 -0.03 -0.05 -0.07 -0.10 -0.13 -0.16 -0.20 -0.24 -0.28 -0.33 -0.38 -0.43 -0.48 -0.53 -0.59 -0.65 -0.70 -0.76 -0.81 -0.87 -0.92 -0.97 -1.01 -1.05 -1.09 -1.12 -1.15 -1.17 -1.18 -1.19 -1.19 -1.18 -1.17 -1.15 -1.12 -1.09 -1.05 -1.01 -0.96 -0.91 -0.85 -0.79 -0.73 -0.67 -0.60 -0.54 -0.47 -0.41 -0.34 -0.28 -0.22 -0.17 -0.11 -0.07 -0.02 0.02 0.06 0.09 0.11 0.14 0.16 0.17 0.18 0.19
-0.03 -0.02 -0.01 -0.01 -0.00 0.01 0.01 0.01 0.01 0.01 0.01 0.01 -0.00 -0.01 -0.03 -0.05 -0.07 -0.09 -0.12 -0.15 -0.19 -0.23 -0.27 -0.31 -0.36 -0.41 -0.46 -0.51 -0.56 -0.62 -0.67 -0.72 -0.78 -0.83 -0.88 -0.92 -0.97 -1.01 -1.04 -1.07 -1.09 -1.11 -1.13 -1.13 -1.13 -1.13 -1.12 -1.10 -1.07 -1.04 -1.01 -0.96 -0.92 -0.87 -0.81 -0.75 -0.70 -0.63 -0.57 -0.51 -0.44 -0.38 -0.32 -0.26 -0.21 -0.15 -0.10 -0.06 -0.01 0.02 0.06 0.09 0.11 0.14 0.15 0.17 0.18 0.18
-0.04 -0.03 -0.02 -0.01 -0.01 0.00 0.01 0.01 0.01 0.01 0.01 0.00 -0.00 -0.01 -0.03 -0.04 -0.06 -0.09 -0.11 -0.14 -0.18 -0.21 -0.25 -0.29 -0.34 -0.38 -0.43 -0.48 -0.53 -0.59 -0.64 -0.69 -0.74 -0.79 -0.83 -0.88 -0.92 -0.96 -0.99 -1.02 -1.04 -1.06 -1.07 -1.08 -1.08 -1.07 -1.06 -1.04 -1.02 -0.99 -0.95 -0.91 -0.87 -0.82 -0.77 -0.71 -0.66 -0.60 -0.54 -0.48 -0.42 -0.36 -0.30 -0.24 -0.19 -0.14 -0.09 -0.05 -0.01 0.03 0.06 0.09 0.11 0.13 0.15 0.16 0.17 0.18
-0.05 -0.04 -0.03 -0.02 -0.01 -0.01 0.00 0.01 0.01 0.01 0.01 0.00 -0.00 -0.01 -0.02 -0.04 -0.06 -0.08 -0.10 -0.13 -0.16 -0.20 -0.24 -0.28 -0.32 -0.36 -0.41 -0.46 -0.50 -0.55 -0.60 -0.65 -0.70 -0.75 -0.79 -0.83 -0.87 -0.91 -0.94 -0.96 -0.99 -1.00 -1.01 -1.02 -1.02 -1.01 -1.00 -0.99 -0.96 -0.93 -0.90 -0.86 -0.82 -0.77 -0.72 -0.67 -0.62 -0.56 -0.50 -0.45 -0.39 -0.33 -0.28 -0.22 -0.17 -0.13 -0.08 -0.04 -0.00 0.03 0.07 0.09 0.11 0.13 0.15 0.16 0.17 0.17
-0.05 -0.04 -0.04 -0.03 -0.02 -0.01 -0.00 0.00 0.01 0.01 0.01 0.00 -0.00 -0.01 -0.02 -0.04 -0.05 -0.07 -0.10 -0.12 -0.15 -0.19 -0.22 -0.26 -0.30 -0.34 -0.38 -0.43 -0.48 -0.52 -0.57 -0.61 -0.66 -0.70 -0.75 -0.79 -0.82 -0.86 -0.88 -0.91 -0.93 -0.95 -0.96 -0.96 -0.96 -0.96 -0.95 -0.93 -0.91 -0.88 -0.85 -0.81 -0.77 -0.73 -0.68 -0.63 -0.58 -0.52 -0.47 -0.42 -0.36 -0.31 -0.26 -0.21 -0.16 -0.11 -0.07 -0.03 0.01 0.04 0.07 0.09 0.11 0.13 0.15 0.16 0.16 0.17
-0.06 -0.05 -0.04 -0.03 -0.02 -0.01 -0.01 -0.00 0.00 0.01 0.01 0.00 -0.00 -0.01 -0.02 -0.03 -0.05 -0.07 -0.09 -0.11 -0.14 -0.17 -0.20 -0.24 -0.28 -0.32 -0.36 -0.40 -0.45 -0.49 -0.53 -0.58 -0.62 -0.66 -0.70 -0.74 -0.77 -0.80 -0.83 -0.86 -0.87 -0.89 -0.90 -0.90 -0.90 -0.90 -0.89 -0.87 -0.85 -0.82 -0.79 -0.76 -0.72 -0.68 -0.63 -0.59 -0.54 -0.49 -0.44 -0.38 -0.33 -0.28 -0.23 -0.19 -0.14 -0.10 -0.06 -0.02 0.01 0.04 0.07 0.09 0.11 0.13 0.14 0.15 0.16 0.16
-0.07 -0.06 -0.05 -0.04 -0.03 -0.02 -0.01 -0.01 0.00 0.00 0.00 0.00 -0.00 -0.01 -0.02 -0.03 -0.04 -0.06 -0.08 -0.10 -0.13 -0.16 -0.19 -0.22 -0.26 -0.30 -0.33 -0.38 -0.42 -0.46 -0.50 -0.54 -0.58 -0.62 -0.66 -0.69 -0.72 -0.75 -0.78 -0.80 -0.82 -0.83 -0.84 -0.85 -0.84 -0.84 -0.83 -0.81 -0.79 -0.77 -0.74 -0.71 -0.67 -0.63 -0.59 -0.54 -0.50 -0.45 -0.40 -0.35 -0.31 -0.26 -0.21 -0.17 -0.12 -0.08 -0.05 -0.01 0.02 0.05 0.07 0.09 0.11 0.13 0.14 0.15 0.15 0.16
-0.08 -0.07 -0.05 -0.04 -0.03 -0.02 -0.02 -0.01 -0.00 0.00 0.00 0.00 0.00 -0.00 -0.01 -0.02 -0.04 -0.05 -0.07 -0.09 -0.12 -0.14 -0.17 -0.21 -0.24 -0.27 -0.31 -0.35 -0.39 -0.43 -0.46 -0.50 -0.54 -0.58 -0.61 -0.64 -0.67 -0.70 -0.73 -0.75 -0.76 -0.78 -0.78 -0.79 -0.79 -0.78 -0.77 -0.76 -0.74 -0.71 -0.69 -0.66 -0.62 -0.58 -0.54 -0.50 -0.46 -0.41 -0.37 -0.32 -0.28 -0.23 -0.19 -0.15 -0.11 -0.07 -0.04 -0.00 0.03 0.05 0.07 0.09 0.11 0.12 0.13 0.14 0.15 0.15
-0.08 -0.07 -0.06 -0.05 -0.04 -0.03 -0.02 -0.01 -0.00 -0.00 0.00 0.00 0.00 -0.00 -0.01 -0.02 -0.03 -0.05 -0.06 -0.08 -0.11 -0.13 -0.16 -0.19 -0.22 -0.25 -0.29 -0.32 -0.36 -0.39 -0.43 -0.47 -0.50 -0.54 -0.57 -0.60 -0.63 -0.65 -0.67 -0.69 -0.71 -0.72 -0.73 -0.73 -0.73 -0.72 -0.71 -0.70 -0.68 -0.66 -0.63 -0.61 -0.57 -0.54 -0.50 -0.46 -0.42 -0.38 -0.34 -0.29 -0.25 -0.21 -0.17 -0.13 -0.09 -0.06 -0.03 0.00 0.03 0.05 0.08 0.09 0.11 0.12 0.13 0.14 0.14 0.14
-0.09 -0.08 -0.06 -0.05 -0.04 -0.03 -0.02 -0.01 -0.01 -0.00 0.00 0.00 0.00 -0.00 -0.01 -0.02 -0.03 -0.04 -0.06 -0.07 -0.10 -0.12 -0.14 -0.17 -0.20 -0.23 -0.26 -0.30 -0.33 -0.36 -0.40 -0.43 -0.46 -0.50 -0.53 -0.55 -0.58 -0.60 -0.62 -0.64 -0.65 -0.67 -0.67 -0.67 -0.67 -0.67 -0.66 -0.65 -0.63 -0.61 -0.58 -0.56 -0.53 -0.49 -0.46 -0.42 -0.38 -0.34 -0.31 -0.27 -0.23 -0.19 -0.15 -0.11 -0.08 -0.05 -0.02 0.01 0.03 0.06 0.08 0.09 0.11 0.12 0.13 0.13 0.13 0.13
-0.09 -0.08 -0.07 -0.06 -0.05 -0.03 -0.02 -0.02 -0.01 -0.00 0.00 0.00 0.00 0.00 -0.00 -0.01 -0.02 -0.03 -0.05 -0.07 -0.09 -0.11 -0.13 -0.16 -0.18 -0.21 -0.24 -0.27 -0.30 -0.33 -0.37 -0.40 -0.43 -0.46 -0.48 -0.51 -0.53 -0.56 -0.57 -0.59 -0.60 -0.61 -0.62 -0.62 -0.62 -0.61 -0.61 -0.59 -0.58 -0.56 -0.53 -0.51 -0.48 -0.45 -0.42 -0.38 -0.35 -0.31 -0.28 -0.24 -0.20 -0.17 -0.13 -0.10 -0.07 -0.04 -0.01 0.02 0.04 0.06 0.08 0.09 0.10 0.11 0.12 0.12 0.13 0.13
-0.10 -0.09 -0.07 -0.06 -0.05 -0.04 -0.03 -0.02 -0.01 -0.00 0.00 0.00 0.00 0.00 -0.00 -0.01 -0.02 -0.03 -0.04 -0.06 -0.08 -0.10 -0.12 -0.14 -0.17 -0.19 -0.22 -0.25 -0.28 -0.31 -0.33 -0.36 -0.39 -0.42 -0.44 -0.47 -0.49 -0.51 -0.53 -0.54 -0.55 -0.56 -0.57 -0.57 -0.57 -0.56 -0.55 -0.54 -0.53 -0.51 -0.49 -0.46 -0.44 -0.41 -0.38 -0.35 -0.31 -0.28 -0.25 -0.21 -0.18 -0.15 -0.11 -0.08 -0.05 -0.03 -0.00 0.02 0.04 0.06 0.08 0.09 0.10 0.11 0.11 0.12 0.12 0.12
-0.10 -0.09 -0.08 -0.06 -0.05 -0.04 -0.03 -0.02 -0.01 -0.00 0.00 0.00 0.01 0.00 0.00 -0.00 -0.01 -0.02 -0.03 -0.05 -0.07 -0.08 -0.10 -0.13 -0.15 -0.17 -0.20 -0.23 -0.25 -0.28 -0.31 -0.33 -0.36 -0.38 -0.41 -0.43 -0.45 -0.47 -0.48 -0.49 -0.51 -0.51 -0.52 -0.52 -0.52 -0.51 -0.50 -0.49 -0.48 -0.46 -0.44 -0.42 -0.40 -0.37 -0.34 -0.31 -0.28 -0.25 -0.22 -0.19 -0.16 -0.13 -0.10 -0.07 -0.04 -0.02 0.00 0.02 0.04 0.06 0.07 0.09 0.10 0.10 0.11 0.11 0.11 0.11
-0.11 -0.09 -0.08 -0.07 -0.05 -0.04 -0.03 -0.02 -0.01 -0.00 0.00 0.00 0.01 0.01 0.00 -0.00 -0.01 -0.02 -0.03 -0.04 -0.06 -0.07 -0.09 -0.11 -0.13 -0.16 -0.18 -0.20 -0.23 -0.25 -0.28 -0.30 -0.33 -0.35 -0.37 -0.39 -0.41 -0.42 -0.44 -0.45 -0.46 -0.47 -0.47 -0.47 -0.47 -0.46 -0.46 -0.45 -0.43 -0.42 -0.40 -0.38 -0.36 -0.33 -0.31 -0.28 -0.25 -0.22 -0.19 -0.17 -0.14 -0.11 -0.08 -0.06 -0.03 -0.01 0.01 0.03 0.05 0.06 0.07 0.08 0.09 0.10 0.10 0.10 0.10 0.10
-0.11 -0.09 -0.08 -0.07 -0.05 -0.04 -0.03 -0.02 -0.01 -0.00 0.00 0.00 0.01 0.01 0.01 0.00 -0.00 -0.01 -0.02 -0.03 -0.05 -0.06 -0.08 -0.10 -0.12 -0.14 -0.16 -0.18 -0.21 -0.23 -0.25 -0.27 -0.29 -0.32 -0.34 -0.35 -0.37 -0.38 -0.40 -0.41 -0.42 -0.42 -0.43 -0.43 -0.42 -0.42 -0.41 -0.40 -0.39 -0.38 -0.36 -0.34 -0.32 -0.30 -0.27 -0.25 -0.22 -0.20 -0.17 -0.14 -0.12 -0.09 -0.07 -0.05 -0.02 -0.00 0.01 0.03 0.05 0.06 0.07 0.08 0.09 0.09 0.10 0.10 0.10 0.10
-0.11 -0.10 -0.08 -0.07 -0.06 -0.04 -0.03 -0.02 -0.01 -0.01 0.00 0.01 0.01 0.01 0.01 0.00 -0.00 -0.01 -0.02 -0.03 -0.04 -0.05 -0.07 -0.09 -0.11 -0.12 -0.14 -0.16 -0.18 -0.21 -0.23 -0.25 -0.27 -0.28 -0.30 -0.32 -0.33 -0.35 -0.36 -0.37 -0.38 -0.38 -0.38 -0.38 -0.38 -0.38 -0.37 -0.36 -0.35 -0.34 -0.32 -0.30 -0.28 -0.26 -0.24 -0.22 -0.20 -0.17 -0.15 -0.12 -0.10 -0.08 -0.06 -0.04 -0.02 0.00 0.02 0.03 0.05 0.06 0.07 0.08 0.08 0.09 0.09 0.09 0.09 0.09
-0.11 -0.10 -0.08 -0.07 -0.06 -0.04 -0.03 -0.02 -0.01 -0.01 0.00 0.01 0.01 0.01 0.01 0.01 0.00 -0.00 -0.01 -0.02 -0.03 -0.05 -0.06 -0.08 -0.09 -0.11 -0.13 -0.15 -0.17 -0.18 -0.20 -0.22 -0.24 -0.26 -0.27 -0.29 -0.30 -0.31 -0.32 -0.33 -0.34 -0.34 -0.34 -0.34 -0.34 -0.34 -0.33 -0.32 -0.31 -0.30 -0.29 -0.27 -0.25 -0.23 -0.21 -0.19 -0.17 -0.15 -0.13 -0.11 -0.09 -0.07 -0.05 -0.03 -0.01 0.01 0.02 0.03 0.05 0.06 0.06 0.07 0.08 0.08 0.08 0.08 0.08 0.08
-0.11 -0.10 -0.08 -0.07 -0.06 -0.04 -0.03 -0.02 -0.01 -0.01 0.00 0.01 0.01 0.01 0.01 0.01 0.00 -0.00 -0.01 -0.02 -0.03 -0.04 -0.05 -0.07 -0.08 -0.10 -0.11 -0.13 -0.15 -0.16 -0.18 -0.20 -0.21 -0.23 -0.24 -0.26 -0.27 -0.28 -0.29 -0.30 -0.30 -0.31 -0.31 -0.31 -0.31 -0.30 -0.30 -0.29 -0.28 -0.27 -0.25 -0.24 -0.22 -0.20 -0.19 -0.17 -0.15 -0.13 -0.11 -0.09 -0.07 -0.05 -0.04 -0.02 -0.00 0.01 0.02 0.03 0.04 0.05 0.06 0.07 0.07 0.07 0.07 0.07 0.07 0.07
-0.11 -0.10 -0.08 -0.07 -0.06 -0.04 -0.03 -0.02 -0.01 -0.01 0.00 0.01 0.01 0.01 0.01 0.01 0.01 0.00 -0.00 -0.01 -0.02 -0.03 -0.04 -0.06 -0.07 -0.09 -0.10 -0.12 -0.13 -0.15 -0.16 -0.18 -0.19 -0.21 -0.22 -0.23 -0.24 -0.25 -0.26 -0.27 -0.27 -0.27 -0.27 -0.27 -0.27 -0.27 -0.26 -0.25 -0.25 -0.23 -0.22 -0.21 -0.19 -0.18 -0.16 -0.15 -0.13 -0.11 -0.09 -0.08 -0.06 -0.04 -0.03 -0.01 0.00 0.01 0.02 0.03 0.04 0.05 0.06 0.06 0.06 0.07 0.07 0.07 0.06 0.06
-0.11 -0.10 -0.08 -0.07 -0.06 -0.04 -0.03 -0.02 -0.01 -0.01 0.00 0.01 0.01 0.01 0.01 0.01 0.01 0.00 -0.00 -0.01 -0.02 -0.03 -0.04 -0.05 -0.06 -0.07 -0.09 -0.10 -0.12 -0.13 -0.14 -0.16 -0.17 -0.18 -0.19 -0.21 -0.22 -0.22 -0.23 -0.24 -0.24 -0.24 -0.24 -0.24 -0.24 -0.24 -0.23 -0.22 -0.22 -0.21 -0.19 -0.18 -0.17 -0.15 -0.14 -0.12 -0.11 -0.09 -0.08 -0.06 -0.05 -0.03 -0.02 -0.01 0.00 0.02 0.03 0.03 0.04 0.05 0.05 0.06 0.06 0.06 0.06 0.06 0.06 0.05
-0.11 -0.09 -0.08 -0.07 -0.06 -0.04 -0.03 -0.02 -0.01 -0.01 0.00 0.01 0.01 0.01 0.01 0.01 0.01 0.01 0.00 -0.01 -0.01 -0.02 -0.03 -0.04 -0.05 -0.07 -0.08 -0.09 -0.10 -0.12 -0.13 -0.14 -0.15 -0.16 -0.17 -0.18 -0.19 -0.20 -0.20 -0.21 -0.21 -0.21 -0.22 -0.21 -0.21 -0.21 -0.20 -0.20 -0.19 -0.18 -0.17 -0.16 -0.15 -0.13 -0.12 -0.11 -0.09 -0.08 -0.06 -0.05 -0.04 -0.03 -0.01 -0.00 0.01 0.02 0.03 0.03 0.04 0.04 0.05 0.05 0.05 0.05 0.05 0.05 0.05 0.04
-0.11 -0.09 -0.08 -0.07 -0.05 -0.04 -0.03 -0.02 -0.01 -0.01 0.00 0.01 0.01 0.01 0.01 0.01 0.01 0.01 0.00 -0.00 -0.01 -0.02 -0.03 -0.04 -0.05 -0.06 -0.07 -0.08 -0.09 -0.10 -0.11 -0.12 -0.13 -0.14 -0.15 -0.16 -0.17 -0.18 -0.18 -0.18 -0.19 -0.19 -0.19 -0.19 -0.19 -0.18 -0.18 -0.17 -0.16 -0.16 -0.15 -0.14 -0.13 -0.11 -0.10 -0.09 -0.08 -0.07 -0.05 -0.04 -0.03 -0.02 -0.01 0.00 0.01 0.02 0.03 0.03 0.04 0.04 0.04 0.05 0.05 0.05 0.04 0.04 0.04 0.04
-0.10 -0.09 -0.08 -0.07 -0.05 -0.04 -0.03 -0.02 -0.01 -0.01 -0.00 0.01 0.01 0.01 0.01 0.01 0.01 0.01 0.00 -0.00 -0.01 -0.01 -0.02 -0.03 -0.04 -0.05 -0.06 -0.07 -0.08 -0.09 -0.10 -0.11 -0.12 -0.13 -0.14 -0.14 -0.15 -0.15 -0.16 -0.16 -0.16 -0.17 -0.17 -0.16 -0.16 -0.16 -0.15 -0.15 -0.14 -0.13 -0.13 -0.12 -0.11 -0.10 -0.09 -0.07 -0.06 -0.05 -0.04 -0.03 -0.02 -0.01 -0.00 0.00 0.01 0.02 0.02 0.03 0.03 0.04 0.04 0.04 0.04 0.04 0.04 0.04 0.03 0.03
-0.10 -0.09 -0.08 -0.06 -0.05 -0.04 -0.03 -0.02 -0.01 -0.01 -0.00 0.00 0.01 0.01 0.01 0.01 0.01 0.01 0.00 0.00 -0.01 -0.01 -0.02 -0.03 -0.03 -0.04 -0.05 -0.06 -0.07 -0.08 -0.09 -0.10 -0.11 -0.11 -0.12 -0.13 -0.13 -0.14 -0.14 -0.14 -0.14 -0.15 -0.14 -0.14 -0.14 -0.14 -0.13 -0.13 -0.12 -0.11 -0.11 -0.10 -0.09 -0.08 -0.07 -0.06 -0.05 -0.04 -0.03 -0.02 -0.02 -0.01 -0.00 0.01 0.01 0.02 0.02 0.03 0.03 0.03 0.03 0.03 0.03 0.03 0.03 0.03 0.03 0.02
-0.10 -0.09 -0.08 -0.06 -0.05 -0.04 -0.03 -0.02 -0.01 -0.01 -0.00 0.00 0.01 0.01 0.01 0.01 0.01 0.01 0.00 0.00 -0.00 -0.01 -0.02 -0.02 -0.03 -0.04 -0.05 -0.05 -0.06 -0.07 -0.08 -0.09 -0.09 -0.10 -0.11 -0.11 -0.12 -0.12 -0.12 -0.13 -0.13 -0.13 -0.13 -0.12 -0.12 -0.12 -0.11 -0.11 -0.10 -0.10 -0.09 -0.08 -0.07 -0.07 -0.06 -0.05 -0.04 -0.03 -0.03 -0.02 -0.01 -0.00 0.00 0.01 0.01 0.02 0.02 0.02 0.03 0.03 0.03 0.03 0.03 0.03 0.02 0.02 0.02 0.01
