speedsAfterKrig/fixedResidues2/output_residuos_2008_6.asc
NCOLS          173       
NROWS          329       
XLLCENTER      510425.00 
YLLCENTER      8547775.00
DX             50.00     
DY             50.00     
NODATA_VALUE   -999.00   
[rows 222 to 258 of 329, columns 84 to 167 of 173]
0.35 0.40 0.44 0.48 0.53 0.57 0.62 0.66 0.71 0.75 0.80 0.84 0.88 0.92 0.96 1.00 1.03 1.06 1.09 1.12 1.14 1.16 1.17 1.18 1.19 1.19 1.19 1.18 1.17 1.16 1.15 1.13 1.10 1.08 1.05 1.01 0.98 0.94 0.91 0.86 0.82 0.78 0.74 0.69 0.65 0.60 0.56 0.51 0.47 0.42 0.38 0.34 0.30 0.26 0.22 0.18 0.15 0.12 0.09 0.06 0.03 0.01 -0.01 -0.02 -0.03 -0.04 -0.05 -0.05 -0.05 -0.05 -0.05 -0.05 -0.04 -0.04 -0.03 -0.03 -0.03 -0.02 -0.02 -0.01 -0.01 -0.01 -0.00 0.00
0.35 0.40 0.44 0.49 0.53 0.58 0.63 0.67 0.72 0.77 0.81 0.86 0.90 0.94 0.98 1.02 1.05 1.08 1.11 1.14 1.16 1.18 1.20 1.21 1.21 1.22 1.22 1.21 1.20 1.19 1.17 1.15 1.13 1.10 1.07 1.04 1.01 0.97 0.93 0.89 0.85 0.80 0.76 0.71 0.67 0.62 0.57 0.53 0.48 0.44 0.39 0.35 0.31 0.27 0.23 0.19 0.16 0.12 0.09 0.07 0.04 0.02 -0.00 -0.02 -0.03 -0.04 -0.05 -0.05 -0.05 -0.05 -0.05 -0.05 -0.04 -0.04 -0.04 -0.03 -0.03 -0.02 -0.02 -0.01 -0.01 -0.00 0.00 0.01
0.35 0.40 0.44 0.49 0.54 0.59 0.63 0.68 0.73 0.78 0.82 0.87 0.91 0.96 1.00 1.04 1.07 1.11 1.14 1.16 1.19 1.21 1.22 1.23 1.24 1.25 1.24 1.24 1.23 1.22 1.20 1.18 1.16 1.13 1.10 1.07 1.03 1.00 0.96 0.91 0.87 0.82 0.78 0.73 0.69 0.64 0.59 0.54 0.50 0.45 0.41 0.36 0.32 0.28 0.24 0.20 0.17 0.13 0.10 0.07 0.05 0.02 0.00 -0.01 -0.03 -0.04 -0.05 -0.05 -0.05 -0.05 -0.05 -0.05 -0.04 -0.04 -0.04 -0.03 -0.03 -0.02 -0.02 -0.01 -0.01 -0.00 0.00 0.01
0.35 0.40 0.45 0.49 0.54 0.59 0.64 0.69 0.74 0.79 0.84 0.88 0.93 0.97 1.02 1.06 1.09 1.13 1.16 1.19 1.21 1.23 1.25 1.26 1.27 1.27 1.27 1.27 1.26 1.25 1.23 1.21 1.19 1.16 1.13 1.10 1.06 1.02 0.98 0.94 0.89 0.85 0.80 0.75 0.70 0.66 0.61 0.56 0.51 0.47 0.42 0.38 0.33 0.29 0.25 0.21 0.17 0.14 0.11 0.08 0.05 0.03 0.01 -0.01 -0.03 -0.04 -0.04 -0.05 -0.05 -0.05 -0.05 -0.05 -0.05 -0.04 -0.04 -0.03 -0.03 -0.02 -0.02 -0.01 -0.01 -0.00 0.00 0.01
0.35 0.40 0.45 0.50 0.55 0.60 0.65 0.70 0.75 0.80 0.85 0.90 0.95 0.99 1.04 1.08 1.12 1.15 1.19 1.21 1.24 1.26 1.28 1.29 1.30 1.31 1.31 1.30 1.29 1.28 1.26 1.24 1.22 1.19 1.16 1.13 1.09 1.05 1.01 0.96 0.92 0.87 0.82 0.77 0.72 0.67 0.62 0.58 0.53 0.48 0.43 0.39 0.34 0.30 0.26 0.22 0.18 0.15 0.11 0.08 0.06 0.03 0.01 -0.01 -0.02 -0.04 -0.04 -0.05 -0.06 -0.06 -0.06 -0.05 -0.05 -0.04 -0.04 -0.03 -0.03 -0.02 -0.02 -0.01 -0.01 -0.00 0.00 0.01
0.35 0.40 0.45 0.50 0.55 0.60 0.66 0.71 0.76 0.81 0.86 0.91 0.96 1.01 1.06 1.10 1.14 1.18 1.21 1.24 1.27 1.29 1.31 1.32 1.33 1.34 1.34 1.34 1.33 1.31 1.30 1.28 1.25 1.22 1.19 1.15 1.12 1.08 1.03 0.99 0.94 0.89 0.84 0.79 0.74 0.69 0.64 0.59 0.54 0.49 0.45 0.40 0.35 0.31 0.27 0.23 0.19 0.15 0.12 0.09 0.06 0.03 0.01 -0.01 -0.02 -0.04 -0.05 -0.05 -0.06 -0.06 -0.06 -0.06 -0.05 -0.05 -0.04 -0.04 -0.03 -0.02 -0.02 -0.01 -0.01 -0.00 0.01 0.01
0.35 0.40 0.45 0.50 0.56 0.61 0.66 0.72 0.77 0.82 0.88 0.93 0.98 1.03 1.08 1.12 1.16 1.20 1.24 1.27 1.30 1.32 1.34 1.36 1.37 1.37 1.37 1.37 1.36 1.35 1.33 1.31 1.28 1.25 1.22 1.18 1.14 1.10 1.06 1.01 0.96 0.91 0.86 0.81 0.76 0.71 0.66 0.61 0.55 0.50 0.46 0.41 0.36 0.32 0.27 0.23 0.19 0.15 0.12 0.09 0.06 0.03 0.01 -0.01 -0.02 -0.04 -0.05 -0.06 -0.06 -0.06 -0.06 -0.06 -0.06 -0.05 -0.05 -0.04 -0.03 -0.03 -0.02 -0.01 -0.01 0.00 0.01 0.01
0.35 0.40 0.45 0.51 0.56 0.62 0.67 0.73 0.78 0.84 0.89 0.94 1.00 1.05 1.10 1.14 1.19 1.23 1.26 1.30 1.33 1.35 1.37 1.39 1.40 1.41 1.41 1.41 1.40 1.38 1.37 1.34 1.32 1.28 1.25 1.21 1.17 1.13 1.08 1.04 0.99 0.94 0.88 0.83 0.78 0.73 0.67 0.62 0.57 0.51 0.46 0.41 0.37 0.32 0.28 0.23 0.19 0.16 0.12 0.09 0.06 0.03 0.01 -0.01 -0.03 -0.04 -0.05 -0.06 -0.07 -0.07 -0.07 -0.07 -0.06 -0.06 -0.05 -0.04 -0.04 -0.03 -0.02 -0.01 -0.01 0.00 0.01 0.02
0.35 0.40 0.45 0.51 0.56 0.62 0.68 0.73 0.79 0.85 0.90 0.96 1.01 1.07 1.12 1.17 1.21 1.25 1.29 1.33 1.36 1.39 1.41 1.43 1.44 1.45 1.45 1.44 1.43 1.42 1.40 1.38 1.35 1.32 1.28 1.24 1.20 1.16 1.11 1.06 1.01 0.96 0.90 0.85 0.79 0.74 0.68 0.63 0.58 0.52 0.47 0.42 0.37 0.32 0.28 0.23 0.19 0.15 0.12 0.09 0.06 0.03 0.01 -0.01 -0.03 -0.05 -0.06 -0.07 -0.07 -0.08 -0.08 -0.07 -0.07 -0.06 -0.06 -0.05 -0.04 -0.03 -0.02 -0.02 -0.01 0.00 0.01 0.02
0.35 0.40 0.45 0.51 0.57 0.63 0.68 0.74 0.80 0.86 0.92 0.97 1.03 1.09 1.14 1.19 1.24 1.28 1.32 1.36 1.39 1.42 1.44 1.46 1.48 1.48 1.49 1.48 1.47 1.46 1.44 1.41 1.38 1.35 1.31 1.27 1.23 1.18 1.14 1.09 1.03 0.98 0.92 0.87 0.81 0.75 0.70 0.64 0.58 0.53 0.48 0.42 0.37 0.32 0.28 0.23 0.19 0.15 0.12 0.08 0.05 0.03 0.00 -0.02 -0.04 -0.05 -0.06 -0.07 -0.08 -0.08 -0.08 -0.08 -0.08 -0.07 -0.06 -0.05 -0.05 -0.04 -0.03 -0.02 -0.01 -0.00 0.01 0.02
0.34 0.40 0.45 0.51 0.57 0.63 0.69 0.75 0.81 0.87 0.93 0.99 1.05 1.10 1.16 1.21 1.26 1.31 1.35 1.39 1.43 1.46 1.48 1.50 1.52 1.52 1.53 1.52 1.51 1.50 1.48 1.45 1.42 1.39 1.35 1.31 1.26 1.21 1.16 1.11 1.06 1.00 0.94 0.88 0.83 0.77 0.71 0.65 0.59 0.53 0.48 0.43 0.37 0.32 0.28 0.23 0.19 0.15 0.11 0.08 0.05 0.02 -0.00 -0.03 -0.04 -0.06 -0.07 -0.08 -0.09 -0.09 -0.09 -0.09 -0.09 -0.08 -0.07 -0.06 -0.05 -0.04 -0.03 -0.02 -0.01 -0.01 0.00 0.01
0.34 0.40 0.45 0.51 0.57 0.63 0.69 0.75 0.82 0.88 0.94 1.00 1.06 1.12 1.18 1.23 1.28 1.33 1.38 1.42 1.46 1.49 1.52 1.54 1.56 1.57 1.57 1.56 1.56 1.54 1.52 1.49 1.46 1.43 1.39 1.35 1.30 1.25 1.20 1.14 1.09 1.03 0.97 0.91 0.85 0.78 0.72 0.66 0.60 0.54 0.49 0.43 0.38 0.32 0.27 0.23 0.18 0.14 0.11 0.07 0.04 0.01 -0.01 -0.03 -0.05 -0.07 -0.08 -0.09 -0.10 -0.10 -0.10 -0.10 -0.10 -0.09 -0.08 -0.07 -0.06 -0.05 -0.04 -0.03 -0.02 -0.01 0.00 0.01
0.34 0.39 0.45 0.51 0.57 0.63 0.69 0.76 0.82 0.88 0.95 1.01 1.07 1.13 1.19 1.25 1.30 1.36 1.40 1.45 1.49 1.53 1.56 1.58 1.60 1.61 1.61 1.61 1.60 1.59 1.57 1.54 1.51 1.47 1.43 1.39 1.34 1.29 1.23 1.18 1.12 1.06 1.00 0.93 0.87 0.81 0.74 0.68 0.62 0.55 0.49 0.44 0.38 0.33 0.27 0.22 0.18 0.14 0.10 0.06 0.03 0.00 -0.02 -0.05 -0.06 -0.08 -0.09 -0.10 -0.11 -0.11 -0.11 -0.11 -0.11 -0.10 -0.09 -0.08 -0.07 -0.06 -0.05 -0.04 -0.03 -0.01 -0.00 0.01
0.33 0.39 0.45 0.51 0.57 0.63 0.70 0.76 0.82 0.89 0.95 1.02 1.08 1.15 1.21 1.27 1.32 1.38 1.43 1.48 1.52 1.56 1.60 1.62 1.65 1.66 1.67 1.67 1.66 1.64 1.62 1.59 1.56 1.52 1.48 1.43 1.38 1.33 1.27 1.22 1.15 1.09 1.03 0.96 0.90 0.83 0.76 0.70 0.63 0.57 0.51 0.45 0.39 0.33 0.28 0.22 0.18 0.13 0.09 0.05 0.02 -0.01 -0.03 -0.06 -0.08 -0.09 -0.11 -0.12 -0.12 -0.13 -0.13 -0.12 -0.12 -0.11 -0.10 -0.09 -0.08 -0.07 -0.06 -0.04 -0.03 -0.02 -0.01 0.00
0.32 0.38 0.44 0.50 0.57 0.63 0.70 0.76 0.83 0.89 0.96 1.03 1.09 1.16 1.22 1.28 1.34 1.40 1.46 1.51 1.56 1.60 1.64 1.67 1.70 1.72 1.73 1.73 1.72 1.70 1.68 1.65 1.62 1.58 1.53 1.48 1.43 1.38 1.32 1.26 1.19 1.13 1.06 0.99 0.93 0.86 0.79 0.72 0.65 0.59 0.52 0.46 0.40 0.34 0.28 0.23 0.18 0.13 0.09 0.05 0.01 -0.02 -0.05 -0.07 -0.09 -0.11 -0.12 -0.13 -0.14 -0.14 -0.14 -0.14 -0.13 -0.12 -0.11 -0.10 -0.09 -0.08 -0.06 -0.05 -0.04 -0.03 -0.01 -0.00
0.32 0.38 0.44 0.50 0.56 0.63 0.69 0.76 0.83 0.89 0.96 1.03 1.10 1.17 1.23 1.30 1.36 1.42 1.48 1.54 1.59 1.64 1.69 1.73 1.76 1.78 1.79 1.79 1.78 1.77 1.74 1.71 1.67 1.63 1.59 1.54 1.48 1.42 1.36 1.30 1.23 1.17 1.10 1.03 0.96 0.89 0.82 0.75 0.68 0.61 0.54 0.48 0.41 0.35 0.29 0.23 0.18 0.13 0.08 0.04 0.00 -0.03 -0.06 -0.09 -0.11 -0.12 -0.13 -0.14 -0.15 -0.15 -0.15 -0.15 -0.15 -0.14 -0.13 -0.11 -0.10 -0.09 -0.07 -0.06 -0.05 -0.03 -0.02 -0.01
0.31 0.37 0.43 0.49 0.56 0.62 0.69 0.76 0.83 0.89 0.96 1.03 1.10 1.17 1.24 1.31 1.38 1.44 1.51 1.57 1.63 1.69 1.74 1.78 1.82 1.84 1.86 1.86 1.85 1.83 1.81 1.77 1.73 1.69 1.64 1.59 1.53 1.47 1.41 1.34 1.28 1.21 1.14 1.07 0.99 0.92 0.85 0.78 0.70 0.63 0.56 0.50 0.43 0.36 0.30 0.24 0.19 0.13 0.08 0.04 -0.00 -0.04 -0.07 -0.10 -0.12 -0.14 -0.15 -0.16 -0.17 -0.17 -0.17 -0.17 -0.16 -0.15 -0.14 -0.13 -0.11 -0.10 -0.09 -0.07 -0.06 -0.04 -0.03 -0.02
0.31 0.37 0.43 0.49 0.55 0.62 0.69 0.75 0.82 0.89 0.96 1.03 1.10 1.18 1.25 1.32 1.39 1.47 1.54 1.61 1.68 1.74 1.80 1.85 1.89 1.91 1.93 1.93 1.92 1.90 1.87 1.84 1.79 1.75 1.70 1.64 1.58 1.52 1.46 1.39 1.32 1.25 1.18 1.11 1.03 0.96 0.88 0.81 0.73 0.66 0.59 0.52 0.45 0.38 0.32 0.25 0.19 0.14 0.08 0.04 -0.01 -0.05 -0.08 -0.11 -0.13 -0.15 -0.17 -0.18 -0.18 -0.18 -0.18 -0.18 -0.17 -0.17 -0.15 -0.14 -0.13 -0.11 -0.10 -0.08 -0.07 -0.05 -0.04 -0.02
0.30 0.36 0.42 0.48 0.55 0.61 0.68 0.75 0.82 0.89 0.96 1.03 1.11 1.18 1.26 1.33 1.41 1.49 1.57 1.64 1.72 1.79 1.85 1.91 1.96 1.99 2.01 2.01 2.00 1.97 1.94 1.90 1.85 1.80 1.75 1.69 1.63 1.57 1.51 1.44 1.37 1.30 1.22 1.15 1.07 0.99 0.92 0.84 0.77 0.69 0.62 0.54 0.47 0.40 0.33 0.27 0.21 0.15 0.09 0.04 -0.01 -0.05 -0.09 -0.12 -0.14 -0.16 -0.18 -0.19 -0.20 -0.20 -0.20 -0.20 -0.19 -0.18 -0.17 -0.15 -0.14 -0.12 -0.11 -0.09 -0.08 -0.06 -0.05 -0.03
0.29 0.35 0.41 0.47 0.54 0.60 0.67 0.74 0.81 0.88 0.95 1.03 1.11 1.19 1.27 1.35 1.43 1.51 1.60 1.68 1.76 1.84 1.91 1.98 2.03 2.07 2.09 2.09 2.07 2.04 2.00 1.96 1.91 1.86 1.81 1.75 1.69 1.62 1.56 1.49 1.42 1.34 1.27 1.19 1.11 1.03 0.96 0.88 0.80 0.72 0.65 0.57 0.50 0.43 0.36 0.29 0.22 0.16 0.10 0.04 -0.01 -0.05 -0.09 -0.12 -0.15 -0.17 -0.19 -0.21 -0.21 -0.22 -0.22 -0.21 -0.21 -0.20 -0.18 -0.17 -0.15 -0.14 -0.12 -0.10 -0.09 -0.07 -0.06 -0.04
0.29 0.34 0.40 0.46 0.53 0.59 0.66 0.73 0.80 0.87 0.95 1.03 1.11 1.19 1.27 1.36 1.45 1.53 1.62 1.71 1.80 1.88 1.96 2.04 2.11 2.16 2.18 2.17 2.14 2.11 2.07 2.02 1.97 1.91 1.86 1.80 1.74 1.67 1.60 1.54 1.46 1.39 1.31 1.24 1.16 1.08 1.00 0.92 0.84 0.76 0.68 0.60 0.53 0.45 0.38 0.31 0.24 0.17 0.10 0.05 -0.01 -0.05 -0.09 -0.13 -0.16 -0.18 -0.20 -0.22 -0.23 -0.23 -0.23 -0.23 -0.22 -0.21 -0.20 -0.18 -0.17 -0.15 -0.13 -0.12 -0.10 -0.08 -0.07 -0.05
0.28 0.33 0.39 0.45 0.52 0.58 0.65 0.72 0.79 0.86 0.94 1.02 1.11 1.19 1.28 1.37 1.46 1.55 1.64 1.74 1.83 1.92 2.01 2.10 2.18 2.25 2.26 2.24 2.21 2.17 2.12 2.07 2.02 1.97 1.91 1.85 1.79 1.72 1.65 1.58 1.51 1.44 1.36 1.28 1.20 1.12 1.04 0.96 0.88 0.80 0.72 0.64 0.56 0.48 0.40 0.33 0.26 0.19 0.12 0.05 -0.00 -0.05 -0.09 -0.13 -0.16 -0.18 -0.20 -0.22 -0.23 -0.24 -0.25 -0.25 -0.24 -0.23 -0.21 -0.20 -0.18 -0.16 -0.15 -0.13 -0.11 -0.09 -0.08 -0.06
0.27 0.32 0.38 0.44 0.50 0.57 0.64 0.71 0.78 0.86 0.94 1.02 1.11 1.20 1.29 1.38 1.47 1.57 1.66 1.76 1.85 1.95 2.05 2.14 2.23 2.33 2.34 2.30 2.26 2.21 2.17 2.12 2.07 2.01 1.96 1.90 1.83 1.77 1.70 1.63 1.56 1.49 1.41 1.33 1.25 1.17 1.09 1.00 0.92 0.84 0.76 0.67 0.59 0.51 0.43 0.36 0.28 0.21 0.13 0.07 0.00 -0.04 -0.08 -0.12 -0.15 -0.18 -0.21 -0.23 -0.24 -0.25 -0.26 -0.26 -0.25 -0.24 -0.23 -0.21 -0.19 -0.18 -0.16 -0.14 -0.12 -0.11 -0.09 -0.07
0.26 0.31 0.37 0.43 0.49 0.55 0.62 0.69 0.77 0.85 0.93 1.02 1.11 1.20 1.29 1.39 1.48 1.58 1.68 1.77 1.87 1.97 2.07 2.16 2.25 2.32 2.35 2.32 2.29 2.25 2.21 2.16 2.11 2.06 2.00 1.94 1.88 1.82 1.75 1.68 1.61 1.53 1.46 1.38 1.30 1.22 1.13 1.05 0.96 0.88 0.80 0.71 0.63 0.55 0.47 0.39 0.31 0.23 0.16 0.09 0.03 -0.03 -0.07 -0.11 -0.15 -0.18 -0.20 -0.23 -0.24 -0.26 -0.27 -0.27 -0.27 -0.26 -0.24 -0.23 -0.21 -0.19 -0.17 -0.16 -0.14 -0.12 -0.10 -0.08
0.25 0.30 0.36 0.41 0.48 0.54 0.61 0.68 0.76 0.84 0.93 1.02 1.11 1.20 1.30 1.39 1.49 1.59 1.69 1.78 1.88 1.98 2.07 2.16 2.24 2.30 2.33 2.32 2.30 2.27 2.23 2.19 2.15 2.10 2.04 1.99 1.93 1.86 1.80 1.73 1.66 1.58 1.51 1.43 1.35 1.27 1.18 1.10 1.01 0.92 0.84 0.75 0.67 0.58 0.50 0.42 0.34 0.26 0.19 0.12 0.05 -0.00 -0.05 -0.10 -0.14 -0.17 -0.20 -0.23 -0.25 -0.26 -0.27 -0.28 -0.28 -0.27 -0.26 -0.24 -0.23 -0.21 -0.19 -0.17 -0.15 -0.13 -0.11 -0.09
0.24 0.29 0.34 0.40 0.46 0.53 0.60 0.67 0.75 0.84 0.92 1.01 1.11 1.20 1.30 1.39 1.49 1.59 1.69 1.79 1.89 1.98 2.07 2.16 2.23 2.28 2.31 2.32 2.31 2.29 2.26 2.22 2.18 2.13 2.08 2.03 1.97 1.91 1.85 1.78 1.71 1.63 1.56 1.48 1.40 1.32 1.23 1.14 1.06 0.97 0.88 0.79 0.71 0.62 0.53 0.45 0.37 0.29 0.21 0.14 0.08 0.02 -0.03 -0.08 -0.12 -0.16 -0.19 -0.22 -0.25 -0.26 -0.28 -0.28 -0.29 -0.28 -0.27 -0.26 -0.24 -0.22 -0.20 -0.18 -0.16 -0.14 -0.12 -0.10
0.22 0.27 0.33 0.38 0.45 0.51 0.59 0.66 0.75 0.83 0.92 1.01 1.10 1.20 1.30 1.40 1.50 1.60 1.69 1.79 1.89 1.98 2.07 2.15 2.21 2.26 2.30 2.31 2.31 2.30 2.27 2.24 2.21 2.17 2.12 2.07 2.01 1.96 1.89 1.83 1.76 1.69 1.61 1.53 1.45 1.37 1.28 1.19 1.10 1.01 0.92 0.83 0.75 0.66 0.57 0.48 0.40 0.32 0.24 0.17 0.10 0.04 -0.02 -0.07 -0.11 -0.15 -0.19 -0.22 -0.24 -0.26 -0.28 -0.29 -0.29 -0.29 -0.28 -0.27 -0.26 -0.24 -0.22 -0.20 -0.18 -0.16 -0.14 -0.11
0.20 0.25 0.31 0.37 0.43 0.50 0.58 0.66 0.74 0.82 0.91 1.01 1.10 1.20 1.30 1.40 1.50 1.60 1.69 1.79 1.89 1.98 2.06 2.14 2.20 2.25 2.28 2.30 2.31 2.30 2.29 2.26 2.23 2.20 2.16 2.11 2.06 2.00 1.94 1.88 1.81 1.74 1.66 1.58 1.50 1.42 1.33 1.24 1.15 1.06 0.97 0.88 0.79 0.70 0.61 0.52 0.43 0.35 0.27 0.20 0.13 0.06 0.00 -0.05 -0.10 -0.14 -0.18 -0.21 -0.24 -0.27 -0.28 -0.29 -0.30 -0.30 -0.30 -0.28 -0.27 -0.25 -0.23 -0.21 -0.19 -0.17 -0.15 -0.13
0.19 0.24 0.29 0.35 0.42 0.49 0.57 0.65 0.73 0.82 0.91 1.00 1.10 1.20 1.30 1.40 1.50 1.60 1.69 1.79 1.88 1.97 2.05 2.13 2.19 2.24 2.28 2.30 2.31 2.31 2.30 2.29 2.26 2.23 2.19 2.15 2.10 2.05 1.99 1.92 1.86 1.79 1.71 1.63 1.55 1.47 1.38 1.29 1.20 1.11 1.01 0.92 0.83 0.73 0.64 0.55 0.47 0.38 0.30 0.23 0.15 0.09 0.02 -0.03 -0.09 -0.13 -0.17 -0.21 -0.24 -0.26 -0.28 -0.30 -0.31 -0.31 -0.30 -0.30 -0.28 -0.27 -0.25 -0.23 -0.21 -0.18 -0.16 -0.14
0.17 0.22 0.28 0.34 0.41 0.48 0.56 0.64 0.72 0.81 0.90 1.00 1.10 1.19 1.29 1.39 1.49 1.59 1.69 1.79 1.88 1.97 2.05 2.12 2.18 2.23 2.27 2.30 2.32 2.32 2.32 2.31 2.29 2.26 2.23 2.19 2.14 2.09 2.03 1.97 1.91 1.84 1.76 1.68 1.60 1.52 1.43 1.34 1.25 1.15 1.06 0.96 0.87 0.77 0.68 0.59 0.50 0.41 0.33 0.25 0.18 0.11 0.04 -0.02 -0.07 -0.12 -0.16 -0.20 -0.24 -0.26 -0.29 -0.30 -0.31 -0.32 -0.31 -0.31 -0.30 -0.28 -0.27 -0.25 -0.22 -0.20 -0.17 -0.15
0.15 0.20 0.26 0.32 0.39 0.47 0.55 0.63 0.71 0.80 0.90 0.99 1.09 1.19 1.29 1.39 1.49 1.59 1.69 1.79 1.88 1.96 2.04 2.11 2.18 2.23 2.27 2.30 2.32 2.33 2.33 2.33 2.31 2.29 2.26 2.22 2.18 2.13 2.08 2.02 1.95 1.89 1.81 1.73 1.65 1.57 1.48 1.39 1.29 1.20 1.10 1.01 0.91 0.81 0.72 0.62 0.53 0.45 0.36 0.28 0.20 0.13 0.06 -0.00 -0.06 -0.11 -0.16 -0.20 -0.23 -0.26 -0.29 -0.30 -0.32 -0.32 -0.32 -0.32 -0.31 -0.30 -0.28 -0.26 -0.24 -0.21 -0.19 -0.17
0.13 0.19 0.25 0.31 0.38 0.46 0.54 0.62 0.71 0.80 0.89 0.99 1.08 1.18 1.29 1.39 1.49 1.59 1.69 1.78 1.87 1.96 2.04 2.11 2.17 2.23 2.27 2.31 2.33 2.35 2.35 2.35 2.34 2.32 2.29 2.26 2.22 2.18 2.13 2.07 2.00 1.93 1.86 1.78 1.70 1.62 1.53 1.43 1.34 1.25 1.15 1.05 0.95 0.85 0.76 0.66 0.57 0.48 0.39 0.30 0.23 0.15 0.08 0.01 -0.05 -0.10 -0.15 -0.19 -0.23 -0.26 -0.29 -0.31 -0.32 -0.33 -0.33 -0.33 -0.32 -0.31 -0.30 -0.28 -0.26 -0.23 -0.21 -0.18
0.12 0.17 0.23 0.30 0.37 0.45 0.53 0.61 0.70 0.79 0.88 0.98 1.08 1.18 1.28 1.38 1.48 1.58 1.68 1.78 1.87 1.96 2.03 2.11 2.17 2.23 2.27 2.31 2.34 2.36 2.37 2.37 2.37 2.35 2.33 2.30 2.26 2.22 2.17 2.11 2.05 1.98 1.91 1.83 1.75 1.67 1.58 1.48 1.39 1.29 1.19 1.09 0.99 0.89 0.79 0.69 0.60 0.51 0.42 0.33 0.25 0.17 0.10 0.03 -0.03 -0.09 -0.14 -0.19 -0.23 -0.26 -0.29 -0.31 -0.32 -0.33 -0.34 -0.34 -0.33 -0.32 -0.31 -0.29 -0.27 -0.25 -0.22 -0.20
0.11 0.16 0.22 0.29 0.36 0.44 0.52 0.60 0.69 0.78 0.87 0.97 1.07 1.17 1.28 1.38 1.48 1.58 1.68 1.78 1.87 1.95 2.03 2.11 2.17 2.23 2.28 2.32 2.35 2.38 2.39 2.40 2.40 2.38 2.37 2.34 2.31 2.26 2.22 2.16 2.10 2.03 1.96 1.88 1.80 1.72 1.63 1.53 1.44 1.34 1.24 1.14 1.03 0.93 0.83 0.73 0.63 0.54 0.44 0.35 0.27 0.19 0.11 0.04 -0.02 -0.08 -0.13 -0.18 -0.22 -0.26 -0.29 -0.31 -0.33 -0.34 -0.34 -0.34 -0.34 -0.33 -0.32 -0.31 -0.29 -0.27 -0.24 -0.21
0.09 0.15 0.21 0.28 0.35 0.42 0.51 0.59 0.68 0.77 0.87 0.96 1.06 1.17 1.27 1.37 1.48 1.58 1.68 1.77 1.87 1.95 2.03 2.11 2.18 2.24 2.29 2.33 2.37 2.39 2.41 2.42 2.43 2.42 2.40 2.38 2.35 2.31 2.26 2.21 2.15 2.08 2.01 1.94 1.85 1.77 1.68 1.58 1.48 1.38 1.28 1.18 1.08 0.97 0.87 0.76 0.66 0.56 0.47 0.38 0.29 0.21 0.13 0.06 -0.01 -0.07 -0.13 -0.18 -0.22 -0.26 -0.29 -0.31 -0.33 -0.34 -0.35 -0.35 -0.35 -0.35 -0.34 -0.32 -0.31 -0.28 -0.26 -0.23
0.08 0.14 0.20 0.27 0.34 0.41 0.49 0.58 0.67 0.76 0.86 0.96 1.06 1.16 1.26 1.37 1.47 1.57 1.67 1.77 1.86 1.95 2.03 2.11 2.18 2.24 2.30 2.34 2.38 2.41 2.44 2.45 2.46 2.45 2.44 2.42 2.39 2.36 2.31 2.26 2.20 2.14 2.07 1.99 1.91 1.82 1.73 1.63 1.53 1.43 1.33 1.22 1.12 1.01 0.90 0.80 0.69 0.59 0.49 0.40 0.31 0.22 0.14 0.07 -0.00 -0.06 -0.12 -0.17 -0.22 -0.26 -0.29 -0.31 -0.33 -0.35 -0.36 -0.36 -0.36 -0.36 -0.35 -0.34 -0.32 -0.30 -0.28 -0.25
0.07 0.13 0.19 0.25 0.33 0.40 0.48 0.57 0.66 0.75 0.85 0.95 1.05 1.15 1.26 1.36 1.47 1.57 1.67 1.77 1.86 1.95 2.04 2.11 2.19 2.25 2.31 2.36 2.40 2.44 2.46 2.48 2.49 2.49 2.48 2.46 2.44 2.40 2.36 2.31 2.25 2.19 2.12 2.04 1.96 1.87 1.78 1.68 1.58 1.48 1.37 1.26 1.16 1.05 0.94 0.83 0.72 0.62 0.52 0.42 0.33 0.24 0.16 0.08 0.01 -0.06 -0.12 -0.17 -0.22 -0.26 -0.29 -0.32 -0.34 -0.35 -0.36 -0.37 -0.37 -0.37 -0.36 -0.35 -0.33 -0.31 -0.29 -0.26
