speedsAfterKrig/fixedResidues2/output_residuos_2009_8.asc
NCOLS          173       
NROWS          329       
XLLCENTER      510425.00 
YLLCENTER      8547775.00
DX             50.00     
DY             50.00     
NODATA_VALUE   -999.00   
[rows 204 to 237 of 329, columns 78 to 155 of 173]
-0.41 -0.45 -0.49 -0.52 -0.56 -0.60 -0.64 -0.69 -0.73 -0.78 -0.83 -0.87 -0.92 -0.97 -1.02 -1.07 -1.13 -1.18 -1.23 -1.28 -1.33 -1.38 -1.43 -1.48 -1.53 -1.57 -1.61 -1.64 -1.65 -1.64 -1.61 -1.57 -1.52 -1.48 -1.43 -1.39 -1.34 -1.29 -1.24 -1.19 -1.14 -1.08 -1.03 -0.98 -0.93 -0.88 -0.83 -0.78 -0.73 -0.68 -0.63 -0.58 -0.54 -0.49 -0.45 -0.41 -0.37 -0.33 -0.29 -0.26 -0.22 -0.19 -0.16 -0.14 -0.11 -0.09 -0.07 -0.05 -0.03 -0.01 0.00 0.01 0.02 0.03 0.03 0.04 0.04 0.03
-0.41 -0.44 -0.48 -0.52 -0.56 -0.60 -0.64 -0.69 -0.73 -0.78 -0.83 -0.88 -0.93 -0.98 -1.03 -1.08 -1.13 -1.19 -1.24 -1.29 -1.34 -1.39 -1.44 -1.49 -1.53 -1.57 -1.61 -1.63 -1.64 -1.63 -1.60 -1.57 -1.53 -1.49 -1.45 -1.40 -1.35 -1.31 -1.26 -1.21 -1.16 -1.10 -1.05 -1.00 -0.95 -0.90 -0.85 -0.79 -0.74 -0.69 -0.64 -0.59 -0.55 -0.50 -0.46 -0.41 -0.37 -0.33 -0.29 -0.26 -0.22 -0.19 -0.16 -0.14 -0.11 -0.09 -0.07 -0.05 -0.03 -0.01 0.00 0.01 0.02 0.03 0.03 0.04 0.04 0.03
-0.40 -0.44 -0.47 -0.51 -0.55 -0.59 -0.64 -0.68 -0.73 -0.78 -0.83 -0.88 -0.93 -0.98 -1.03 -1.08 -1.14 -1.19 -1.24 -1.29 -1.35 -1.39 -1.44 -1.49 -1.53 -1.57 -1.60 -1.61 -1.62 -1.62 -1.60 -1.57 -1.54 -1.50 -1.46 -1.42 -1.37 -1.32 -1.27 -1.22 -1.17 -1.12 -1.07 -1.02 -0.97 -0.91 -0.86 -0.81 -0.76 -0.71 -0.66 -0.61 -0.56 -0.51 -0.46 -0.42 -0.38 -0.33 -0.29 -0.26 -0.22 -0.19 -0.16 -0.13 -0.11 -0.09 -0.06 -0.04 -0.03 -0.01 0.00 0.01 0.02 0.03 0.03 0.04 0.04 0.04
-0.39 -0.43 -0.46 -0.50 -0.54 -0.59 -0.63 -0.68 -0.73 -0.78 -0.83 -0.88 -0.93 -0.98 -1.03 -1.09 -1.14 -1.19 -1.25 -1.30 -1.35 -1.40 -1.44 -1.49 -1.53 -1.56 -1.59 -1.60 -1.61 -1.61 -1.59 -1.57 -1.54 -1.51 -1.47 -1.43 -1.39 -1.34 -1.29 -1.24 -1.19 -1.14 -1.09 -1.04 -0.98 -0.93 -0.88 -0.83 -0.77 -0.72 -0.67 -0.62 -0.57 -0.52 -0.47 -0.43 -0.38 -0.34 -0.30 -0.26 -0.22 -0.19 -0.16 -0.13 -0.11 -0.08 -0.06 -0.04 -0.02 -0.01 0.00 0.01 0.02 0.03 0.04 0.04 0.04 0.04
-0.38 -0.42 -0.46 -0.50 -0.54 -0.58 -0.63 -0.68 -0.72 -0.77 -0.83 -0.88 -0.93 -0.98 -1.04 -1.09 -1.14 -1.20 -1.25 -1.30 -1.35 -1.40 -1.44 -1.48 -1.52 -1.55 -1.58 -1.59 -1.60 -1.60 -1.59 -1.57 -1.54 -1.51 -1.48 -1.44 -1.40 -1.35 -1.31 -1.26 -1.21 -1.16 -1.11 -1.05 -1.00 -0.95 -0.89 -0.84 -0.79 -0.73 -0.68 -0.63 -0.58 -0.53 -0.48 -0.43 -0.39 -0.34 -0.30 -0.26 -0.23 -0.19 -0.16 -0.13 -0.10 -0.08 -0.06 -0.04 -0.02 -0.01 0.01 0.02 0.03 0.03 0.04 0.04 0.04 0.04
-0.37 -0.41 -0.45 -0.49 -0.53 -0.58 -0.62 -0.67 -0.72 -0.77 -0.82 -0.88 -0.93 -0.98 -1.04 -1.09 -1.14 -1.20 -1.25 -1.30 -1.35 -1.40 -1.44 -1.48 -1.52 -1.55 -1.57 -1.58 -1.59 -1.59 -1.58 -1.57 -1.55 -1.52 -1.49 -1.45 -1.41 -1.37 -1.32 -1.27 -1.23 -1.17 -1.12 -1.07 -1.02 -0.96 -0.91 -0.86 -0.80 -0.75 -0.70 -0.64 -0.59 -0.54 -0.49 -0.44 -0.40 -0.35 -0.31 -0.27 -0.23 -0.19 -0.16 -0.13 -0.10 -0.08 -0.05 -0.04 -0.02 -0.00 0.01 0.02 0.03 0.03 0.04 0.04 0.04 0.04
-0.36 -0.40 -0.44 -0.48 -0.53 -0.57 -0.62 -0.67 -0.72 -0.77 -0.82 -0.88 -0.93 -0.98 -1.04 -1.09 -1.14 -1.20 -1.25 -1.30 -1.35 -1.40 -1.44 -1.48 -1.51 -1.54 -1.56 -1.58 -1.59 -1.59 -1.58 -1.57 -1.55 -1.52 -1.49 -1.46 -1.42 -1.38 -1.34 -1.29 -1.24 -1.19 -1.14 -1.09 -1.04 -0.98 -0.93 -0.87 -0.82 -0.76 -0.71 -0.66 -0.60 -0.55 -0.50 -0.45 -0.40 -0.36 -0.31 -0.27 -0.23 -0.19 -0.16 -0.13 -0.10 -0.07 -0.05 -0.03 -0.01 0.00 0.01 0.02 0.03 0.04 0.04 0.04 0.04 0.04
-0.35 -0.39 -0.43 -0.47 -0.52 -0.57 -0.61 -0.66 -0.71 -0.77 -0.82 -0.87 -0.93 -0.98 -1.04 -1.09 -1.15 -1.20 -1.25 -1.30 -1.35 -1.39 -1.44 -1.47 -1.51 -1.54 -1.56 -1.57 -1.58 -1.58 -1.58 -1.57 -1.55 -1.53 -1.50 -1.47 -1.43 -1.39 -1.35 -1.31 -1.26 -1.21 -1.16 -1.11 -1.05 -1.00 -0.94 -0.89 -0.83 -0.78 -0.72 -0.67 -0.62 -0.56 -0.51 -0.46 -0.41 -0.36 -0.32 -0.27 -0.23 -0.19 -0.16 -0.13 -0.10 -0.07 -0.05 -0.03 -0.01 0.01 0.02 0.03 0.03 0.04 0.04 0.05 0.05 0.04
-0.34 -0.38 -0.42 -0.47 -0.51 -0.56 -0.61 -0.66 -0.71 -0.76 -0.82 -0.87 -0.93 -0.98 -1.04 -1.09 -1.15 -1.20 -1.25 -1.30 -1.35 -1.39 -1.44 -1.47 -1.51 -1.53 -1.56 -1.57 -1.58 -1.58 -1.58 -1.57 -1.56 -1.54 -1.51 -1.48 -1.44 -1.41 -1.37 -1.32 -1.27 -1.23 -1.18 -1.12 -1.07 -1.02 -0.96 -0.91 -0.85 -0.79 -0.74 -0.68 -0.63 -0.58 -0.52 -0.47 -0.42 -0.37 -0.32 -0.28 -0.24 -0.20 -0.16 -0.13 -0.09 -0.07 -0.04 -0.02 -0.00 0.01 0.02 0.03 0.04 0.04 0.05 0.05 0.05 0.05
-0.33 -0.37 -0.41 -0.46 -0.51 -0.55 -0.60 -0.65 -0.71 -0.76 -0.81 -0.87 -0.92 -0.98 -1.04 -1.09 -1.15 -1.20 -1.25 -1.30 -1.35 -1.39 -1.43 -1.47 -1.50 -1.53 -1.55 -1.57 -1.58 -1.59 -1.58 -1.58 -1.56 -1.54 -1.52 -1.49 -1.46 -1.42 -1.38 -1.34 -1.29 -1.24 -1.19 -1.14 -1.09 -1.03 -0.98 -0.92 -0.87 -0.81 -0.75 -0.70 -0.64 -0.59 -0.53 -0.48 -0.43 -0.38 -0.33 -0.29 -0.24 -0.20 -0.16 -0.13 -0.09 -0.06 -0.04 -0.02 0.00 0.02 0.03 0.04 0.04 0.05 0.05 0.05 0.05 0.05
-0.32 -0.36 -0.41 -0.45 -0.50 -0.55 -0.60 -0.65 -0.70 -0.76 -0.81 -0.87 -0.92 -0.98 -1.04 -1.09 -1.15 -1.20 -1.25 -1.30 -1.35 -1.39 -1.43 -1.47 -1.50 -1.53 -1.56 -1.57 -1.58 -1.59 -1.59 -1.58 -1.57 -1.55 -1.53 -1.50 -1.47 -1.43 -1.40 -1.35 -1.31 -1.26 -1.21 -1.16 -1.11 -1.05 -1.00 -0.94 -0.88 -0.83 -0.77 -0.71 -0.66 -0.60 -0.55 -0.49 -0.44 -0.39 -0.34 -0.29 -0.25 -0.20 -0.16 -0.13 -0.09 -0.06 -0.04 -0.01 0.01 0.02 0.03 0.04 0.05 0.05 0.05 0.05 0.05 0.05
-0.31 -0.35 -0.40 -0.44 -0.49 -0.54 -0.59 -0.64 -0.70 -0.75 -0.81 -0.87 -0.92 -0.98 -1.04 -1.09 -1.15 -1.20 -1.25 -1.30 -1.35 -1.39 -1.44 -1.47 -1.51 -1.53 -1.56 -1.58 -1.59 -1.59 -1.59 -1.59 -1.58 -1.56 -1.54 -1.51 -1.48 -1.45 -1.41 -1.37 -1.33 -1.28 -1.23 -1.18 -1.12 -1.07 -1.01 -0.96 -0.90 -0.84 -0.79 -0.73 -0.67 -0.61 -0.56 -0.50 -0.45 -0.40 -0.35 -0.30 -0.25 -0.21 -0.17 -0.13 -0.09 -0.06 -0.03 -0.01 0.01 0.03 0.04 0.05 0.05 0.05 0.06 0.06 0.05 0.05
-0.30 -0.35 -0.39 -0.44 -0.48 -0.53 -0.59 -0.64 -0.69 -0.75 -0.81 -0.86 -0.92 -0.98 -1.04 -1.09 -1.15 -1.20 -1.25 -1.30 -1.35 -1.40 -1.44 -1.48 -1.51 -1.54 -1.56 -1.58 -1.59 -1.60 -1.60 -1.60 -1.59 -1.57 -1.55 -1.53 -1.50 -1.46 -1.43 -1.39 -1.34 -1.30 -1.25 -1.20 -1.14 -1.09 -1.03 -0.98 -0.92 -0.86 -0.80 -0.74 -0.68 -0.63 -0.57 -0.51 -0.46 -0.41 -0.36 -0.31 -0.26 -0.21 -0.17 -0.13 -0.09 -0.06 -0.03 -0.01 0.01 0.03 0.04 0.05 0.06 0.06 0.06 0.06 0.06 0.05
-0.29 -0.34 -0.38 -0.43 -0.48 -0.53 -0.58 -0.64 -0.69 -0.75 -0.80 -0.86 -0.92 -0.98 -1.04 -1.09 -1.15 -1.20 -1.26 -1.31 -1.35 -1.40 -1.44 -1.48 -1.51 -1.54 -1.57 -1.59 -1.60 -1.61 -1.61 -1.61 -1.60 -1.58 -1.57 -1.54 -1.51 -1.48 -1.45 -1.41 -1.36 -1.32 -1.27 -1.22 -1.16 -1.11 -1.05 -0.99 -0.94 -0.88 -0.82 -0.76 -0.70 -0.64 -0.58 -0.53 -0.47 -0.42 -0.36 -0.31 -0.27 -0.22 -0.18 -0.13 -0.10 -0.06 -0.03 -0.00 0.02 0.03 0.05 0.06 0.06 0.06 0.06 0.06 0.06 0.05
-0.28 -0.33 -0.37 -0.42 -0.47 -0.52 -0.58 -0.63 -0.69 -0.74 -0.80 -0.86 -0.92 -0.98 -1.04 -1.09 -1.15 -1.21 -1.26 -1.31 -1.36 -1.40 -1.45 -1.48 -1.52 -1.55 -1.57 -1.59 -1.61 -1.62 -1.62 -1.62 -1.61 -1.60 -1.58 -1.56 -1.53 -1.50 -1.46 -1.42 -1.38 -1.34 -1.29 -1.24 -1.18 -1.13 -1.07 -1.01 -0.95 -0.89 -0.83 -0.77 -0.71 -0.66 -0.60 -0.54 -0.48 -0.43 -0.37 -0.32 -0.27 -0.23 -0.18 -0.14 -0.10 -0.06 -0.03 -0.00 0.02 0.04 0.05 0.06 0.06 0.07 0.06 0.06 0.06 0.06
-0.28 -0.32 -0.36 -0.41 -0.46 -0.52 -0.57 -0.63 -0.68 -0.74 -0.80 -0.86 -0.92 -0.98 -1.04 -1.10 -1.15 -1.21 -1.26 -1.31 -1.36 -1.41 -1.45 -1.49 -1.53 -1.56 -1.58 -1.60 -1.62 -1.63 -1.63 -1.63 -1.63 -1.61 -1.60 -1.58 -1.55 -1.52 -1.48 -1.44 -1.40 -1.36 -1.31 -1.26 -1.20 -1.15 -1.09 -1.03 -0.97 -0.91 -0.85 -0.79 -0.73 -0.67 -0.61 -0.55 -0.49 -0.44 -0.38 -0.33 -0.28 -0.23 -0.19 -0.14 -0.10 -0.06 -0.03 -0.00 0.02 0.04 0.05 0.06 0.07 0.07 0.07 0.06 0.06 0.06
-0.27 -0.31 -0.36 -0.41 -0.46 -0.51 -0.56 -0.62 -0.68 -0.74 -0.80 -0.86 -0.92 -0.98 -1.04 -1.10 -1.16 -1.21 -1.27 -1.32 -1.37 -1.42 -1.46 -1.50 -1.54 -1.57 -1.59 -1.62 -1.63 -1.64 -1.65 -1.65 -1.64 -1.63 -1.62 -1.59 -1.57 -1.54 -1.50 -1.47 -1.42 -1.38 -1.33 -1.28 -1.22 -1.17 -1.11 -1.05 -0.99 -0.93 -0.87 -0.81 -0.74 -0.68 -0.62 -0.56 -0.51 -0.45 -0.39 -0.34 -0.29 -0.24 -0.19 -0.15 -0.11 -0.07 -0.03 -0.00 0.02 0.04 0.05 0.06 0.07 0.07 0.07 0.07 0.06 0.06
-0.26 -0.30 -0.35 -0.40 -0.45 -0.50 -0.56 -0.62 -0.67 -0.73 -0.79 -0.86 -0.92 -0.98 -1.04 -1.10 -1.16 -1.22 -1.27 -1.33 -1.38 -1.43 -1.47 -1.51 -1.55 -1.58 -1.61 -1.63 -1.65 -1.66 -1.66 -1.66 -1.66 -1.65 -1.63 -1.61 -1.59 -1.56 -1.53 -1.49 -1.45 -1.40 -1.35 -1.30 -1.24 -1.19 -1.13 -1.07 -1.01 -0.95 -0.89 -0.82 -0.76 -0.70 -0.64 -0.58 -0.52 -0.46 -0.40 -0.35 -0.30 -0.25 -0.20 -0.15 -0.11 -0.07 -0.04 -0.01 0.02 0.04 0.05 0.06 0.07 0.07 0.07 0.07 0.06 0.06
-0.25 -0.29 -0.34 -0.39 -0.44 -0.50 -0.55 -0.61 -0.67 -0.73 -0.79 -0.85 -0.92 -0.98 -1.04 -1.10 -1.16 -1.22 -1.28 -1.33 -1.39 -1.43 -1.48 -1.52 -1.56 -1.59 -1.62 -1.64 -1.66 -1.67 -1.68 -1.68 -1.68 -1.67 -1.66 -1.64 -1.61 -1.58 -1.55 -1.51 -1.47 -1.42 -1.37 -1.32 -1.27 -1.21 -1.15 -1.09 -1.03 -0.97 -0.90 -0.84 -0.78 -0.71 -0.65 -0.59 -0.53 -0.47 -0.41 -0.36 -0.31 -0.26 -0.21 -0.16 -0.12 -0.08 -0.04 -0.01 0.01 0.03 0.05 0.06 0.07 0.07 0.07 0.07 0.07 0.06
-0.24 -0.28 -0.33 -0.38 -0.43 -0.49 -0.55 -0.60 -0.67 -0.73 -0.79 -0.85 -0.92 -0.98 -1.04 -1.11 -1.17 -1.23 -1.29 -1.34 -1.40 -1.45 -1.49 -1.54 -1.57 -1.61 -1.64 -1.66 -1.68 -1.69 -1.70 -1.70 -1.70 -1.69 -1.68 -1.66 -1.63 -1.61 -1.57 -1.53 -1.49 -1.45 -1.40 -1.34 -1.29 -1.23 -1.17 -1.11 -1.05 -0.98 -0.92 -0.86 -0.79 -0.73 -0.67 -0.60 -0.54 -0.48 -0.43 -0.37 -0.32 -0.26 -0.22 -0.17 -0.13 -0.09 -0.05 -0.02 0.01 0.03 0.05 0.06 0.07 0.07 0.07 0.07 0.07 0.06
-0.23 -0.27 -0.32 -0.37 -0.42 -0.48 -0.54 -0.60 -0.66 -0.72 -0.79 -0.85 -0.92 -0.98 -1.05 -1.11 -1.17 -1.23 -1.29 -1.35 -1.41 -1.46 -1.51 -1.55 -1.59 -1.62 -1.65 -1.68 -1.70 -1.71 -1.72 -1.73 -1.72 -1.71 -1.70 -1.68 -1.66 -1.63 -1.60 -1.56 -1.52 -1.47 -1.42 -1.37 -1.31 -1.25 -1.19 -1.13 -1.07 -1.00 -0.94 -0.87 -0.81 -0.74 -0.68 -0.62 -0.56 -0.49 -0.44 -0.38 -0.32 -0.27 -0.22 -0.18 -0.13 -0.09 -0.06 -0.03 0.00 0.02 0.04 0.05 0.06 0.07 0.07 0.07 0.07 0.06
-0.21 -0.26 -0.31 -0.36 -0.41 -0.47 -0.53 -0.59 -0.66 -0.72 -0.79 -0.85 -0.92 -0.98 -1.05 -1.11 -1.18 -1.24 -1.30 -1.36 -1.42 -1.47 -1.52 -1.57 -1.61 -1.64 -1.67 -1.70 -1.72 -1.74 -1.75 -1.75 -1.75 -1.74 -1.73 -1.71 -1.69 -1.66 -1.62 -1.58 -1.54 -1.50 -1.45 -1.39 -1.34 -1.28 -1.22 -1.15 -1.09 -1.02 -0.96 -0.89 -0.82 -0.76 -0.69 -0.63 -0.57 -0.51 -0.45 -0.39 -0.33 -0.28 -0.23 -0.18 -0.14 -0.10 -0.06 -0.03 -0.00 0.02 0.04 0.05 0.06 0.07 0.07 0.07 0.07 0.07
-0.20 -0.25 -0.30 -0.35 -0.41 -0.46 -0.52 -0.59 -0.65 -0.72 -0.78 -0.85 -0.92 -0.99 -1.05 -1.12 -1.19 -1.25 -1.31 -1.37 -1.43 -1.48 -1.54 -1.58 -1.62 -1.66 -1.69 -1.72 -1.74 -1.76 -1.77 -1.78 -1.77 -1.77 -1.76 -1.74 -1.71 -1.68 -1.65 -1.61 -1.57 -1.52 -1.47 -1.42 -1.36 -1.30 -1.24 -1.17 -1.11 -1.04 -0.97 -0.91 -0.84 -0.77 -0.71 -0.64 -0.58 -0.52 -0.46 -0.40 -0.34 -0.29 -0.24 -0.19 -0.15 -0.11 -0.07 -0.04 -0.01 0.02 0.04 0.05 0.06 0.07 0.07 0.08 0.07 0.07
-0.19 -0.24 -0.29 -0.34 -0.40 -0.45 -0.52 -0.58 -0.65 -0.71 -0.78 -0.85 -0.92 -0.99 -1.06 -1.12 -1.19 -1.26 -1.32 -1.38 -1.44 -1.50 -1.55 -1.60 -1.64 -1.68 -1.72 -1.75 -1.77 -1.79 -1.80 -1.80 -1.80 -1.80 -1.78 -1.77 -1.74 -1.71 -1.68 -1.64 -1.60 -1.55 -1.50 -1.44 -1.38 -1.32 -1.26 -1.19 -1.13 -1.06 -0.99 -0.92 -0.86 -0.79 -0.72 -0.66 -0.59 -0.53 -0.47 -0.41 -0.35 -0.29 -0.24 -0.19 -0.15 -0.11 -0.07 -0.04 -0.01 0.01 0.03 0.05 0.06 0.07 0.08 0.08 0.08 0.07
-0.18 -0.22 -0.27 -0.33 -0.39 -0.45 -0.51 -0.57 -0.64 -0.71 -0.78 -0.85 -0.92 -0.99 -1.06 -1.13 -1.20 -1.27 -1.33 -1.40 -1.46 -1.52 -1.57 -1.62 -1.67 -1.71 -1.74 -1.77 -1.80 -1.82 -1.83 -1.84 -1.84 -1.83 -1.82 -1.80 -1.77 -1.74 -1.71 -1.67 -1.62 -1.58 -1.52 -1.47 -1.41 -1.35 -1.28 -1.21 -1.15 -1.08 -1.01 -0.94 -0.87 -0.80 -0.73 -0.67 -0.60 -0.53 -0.47 -0.41 -0.35 -0.30 -0.25 -0.20 -0.15 -0.11 -0.07 -0.04 -0.01 0.02 0.04 0.05 0.06 0.07 0.08 0.08 0.08 0.08
-0.16 -0.21 -0.26 -0.32 -0.37 -0.44 -0.50 -0.57 -0.63 -0.70 -0.77 -0.85 -0.92 -0.99 -1.06 -1.14 -1.21 -1.28 -1.34 -1.41 -1.47 -1.53 -1.59 -1.64 -1.69 -1.73 -1.77 -1.80 -1.83 -1.85 -1.86 -1.87 -1.87 -1.86 -1.85 -1.83 -1.81 -1.78 -1.74 -1.70 -1.65 -1.60 -1.55 -1.49 -1.43 -1.37 -1.30 -1.24 -1.17 -1.10 -1.02 -0.95 -0.88 -0.81 -0.74 -0.67 -0.61 -0.54 -0.48 -0.41 -0.36 -0.30 -0.25 -0.20 -0.15 -0.11 -0.07 -0.04 -0.01 0.02 0.04 0.06 0.07 0.08 0.09 0.09 0.09 0.09
-0.15 -0.20 -0.25 -0.30 -0.36 -0.43 -0.49 -0.56 -0.63 -0.70 -0.77 -0.84 -0.92 -0.99 -1.07 -1.14 -1.21 -1.29 -1.36 -1.42 -1.49 -1.55 -1.61 -1.66 -1.71 -1.76 -1.80 -1.83 -1.86 -1.88 -1.90 -1.90 -1.90 -1.90 -1.89 -1.87 -1.84 -1.81 -1.77 -1.73 -1.68 -1.63 -1.58 -1.52 -1.46 -1.39 -1.32 -1.26 -1.18 -1.11 -1.04 -0.97 -0.89 -0.82 -0.75 -0.68 -0.61 -0.54 -0.48 -0.42 -0.36 -0.30 -0.25 -0.20 -0.15 -0.11 -0.07 -0.03 -0.00 0.02 0.04 0.06 0.08 0.09 0.09 0.10 0.10 0.10
-0.13 -0.18 -0.23 -0.29 -0.35 -0.42 -0.48 -0.55 -0.62 -0.69 -0.77 -0.84 -0.92 -0.99 -1.07 -1.15 -1.22 -1.29 -1.37 -1.44 -1.50 -1.57 -1.63 -1.69 -1.74 -1.79 -1.83 -1.86 -1.89 -1.92 -1.93 -1.94 -1.94 -1.94 -1.92 -1.90 -1.88 -1.84 -1.81 -1.76 -1.71 -1.66 -1.60 -1.54 -1.48 -1.41 -1.35 -1.27 -1.20 -1.13 -1.05 -0.98 -0.90 -0.83 -0.76 -0.68 -0.61 -0.55 -0.48 -0.42 -0.35 -0.30 -0.24 -0.19 -0.14 -0.10 -0.06 -0.03 0.00 0.03 0.05 0.07 0.08 0.09 0.10 0.11 0.11 0.10
-0.12 -0.17 -0.22 -0.28 -0.34 -0.40 -0.47 -0.54 -0.61 -0.69 -0.76 -0.84 -0.92 -0.99 -1.07 -1.15 -1.23 -1.30 -1.38 -1.45 -1.52 -1.59 -1.65 -1.71 -1.76 -1.81 -1.86 -1.90 -1.93 -1.95 -1.97 -1.98 -1.98 -1.98 -1.96 -1.94 -1.91 -1.88 -1.84 -1.80 -1.75 -1.69 -1.64 -1.57 -1.51 -1.44 -1.37 -1.30 -1.22 -1.14 -1.07 -0.99 -0.91 -0.84 -0.76 -0.69 -0.62 -0.55 -0.48 -0.41 -0.35 -0.29 -0.24 -0.19 -0.14 -0.10 -0.06 -0.02 0.01 0.04 0.06 0.08 0.09 0.10 0.11 0.12 0.12 0.12
-0.10 -0.15 -0.21 -0.26 -0.33 -0.39 -0.46 -0.53 -0.61 -0.68 -0.76 -0.84 -0.91 -0.99 -1.07 -1.15 -1.23 -1.31 -1.38 -1.46 -1.53 -1.60 -1.67 -1.73 -1.79 -1.84 -1.89 -1.93 -1.96 -1.99 -2.01 -2.02 -2.02 -2.02 -2.01 -1.99 -1.96 -1.92 -1.88 -1.84 -1.79 -1.73 -1.67 -1.61 -1.54 -1.47 -1.40 -1.32 -1.25 -1.17 -1.09 -1.01 -0.93 -0.85 -0.77 -0.69 -0.62 -0.55 -0.48 -0.41 -0.35 -0.29 -0.23 -0.18 -0.13 -0.09 -0.05 -0.01 0.02 0.04 0.07 0.09 0.10 0.12 0.12 0.13 0.13 0.13
-0.09 -0.13 -0.19 -0.25 -0.31 -0.38 -0.45 -0.52 -0.60 -0.67 -0.75 -0.83 -0.91 -0.99 -1.07 -1.15 -1.23 -1.31 -1.39 -1.47 -1.54 -1.62 -1.69 -1.75 -1.81 -1.87 -1.92 -1.96 -2.00 -2.03 -2.05 -2.07 -2.07 -2.07 -2.06 -2.04 -2.01 -1.98 -1.93 -1.89 -1.84 -1.78 -1.72 -1.65 -1.58 -1.51 -1.43 -1.35 -1.27 -1.19 -1.11 -1.03 -0.95 -0.86 -0.78 -0.70 -0.63 -0.55 -0.48 -0.41 -0.34 -0.28 -0.22 -0.17 -0.12 -0.08 -0.04 -0.00 0.03 0.06 0.08 0.10 0.12 0.13 0.14 0.14 0.14 0.14
-0.07 -0.12 -0.17 -0.23 -0.30 -0.37 -0.44 -0.51 -0.59 -0.66 -0.74 -0.82 -0.91 -0.99 -1.07 -1.15 -1.23 -1.32 -1.40 -1.48 -1.56 -1.63 -1.70 -1.77 -1.84 -1.90 -1.95 -2.00 -2.04 -2.07 -2.10 -2.12 -2.13 -2.12 -2.11 -2.09 -2.07 -2.03 -1.99 -1.94 -1.89 -1.83 -1.76 -1.69 -1.62 -1.55 -1.47 -1.39 -1.31 -1.22 -1.14 -1.05 -0.97 -0.88 -0.80 -0.72 -0.64 -0.56 -0.49 -0.41 -0.35 -0.28 -0.22 -0.16 -0.11 -0.07 -0.03 0.01 0.04 0.07 0.10 0.11 0.13 0.14 0.15 0.16 0.16 0.15
-0.05 -0.10 -0.15 -0.22 -0.28 -0.35 -0.42 -0.50 -0.58 -0.65 -0.73 -0.82 -0.90 -0.98 -1.07 -1.15 -1.23 -1.32 -1.40 -1.48 -1.56 -1.64 -1.72 -1.79 -1.86 -1.92 -1.98 -2.04 -2.09 -2.13 -2.16 -2.18 -2.19 -2.19 -2.18 -2.16 -2.13 -2.09 -2.05 -2.00 -1.94 -1.88 -1.81 -1.74 -1.67 -1.59 -1.51 -1.43 -1.34 -1.26 -1.17 -1.08 -1.00 -0.91 -0.82 -0.74 -0.66 -0.58 -0.50 -0.42 -0.35 -0.28 -0.22 -0.16 -0.11 -0.06 -0.01 0.03 0.06 0.09 0.11 0.13 0.15 0.16 0.17 0.17 0.17 0.17
-0.02 -0.08 -0.14 -0.20 -0.27 -0.34 -0.41 -0.49 -0.57 -0.64 -0.73 -0.81 -0.89 -0.98 -1.06 -1.15 -1.23 -1.32 -1.40 -1.49 -1.57 -1.65 -1.73 -1.81 -1.88 -1.96 -2.02 -2.08 -2.14 -2.18 -2.22 -2.24 -2.26 -2.26 -2.25 -2.23 -2.20 -2.16 -2.11 -2.06 -2.00 -1.94 -1.87 -1.80 -1.72 -1.64 -1.56 -1.47 -1.38 -1.30 -1.21 -1.12 -1.03 -0.94 -0.85 -0.76 -0.68 -0.59 -0.51 -0.44 -0.36 -0.29 -0.22 -0.16 -0.10 -0.05 -0.00 0.04 0.08 0.11 0.13 0.15 0.16 0.18 0.18 0.19 0.19 0.18
