speedsAfterKrig/fixedResidues2/output_residuos_2009_8.asc
NCOLS          173       
NROWS          329       
XLLCENTER      510425.00 
YLLCENTER      8547775.00
DX             50.00     
DY             50.00     
NODATA_VALUE   -999.00   
[rows 272 to 305 of 329, columns 78 to 155 of 173]
0.29 0.27 0.25 0.21 0.17 0.13 0.07 0.01 -0.06 -0.13 -0.21 -0.30 -0.39 -0.49 -0.59 -0.71 -0.83 -0.96 -1.09 -1.23 -1.38 -1.53 -1.68 -1.83 -1.99 -2.14 -2.29 -2.44 -2.59 -2.73 -2.87 -3.00 -3.13 -3.25 -3.37 -3.48 -3.58 -3.68 -3.76 -3.83 -3.89 -3.94 -3.97 -3.98 -3.97 -3.94 -3.88 -3.80 -3.70 -3.58 -3.44 -3.29 -3.13 -2.95 -2.78 -2.59 -2.40 -2.21 -2.02 -1.82 -1.63 -1.43 -1.24 -1.05 -0.87 -0.68 -0.51 -0.33 -0.17 -0.03 0.07 0.14 0.21 0.27 0.32 0.36 0.41 0.44
0.30 0.28 0.26 0.22 0.18 0.14 0.09 0.03 -0.04 -0.11 -0.19 -0.27 -0.36 -0.46 -0.57 -0.68 -0.80 -0.92 -1.06 -1.20 -1.35 -1.50 -1.66 -1.81 -1.97 -2.12 -2.28 -2.43 -2.58 -2.72 -2.87 -3.00 -3.14 -3.27 -3.39 -3.50 -3.61 -3.71 -3.81 -3.89 -3.96 -4.02 -4.05 -4.07 -4.07 -4.04 -3.98 -3.90 -3.80 -3.67 -3.53 -3.37 -3.20 -3.02 -2.83 -2.64 -2.44 -2.25 -2.05 -1.85 -1.65 -1.46 -1.26 -1.07 -0.88 -0.70 -0.51 -0.34 -0.17 -0.00 0.07 0.14 0.21 0.26 0.32 0.36 0.41 0.44
0.30 0.29 0.26 0.23 0.19 0.15 0.10 0.04 -0.02 -0.09 -0.17 -0.25 -0.34 -0.43 -0.54 -0.65 -0.76 -0.89 -1.02 -1.17 -1.32 -1.47 -1.63 -1.79 -1.95 -2.10 -2.26 -2.41 -2.57 -2.72 -2.86 -3.00 -3.14 -3.27 -3.40 -3.52 -3.64 -3.75 -3.85 -3.94 -4.02 -4.09 -4.14 -4.17 -4.17 -4.15 -4.09 -4.01 -3.90 -3.76 -3.61 -3.44 -3.26 -3.07 -2.88 -2.68 -2.48 -2.28 -2.08 -1.88 -1.68 -1.48 -1.28 -1.09 -0.90 -0.71 -0.53 -0.36 -0.19 -0.05 0.05 0.13 0.19 0.25 0.31 0.36 0.40 0.44
0.31 0.29 0.27 0.24 0.20 0.16 0.11 0.05 -0.01 -0.08 -0.15 -0.23 -0.32 -0.41 -0.51 -0.61 -0.73 -0.85 -0.99 -1.13 -1.29 -1.44 -1.60 -1.76 -1.92 -2.08 -2.24 -2.40 -2.55 -2.70 -2.85 -3.00 -3.14 -3.27 -3.41 -3.54 -3.66 -3.78 -3.89 -3.99 -4.08 -4.16 -4.22 -4.26 -4.28 -4.26 -4.21 -4.12 -4.00 -3.85 -3.68 -3.51 -3.32 -3.12 -2.92 -2.72 -2.52 -2.31 -2.10 -1.90 -1.70 -1.50 -1.30 -1.11 -0.92 -0.73 -0.55 -0.38 -0.23 -0.09 0.01 0.10 0.17 0.24 0.30 0.35 0.40 0.44
0.31 0.29 0.27 0.25 0.21 0.17 0.12 0.07 0.01 -0.06 -0.13 -0.21 -0.29 -0.38 -0.48 -0.58 -0.69 -0.81 -0.95 -1.10 -1.25 -1.41 -1.57 -1.74 -1.90 -2.06 -2.22 -2.38 -2.53 -2.69 -2.84 -2.98 -3.13 -3.27 -3.41 -3.54 -3.67 -3.80 -3.91 -4.03 -4.13 -4.22 -4.30 -4.36 -4.39 -4.38 -4.32 -4.23 -4.09 -3.93 -3.75 -3.56 -3.37 -3.16 -2.96 -2.75 -2.54 -2.33 -2.13 -1.92 -1.71 -1.51 -1.32 -1.12 -0.93 -0.75 -0.58 -0.41 -0.27 -0.13 -0.02 0.07 0.15 0.22 0.29 0.34 0.39 0.43
0.31 0.30 0.28 0.25 0.22 0.18 0.13 0.08 0.02 -0.04 -0.11 -0.19 -0.27 -0.36 -0.45 -0.54 -0.65 -0.77 -0.91 -1.06 -1.22 -1.38 -1.55 -1.71 -1.87 -2.03 -2.19 -2.35 -2.51 -2.66 -2.82 -2.97 -3.12 -3.26 -3.40 -3.54 -3.67 -3.80 -3.93 -4.05 -4.17 -4.27 -4.37 -4.44 -4.49 -4.50 -4.44 -4.33 -4.18 -4.00 -3.81 -3.61 -3.40 -3.19 -2.98 -2.77 -2.56 -2.35 -2.14 -1.93 -1.73 -1.53 -1.33 -1.14 -0.95 -0.77 -0.60 -0.44 -0.30 -0.17 -0.06 0.04 0.13 0.21 0.27 0.33 0.38 0.43
0.31 0.30 0.28 0.25 0.22 0.18 0.14 0.09 0.03 -0.03 -0.10 -0.17 -0.25 -0.33 -0.42 -0.51 -0.61 -0.72 -0.87 -1.03 -1.19 -1.35 -1.52 -1.68 -1.85 -2.01 -2.17 -2.33 -2.48 -2.64 -2.79 -2.94 -3.09 -3.24 -3.39 -3.53 -3.66 -3.80 -3.93 -4.06 -4.18 -4.30 -4.41 -4.51 -4.59 -4.62 -4.56 -4.43 -4.25 -4.06 -3.85 -3.64 -3.43 -3.21 -3.00 -2.78 -2.57 -2.36 -2.15 -1.94 -1.74 -1.54 -1.34 -1.15 -0.97 -0.79 -0.63 -0.47 -0.33 -0.20 -0.08 0.02 0.11 0.19 0.26 0.32 0.37 0.42
0.31 0.30 0.28 0.26 0.22 0.19 0.14 0.09 0.04 -0.02 -0.09 -0.16 -0.24 -0.32 -0.40 -0.49 -0.59 -0.69 -0.84 -1.00 -1.16 -1.33 -1.49 -1.65 -1.82 -1.98 -2.14 -2.30 -2.45 -2.61 -2.76 -2.92 -3.07 -3.21 -3.36 -3.50 -3.64 -3.78 -3.92 -4.05 -4.18 -4.31 -4.43 -4.55 -4.66 -4.74 -4.68 -4.50 -4.29 -4.08 -3.86 -3.65 -3.43 -3.21 -3.00 -2.78 -2.57 -2.36 -2.15 -1.94 -1.74 -1.54 -1.35 -1.16 -0.98 -0.81 -0.64 -0.49 -0.35 -0.22 -0.10 0.00 0.09 0.17 0.25 0.31 0.37 0.42
0.30 0.29 0.28 0.26 0.23 0.19 0.15 0.10 0.05 -0.01 -0.08 -0.15 -0.22 -0.30 -0.39 -0.48 -0.58 -0.70 -0.83 -0.98 -1.14 -1.30 -1.47 -1.63 -1.79 -1.95 -2.11 -2.26 -2.42 -2.57 -2.73 -2.88 -3.03 -3.18 -3.33 -3.47 -3.61 -3.75 -3.89 -4.02 -4.15 -4.28 -4.41 -4.53 -4.65 -4.76 -4.69 -4.49 -4.28 -4.06 -3.85 -3.63 -3.41 -3.20 -2.98 -2.77 -2.56 -2.34 -2.14 -1.93 -1.73 -1.54 -1.35 -1.16 -0.99 -0.82 -0.66 -0.51 -0.37 -0.24 -0.12 -0.01 0.08 0.16 0.24 0.30 0.36 0.41
0.29 0.29 0.27 0.25 0.23 0.19 0.15 0.10 0.05 -0.01 -0.07 -0.14 -0.22 -0.30 -0.38 -0.48 -0.58 -0.70 -0.83 -0.97 -1.13 -1.28 -1.44 -1.60 -1.76 -1.92 -2.07 -2.23 -2.38 -2.54 -2.69 -2.84 -2.99 -3.14 -3.28 -3.42 -3.56 -3.70 -3.84 -3.97 -4.10 -4.22 -4.34 -4.45 -4.55 -4.60 -4.54 -4.39 -4.21 -4.00 -3.80 -3.59 -3.38 -3.16 -2.95 -2.74 -2.53 -2.32 -2.12 -1.92 -1.72 -1.53 -1.34 -1.16 -0.99 -0.82 -0.66 -0.51 -0.37 -0.25 -0.13 -0.02 0.07 0.16 0.23 0.30 0.36 0.41
0.29 0.28 0.27 0.25 0.22 0.19 0.15 0.11 0.05 -0.00 -0.07 -0.14 -0.21 -0.29 -0.38 -0.48 -0.58 -0.70 -0.82 -0.96 -1.11 -1.26 -1.42 -1.57 -1.73 -1.88 -2.04 -2.19 -2.34 -2.49 -2.64 -2.79 -2.94 -3.08 -3.23 -3.37 -3.51 -3.64 -3.77 -3.90 -4.02 -4.13 -4.24 -4.33 -4.40 -4.41 -4.37 -4.25 -4.09 -3.91 -3.72 -3.52 -3.32 -3.12 -2.91 -2.70 -2.50 -2.30 -2.09 -1.90 -1.70 -1.51 -1.33 -1.15 -0.98 -0.82 -0.66 -0.51 -0.38 -0.25 -0.13 -0.03 0.07 0.15 0.23 0.29 0.35 0.40
0.28 0.27 0.26 0.24 0.22 0.19 0.15 0.11 0.06 -0.00 -0.06 -0.13 -0.21 -0.29 -0.38 -0.47 -0.58 -0.69 -0.82 -0.95 -1.09 -1.24 -1.39 -1.54 -1.69 -1.85 -2.00 -2.15 -2.30 -2.45 -2.59 -2.74 -2.88 -3.03 -3.17 -3.30 -3.44 -3.56 -3.69 -3.81 -3.92 -4.03 -4.12 -4.19 -4.23 -4.23 -4.19 -4.09 -3.96 -3.80 -3.63 -3.44 -3.25 -3.05 -2.85 -2.65 -2.46 -2.26 -2.06 -1.87 -1.68 -1.49 -1.31 -1.14 -0.97 -0.81 -0.65 -0.51 -0.37 -0.25 -0.13 -0.03 0.07 0.15 0.23 0.29 0.35 0.40
0.27 0.26 0.25 0.24 0.21 0.18 0.15 0.11 0.06 0.00 -0.06 -0.13 -0.20 -0.28 -0.37 -0.47 -0.57 -0.69 -0.81 -0.94 -1.08 -1.22 -1.36 -1.51 -1.66 -1.81 -1.96 -2.11 -2.25 -2.40 -2.54 -2.68 -2.82 -2.96 -3.10 -3.23 -3.36 -3.48 -3.60 -3.71 -3.81 -3.90 -3.98 -4.03 -4.06 -4.06 -4.01 -3.93 -3.81 -3.67 -3.51 -3.34 -3.16 -2.98 -2.79 -2.60 -2.40 -2.21 -2.02 -1.83 -1.65 -1.47 -1.29 -1.12 -0.95 -0.79 -0.64 -0.49 -0.36 -0.24 -0.12 -0.02 0.07 0.15 0.23 0.29 0.35 0.40
0.26 0.26 0.25 0.23 0.21 0.18 0.14 0.10 0.06 0.00 -0.06 -0.13 -0.20 -0.28 -0.37 -0.46 -0.57 -0.68 -0.80 -0.92 -1.06 -1.20 -1.34 -1.48 -1.63 -1.77 -1.91 -2.06 -2.20 -2.34 -2.48 -2.62 -2.76 -2.89 -3.02 -3.15 -3.27 -3.38 -3.49 -3.60 -3.69 -3.77 -3.83 -3.87 -3.89 -3.88 -3.84 -3.77 -3.66 -3.54 -3.39 -3.24 -3.07 -2.89 -2.71 -2.53 -2.34 -2.16 -1.97 -1.79 -1.61 -1.43 -1.26 -1.09 -0.92 -0.77 -0.62 -0.47 -0.34 -0.22 -0.11 -0.01 0.08 0.16 0.23 0.30 0.35 0.40
0.25 0.25 0.24 0.22 0.20 0.17 0.14 0.10 0.05 -0.00 -0.06 -0.13 -0.20 -0.28 -0.37 -0.46 -0.56 -0.67 -0.79 -0.91 -1.04 -1.17 -1.31 -1.45 -1.59 -1.73 -1.87 -2.01 -2.15 -2.29 -2.42 -2.55 -2.68 -2.81 -2.94 -3.06 -3.17 -3.28 -3.38 -3.48 -3.56 -3.63 -3.68 -3.72 -3.73 -3.71 -3.67 -3.61 -3.51 -3.40 -3.27 -3.12 -2.96 -2.80 -2.63 -2.46 -2.28 -2.10 -1.92 -1.74 -1.57 -1.39 -1.22 -1.05 -0.89 -0.74 -0.59 -0.45 -0.32 -0.20 -0.09 0.01 0.09 0.17 0.24 0.30 0.36 0.41
0.24 0.24 0.23 0.21 0.19 0.17 0.13 0.09 0.05 -0.00 -0.06 -0.13 -0.20 -0.28 -0.36 -0.45 -0.55 -0.66 -0.77 -0.89 -1.02 -1.15 -1.28 -1.42 -1.55 -1.69 -1.82 -1.96 -2.09 -2.22 -2.36 -2.48 -2.61 -2.73 -2.85 -2.96 -3.07 -3.17 -3.27 -3.35 -3.43 -3.49 -3.53 -3.56 -3.57 -3.55 -3.51 -3.45 -3.36 -3.26 -3.14 -3.00 -2.86 -2.70 -2.54 -2.38 -2.21 -2.04 -1.86 -1.69 -1.52 -1.35 -1.18 -1.01 -0.85 -0.70 -0.55 -0.42 -0.29 -0.17 -0.07 0.03 0.11 0.19 0.25 0.31 0.37 0.41
0.23 0.23 0.22 0.21 0.19 0.16 0.13 0.09 0.04 -0.01 -0.06 -0.13 -0.20 -0.27 -0.36 -0.45 -0.54 -0.65 -0.76 -0.87 -1.00 -1.12 -1.25 -1.38 -1.51 -1.64 -1.77 -1.91 -2.03 -2.16 -2.29 -2.41 -2.53 -2.65 -2.76 -2.87 -2.97 -3.06 -3.15 -3.23 -3.29 -3.35 -3.38 -3.41 -3.41 -3.39 -3.35 -3.29 -3.22 -3.12 -3.01 -2.88 -2.75 -2.60 -2.45 -2.29 -2.13 -1.97 -1.80 -1.63 -1.46 -1.30 -1.13 -0.97 -0.81 -0.66 -0.51 -0.38 -0.25 -0.14 -0.04 0.05 0.13 0.20 0.27 0.32 0.37 0.42
0.22 0.22 0.21 0.20 0.18 0.15 0.12 0.08 0.04 -0.01 -0.07 -0.13 -0.20 -0.27 -0.35 -0.44 -0.53 -0.64 -0.74 -0.85 -0.97 -1.09 -1.22 -1.34 -1.47 -1.60 -1.72 -1.85 -1.97 -2.10 -2.22 -2.34 -2.45 -2.56 -2.67 -2.77 -2.86 -2.95 -3.03 -3.10 -3.16 -3.21 -3.24 -3.26 -3.26 -3.24 -3.20 -3.15 -3.07 -2.98 -2.88 -2.77 -2.64 -2.50 -2.36 -2.21 -2.05 -1.89 -1.73 -1.57 -1.41 -1.24 -1.08 -0.92 -0.76 -0.61 -0.47 -0.33 -0.21 -0.10 -0.01 0.08 0.15 0.22 0.28 0.33 0.38 0.42
0.21 0.21 0.20 0.19 0.17 0.15 0.12 0.08 0.04 -0.01 -0.07 -0.13 -0.20 -0.27 -0.35 -0.43 -0.52 -0.62 -0.73 -0.83 -0.95 -1.06 -1.18 -1.31 -1.43 -1.55 -1.67 -1.79 -1.91 -2.03 -2.15 -2.26 -2.37 -2.47 -2.57 -2.67 -2.76 -2.84 -2.91 -2.98 -3.03 -3.07 -3.10 -3.11 -3.11 -3.09 -3.05 -3.00 -2.93 -2.85 -2.76 -2.65 -2.53 -2.40 -2.26 -2.12 -1.97 -1.82 -1.66 -1.50 -1.34 -1.19 -1.03 -0.87 -0.71 -0.56 -0.42 -0.29 -0.17 -0.06 0.03 0.11 0.18 0.24 0.30 0.35 0.39 0.43
0.20 0.20 0.20 0.18 0.16 0.14 0.11 0.07 0.03 -0.02 -0.07 -0.13 -0.19 -0.27 -0.34 -0.43 -0.52 -0.61 -0.71 -0.81 -0.92 -1.04 -1.15 -1.27 -1.39 -1.50 -1.62 -1.74 -1.85 -1.96 -2.07 -2.18 -2.28 -2.38 -2.48 -2.57 -2.65 -2.73 -2.79 -2.85 -2.90 -2.94 -2.96 -2.97 -2.97 -2.95 -2.91 -2.86 -2.80 -2.72 -2.63 -2.53 -2.42 -2.30 -2.17 -2.03 -1.89 -1.74 -1.59 -1.44 -1.28 -1.13 -0.97 -0.82 -0.66 -0.51 -0.37 -0.23 -0.12 -0.02 0.07 0.14 0.20 0.26 0.31 0.36 0.40 0.43
0.19 0.19 0.19 0.18 0.16 0.14 0.11 0.07 0.03 -0.02 -0.07 -0.13 -0.19 -0.26 -0.34 -0.42 -0.50 -0.60 -0.69 -0.79 -0.90 -1.01 -1.12 -1.23 -1.34 -1.46 -1.57 -1.68 -1.79 -1.90 -2.00 -2.10 -2.20 -2.30 -2.38 -2.47 -2.55 -2.62 -2.68 -2.73 -2.77 -2.81 -2.83 -2.83 -2.83 -2.81 -2.78 -2.73 -2.67 -2.60 -2.51 -2.41 -2.31 -2.19 -2.07 -1.94 -1.80 -1.66 -1.51 -1.37 -1.22 -1.07 -0.92 -0.76 -0.61 -0.47 -0.32 -0.18 -0.06 0.03 0.10 0.16 0.22 0.27 0.32 0.37 0.40 0.44
0.18 0.18 0.18 0.17 0.15 0.13 0.10 0.07 0.03 -0.02 -0.07 -0.12 -0.19 -0.25 -0.33 -0.41 -0.49 -0.58 -0.67 -0.77 -0.87 -0.98 -1.08 -1.19 -1.30 -1.41 -1.52 -1.62 -1.73 -1.83 -1.93 -2.03 -2.12 -2.21 -2.29 -2.37 -2.44 -2.51 -2.56 -2.61 -2.65 -2.68 -2.70 -2.70 -2.70 -2.68 -2.64 -2.60 -2.54 -2.47 -2.39 -2.30 -2.20 -2.09 -1.97 -1.84 -1.71 -1.58 -1.44 -1.30 -1.15 -1.01 -0.86 -0.72 -0.57 -0.42 -0.28 -0.14 -0.00 0.06 0.13 0.18 0.24 0.29 0.33 0.37 0.41 0.44
0.17 0.17 0.17 0.16 0.15 0.13 0.10 0.07 0.03 -0.01 -0.06 -0.12 -0.18 -0.25 -0.32 -0.39 -0.47 -0.56 -0.65 -0.75 -0.84 -0.94 -1.05 -1.15 -1.25 -1.36 -1.46 -1.56 -1.66 -1.76 -1.86 -1.95 -2.04 -2.12 -2.20 -2.27 -2.34 -2.40 -2.45 -2.50 -2.53 -2.56 -2.57 -2.57 -2.57 -2.55 -2.51 -2.47 -2.41 -2.35 -2.27 -2.18 -2.09 -1.98 -1.87 -1.75 -1.63 -1.50 -1.37 -1.23 -1.09 -0.95 -0.81 -0.67 -0.53 -0.39 -0.25 -0.12 -0.01 0.07 0.14 0.20 0.25 0.30 0.34 0.38 0.41 0.44
0.16 0.16 0.16 0.15 0.14 0.12 0.10 0.07 0.03 -0.01 -0.06 -0.11 -0.17 -0.24 -0.30 -0.38 -0.46 -0.54 -0.63 -0.72 -0.81 -0.91 -1.01 -1.11 -1.21 -1.31 -1.41 -1.50 -1.60 -1.69 -1.78 -1.87 -1.95 -2.03 -2.11 -2.18 -2.24 -2.29 -2.34 -2.38 -2.41 -2.44 -2.45 -2.45 -2.44 -2.42 -2.39 -2.35 -2.29 -2.23 -2.15 -2.07 -1.98 -1.88 -1.77 -1.66 -1.54 -1.42 -1.29 -1.16 -1.03 -0.90 -0.76 -0.63 -0.49 -0.36 -0.23 -0.11 -0.01 0.07 0.14 0.20 0.25 0.30 0.34 0.38 0.41 0.44
0.14 0.15 0.15 0.14 0.13 0.12 0.09 0.06 0.03 -0.01 -0.05 -0.11 -0.16 -0.22 -0.29 -0.36 -0.44 -0.52 -0.60 -0.69 -0.78 -0.87 -0.97 -1.06 -1.16 -1.25 -1.35 -1.44 -1.53 -1.62 -1.71 -1.79 -1.87 -1.94 -2.01 -2.08 -2.14 -2.19 -2.23 -2.27 -2.30 -2.32 -2.33 -2.33 -2.32 -2.30 -2.26 -2.22 -2.17 -2.11 -2.04 -1.96 -1.88 -1.78 -1.68 -1.57 -1.46 -1.34 -1.22 -1.10 -0.97 -0.84 -0.71 -0.59 -0.46 -0.34 -0.22 -0.11 -0.01 0.07 0.14 0.20 0.26 0.30 0.34 0.38 0.41 0.44
0.13 0.14 0.14 0.14 0.13 0.11 0.09 0.06 0.03 -0.00 -0.05 -0.10 -0.15 -0.21 -0.28 -0.34 -0.42 -0.49 -0.57 -0.66 -0.75 -0.83 -0.92 -1.01 -1.10 -1.20 -1.29 -1.38 -1.46 -1.55 -1.63 -1.71 -1.78 -1.85 -1.92 -1.98 -2.04 -2.08 -2.12 -2.16 -2.18 -2.20 -2.21 -2.21 -2.19 -2.17 -2.14 -2.10 -2.06 -2.00 -1.93 -1.86 -1.77 -1.68 -1.59 -1.49 -1.38 -1.27 -1.15 -1.03 -0.91 -0.79 -0.67 -0.55 -0.43 -0.31 -0.20 -0.10 -0.01 0.07 0.14 0.20 0.25 0.30 0.34 0.38 0.41 0.44
0.11 0.12 0.13 0.13 0.12 0.11 0.09 0.06 0.03 -0.00 -0.04 -0.09 -0.14 -0.20 -0.26 -0.32 -0.39 -0.47 -0.54 -0.63 -0.71 -0.79 -0.88 -0.97 -1.05 -1.14 -1.23 -1.31 -1.39 -1.48 -1.55 -1.63 -1.70 -1.77 -1.83 -1.88 -1.93 -1.98 -2.02 -2.05 -2.07 -2.08 -2.09 -2.09 -2.08 -2.06 -2.03 -1.99 -1.94 -1.89 -1.82 -1.75 -1.67 -1.59 -1.50 -1.40 -1.30 -1.19 -1.08 -0.97 -0.86 -0.74 -0.63 -0.51 -0.40 -0.29 -0.19 -0.09 -0.01 0.07 0.14 0.20 0.25 0.30 0.34 0.37 0.41 0.43
0.10 0.11 0.12 0.12 0.11 0.10 0.08 0.06 0.04 0.00 -0.04 -0.08 -0.13 -0.18 -0.24 -0.30 -0.37 -0.44 -0.51 -0.59 -0.67 -0.75 -0.83 -0.92 -1.00 -1.08 -1.16 -1.24 -1.32 -1.40 -1.48 -1.55 -1.61 -1.68 -1.74 -1.79 -1.84 -1.88 -1.91 -1.94 -1.96 -1.97 -1.98 -1.97 -1.96 -1.94 -1.91 -1.88 -1.83 -1.78 -1.72 -1.65 -1.58 -1.50 -1.41 -1.32 -1.22 -1.12 -1.02 -0.91 -0.80 -0.69 -0.58 -0.48 -0.37 -0.27 -0.18 -0.09 -0.00 0.07 0.14 0.20 0.25 0.29 0.33 0.37 0.40 0.42
0.09 0.10 0.11 0.11 0.10 0.10 0.08 0.06 0.04 0.01 -0.03 -0.07 -0.12 -0.17 -0.22 -0.28 -0.35 -0.41 -0.48 -0.56 -0.63 -0.71 -0.79 -0.87 -0.94 -1.02 -1.10 -1.18 -1.25 -1.33 -1.40 -1.47 -1.53 -1.59 -1.64 -1.69 -1.74 -1.78 -1.81 -1.83 -1.85 -1.86 -1.87 -1.86 -1.85 -1.83 -1.80 -1.77 -1.72 -1.67 -1.62 -1.55 -1.48 -1.40 -1.32 -1.24 -1.14 -1.05 -0.95 -0.85 -0.75 -0.65 -0.54 -0.44 -0.34 -0.25 -0.16 -0.08 0.00 0.07 0.14 0.20 0.25 0.29 0.33 0.36 0.39 0.42
0.07 0.08 0.09 0.10 0.10 0.09 0.08 0.06 0.04 0.01 -0.02 -0.06 -0.11 -0.15 -0.21 -0.26 -0.32 -0.38 -0.45 -0.52 -0.59 -0.67 -0.74 -0.82 -0.89 -0.97 -1.04 -1.11 -1.18 -1.25 -1.32 -1.38 -1.44 -1.50 -1.55 -1.60 -1.64 -1.68 -1.71 -1.73 -1.75 -1.76 -1.76 -1.75 -1.74 -1.72 -1.70 -1.66 -1.62 -1.57 -1.52 -1.46 -1.39 -1.32 -1.24 -1.16 -1.07 -0.98 -0.89 -0.79 -0.70 -0.60 -0.50 -0.41 -0.32 -0.23 -0.14 -0.06 0.01 0.08 0.14 0.19 0.24 0.29 0.32 0.36 0.38 0.41
0.06 0.07 0.08 0.09 0.09 0.08 0.07 0.06 0.04 0.01 -0.02 -0.05 -0.09 -0.14 -0.19 -0.24 -0.30 -0.36 -0.42 -0.49 -0.55 -0.62 -0.70 -0.77 -0.84 -0.91 -0.98 -1.05 -1.11 -1.18 -1.24 -1.30 -1.36 -1.41 -1.46 -1.51 -1.55 -1.58 -1.61 -1.63 -1.64 -1.65 -1.65 -1.65 -1.64 -1.62 -1.59 -1.56 -1.52 -1.47 -1.42 -1.36 -1.30 -1.23 -1.16 -1.08 -1.00 -0.91 -0.82 -0.73 -0.64 -0.55 -0.46 -0.37 -0.29 -0.20 -0.13 -0.05 0.02 0.08 0.14 0.19 0.24 0.28 0.32 0.35 0.38 0.40
0.04 0.05 0.06 0.07 0.08 0.08 0.07 0.06 0.04 0.02 -0.01 -0.04 -0.08 -0.12 -0.17 -0.22 -0.27 -0.33 -0.39 -0.45 -0.52 -0.58 -0.65 -0.72 -0.78 -0.85 -0.92 -0.98 -1.04 -1.11 -1.17 -1.22 -1.28 -1.33 -1.38 -1.42 -1.45 -1.48 -1.51 -1.53 -1.54 -1.55 -1.55 -1.55 -1.53 -1.52 -1.49 -1.46 -1.42 -1.38 -1.33 -1.27 -1.21 -1.15 -1.08 -1.00 -0.93 -0.85 -0.76 -0.68 -0.59 -0.51 -0.42 -0.34 -0.26 -0.18 -0.11 -0.04 0.03 0.09 0.14 0.19 0.24 0.28 0.31 0.34 0.37 0.39
0.03 0.04 0.05 0.06 0.07 0.07 0.06 0.05 0.04 0.02 -0.00 -0.03 -0.07 -0.11 -0.15 -0.20 -0.25 -0.30 -0.36 -0.42 -0.48 -0.54 -0.60 -0.67 -0.73 -0.79 -0.86 -0.92 -0.98 -1.04 -1.09 -1.15 -1.20 -1.25 -1.29 -1.33 -1.36 -1.39 -1.41 -1.43 -1.44 -1.45 -1.45 -1.45 -1.43 -1.42 -1.39 -1.36 -1.33 -1.29 -1.24 -1.19 -1.13 -1.07 -1.00 -0.93 -0.86 -0.78 -0.70 -0.62 -0.54 -0.46 -0.38 -0.31 -0.23 -0.16 -0.09 -0.02 0.04 0.09 0.15 0.19 0.24 0.27 0.31 0.33 0.36 0.37
0.02 0.03 0.04 0.05 0.05 0.06 0.06 0.05 0.04 0.02 -0.00 -0.03 -0.06 -0.09 -0.13 -0.18 -0.22 -0.27 -0.33 -0.38 -0.44 -0.50 -0.56 -0.62 -0.68 -0.74 -0.80 -0.85 -0.91 -0.97 -1.02 -1.07 -1.12 -1.16 -1.20 -1.24 -1.27 -1.30 -1.32 -1.34 -1.35 -1.36 -1.36 -1.35 -1.34 -1.32 -1.30 -1.27 -1.24 -1.20 -1.15 -1.10 -1.05 -0.99 -0.93 -0.86 -0.79 -0.72 -0.65 -0.57 -0.50 -0.42 -0.35 -0.27 -0.20 -0.14 -0.07 -0.01 0.05 0.10 0.15 0.19 0.23 0.27 0.30 0.32 0.34 0.36
