speedsAfterKrig/fixedResidues2/output_residuos_2009_8.asc
NCOLS          173       
NROWS          329       
XLLCENTER      510425.00 
YLLCENTER      8547775.00
DX             50.00     
DY             50.00     
NODATA_VALUE   -999.00   
[rows 259 to 295 of 329, columns 83 to 165 of 173]
0.03 0.04 0.05 0.07 0.09 0.11 0.14 0.17 0.20 0.23 0.26 0.30 0.34 0.38 0.43 0.48 0.53 0.59 0.64 0.69 0.75 0.80 0.85 0.90 0.95 0.99 1.03 1.07 1.10 1.12 1.14 1.15 1.15 1.15 1.15 1.14 1.13 1.11 1.08 1.06 1.03 0.99 0.95 0.91 0.87 0.82 0.77 0.72 0.66 0.61 0.55 0.50 0.45 0.39 0.34 0.29 0.24 0.19 0.15 0.11 0.07 0.04 0.01 -0.01 -0.03 -0.05 -0.06 -0.06 -0.06 -0.06 -0.05 -0.05 -0.04 -0.03 -0.02 -0.00 0.01 0.02 0.03 0.04 0.05 0.07 0.08
0.02 0.03 0.04 0.06 0.07 0.09 0.12 0.14 0.17 0.20 0.23 0.27 0.31 0.36 0.41 0.46 0.51 0.56 0.62 0.67 0.73 0.78 0.84 0.89 0.94 0.98 1.03 1.06 1.09 1.12 1.14 1.16 1.17 1.17 1.17 1.17 1.15 1.14 1.12 1.09 1.06 1.03 0.99 0.95 0.91 0.86 0.81 0.76 0.70 0.65 0.59 0.53 0.48 0.42 0.37 0.31 0.26 0.21 0.17 0.12 0.08 0.05 0.02 -0.01 -0.03 -0.05 -0.06 -0.07 -0.07 -0.07 -0.07 -0.06 -0.05 -0.04 -0.03 -0.01 -0.00 0.01 0.02 0.03 0.05 0.06 0.07
0.01 0.02 0.03 0.04 0.06 0.07 0.09 0.12 0.14 0.17 0.20 0.24 0.29 0.33 0.38 0.43 0.49 0.54 0.60 0.65 0.71 0.77 0.82 0.88 0.93 0.98 1.02 1.06 1.10 1.13 1.15 1.17 1.18 1.19 1.19 1.19 1.18 1.17 1.15 1.13 1.10 1.07 1.04 1.00 0.95 0.90 0.85 0.80 0.74 0.69 0.63 0.57 0.51 0.45 0.39 0.34 0.28 0.23 0.18 0.14 0.10 0.06 0.02 -0.00 -0.03 -0.05 -0.06 -0.07 -0.08 -0.08 -0.08 -0.07 -0.06 -0.05 -0.04 -0.03 -0.01 0.00 0.01 0.03 0.04 0.05 0.06
0.01 0.01 0.02 0.03 0.04 0.05 0.07 0.09 0.11 0.14 0.18 0.22 0.26 0.31 0.36 0.41 0.46 0.52 0.58 0.64 0.70 0.75 0.81 0.87 0.92 0.97 1.02 1.06 1.10 1.13 1.16 1.19 1.20 1.21 1.22 1.22 1.22 1.21 1.19 1.17 1.14 1.11 1.08 1.04 1.00 0.95 0.90 0.84 0.79 0.73 0.67 0.60 0.54 0.48 0.42 0.36 0.31 0.25 0.20 0.15 0.11 0.07 0.03 0.00 -0.02 -0.04 -0.06 -0.07 -0.08 -0.09 -0.09 -0.08 -0.07 -0.06 -0.05 -0.04 -0.02 -0.01 0.00 0.02 0.03 0.05 0.06
-0.00 0.00 0.01 0.01 0.02 0.03 0.05 0.07 0.09 0.12 0.16 0.19 0.24 0.29 0.34 0.39 0.44 0.50 0.56 0.62 0.68 0.74 0.80 0.86 0.91 0.97 1.02 1.07 1.11 1.14 1.18 1.20 1.22 1.24 1.25 1.25 1.25 1.24 1.23 1.21 1.19 1.16 1.12 1.08 1.04 0.99 0.94 0.89 0.83 0.77 0.71 0.64 0.58 0.51 0.45 0.39 0.33 0.28 0.22 0.17 0.12 0.08 0.04 0.01 -0.02 -0.04 -0.06 -0.08 -0.09 -0.09 -0.10 -0.09 -0.09 -0.08 -0.06 -0.05 -0.04 -0.02 -0.01 0.01 0.02 0.04 0.05
-0.01 -0.01 -0.01 -0.00 0.00 0.01 0.03 0.04 0.07 0.10 0.13 0.17 0.22 0.26 0.32 0.37 0.43 0.48 0.54 0.61 0.67 0.73 0.79 0.85 0.91 0.97 1.02 1.07 1.12 1.16 1.19 1.22 1.25 1.27 1.28 1.29 1.29 1.28 1.27 1.25 1.23 1.20 1.17 1.13 1.09 1.04 0.99 0.93 0.87 0.81 0.75 0.68 0.61 0.55 0.48 0.42 0.36 0.30 0.24 0.19 0.14 0.09 0.05 0.02 -0.01 -0.04 -0.06 -0.08 -0.09 -0.10 -0.11 -0.10 -0.10 -0.09 -0.08 -0.06 -0.05 -0.03 -0.02 -0.00 0.01 0.03 0.04
-0.02 -0.02 -0.02 -0.02 -0.01 -0.01 0.00 0.02 0.05 0.07 0.11 0.15 0.20 0.24 0.30 0.35 0.41 0.47 0.53 0.59 0.66 0.72 0.78 0.85 0.91 0.97 1.02 1.08 1.13 1.17 1.21 1.24 1.27 1.30 1.31 1.32 1.33 1.32 1.32 1.30 1.28 1.25 1.22 1.18 1.14 1.09 1.03 0.98 0.92 0.85 0.79 0.72 0.65 0.58 0.52 0.45 0.38 0.32 0.26 0.20 0.15 0.10 0.06 0.02 -0.01 -0.04 -0.06 -0.08 -0.10 -0.11 -0.11 -0.11 -0.11 -0.10 -0.09 -0.08 -0.06 -0.04 -0.03 -0.01 0.01 0.02 0.04
-0.03 -0.03 -0.03 -0.03 -0.03 -0.03 -0.01 0.00 0.03 0.05 0.09 0.13 0.18 0.22 0.28 0.33 0.39 0.45 0.52 0.58 0.65 0.71 0.78 0.84 0.91 0.97 1.03 1.09 1.14 1.19 1.23 1.27 1.30 1.33 1.35 1.36 1.37 1.37 1.36 1.35 1.33 1.30 1.27 1.23 1.19 1.14 1.08 1.03 0.96 0.90 0.83 0.76 0.69 0.62 0.55 0.48 0.41 0.35 0.28 0.22 0.17 0.12 0.07 0.03 -0.01 -0.04 -0.06 -0.08 -0.10 -0.11 -0.12 -0.12 -0.12 -0.11 -0.10 -0.09 -0.07 -0.05 -0.04 -0.02 -0.00 0.01 0.03
-0.04 -0.04 -0.05 -0.05 -0.05 -0.04 -0.03 -0.02 0.01 0.04 0.07 0.11 0.16 0.21 0.26 0.32 0.38 0.44 0.50 0.57 0.64 0.71 0.77 0.84 0.91 0.98 1.04 1.10 1.15 1.21 1.25 1.30 1.33 1.36 1.39 1.40 1.41 1.41 1.41 1.40 1.38 1.35 1.32 1.28 1.24 1.19 1.13 1.08 1.01 0.95 0.88 0.80 0.73 0.66 0.58 0.51 0.44 0.37 0.30 0.24 0.18 0.13 0.08 0.04 -0.00 -0.04 -0.06 -0.09 -0.11 -0.12 -0.13 -0.13 -0.13 -0.13 -0.12 -0.10 -0.08 -0.07 -0.05 -0.03 -0.01 0.00 0.02
-0.04 -0.05 -0.06 -0.06 -0.06 -0.06 -0.05 -0.03 -0.01 0.02 0.05 0.09 0.14 0.19 0.24 0.30 0.36 0.43 0.49 0.56 0.63 0.70 0.77 0.84 0.91 0.98 1.05 1.11 1.17 1.23 1.28 1.32 1.37 1.40 1.43 1.45 1.46 1.46 1.46 1.45 1.43 1.41 1.38 1.34 1.29 1.24 1.19 1.13 1.06 0.99 0.92 0.85 0.77 0.69 0.62 0.54 0.47 0.40 0.33 0.26 0.20 0.14 0.09 0.04 0.00 -0.04 -0.07 -0.09 -0.11 -0.12 -0.13 -0.14 -0.14 -0.14 -0.13 -0.11 -0.10 -0.08 -0.06 -0.04 -0.02 -0.01 0.01
-0.05 -0.06 -0.07 -0.08 -0.08 -0.08 -0.07 -0.05 -0.03 0.00 0.04 0.08 0.12 0.17 0.23 0.28 0.35 0.41 0.48 0.55 0.62 0.70 0.77 0.84 0.92 0.99 1.06 1.13 1.19 1.25 1.31 1.36 1.40 1.44 1.47 1.49 1.51 1.51 1.51 1.50 1.49 1.46 1.43 1.39 1.35 1.30 1.24 1.18 1.11 1.04 0.97 0.89 0.81 0.73 0.65 0.57 0.50 0.42 0.35 0.28 0.21 0.15 0.10 0.05 0.00 -0.04 -0.07 -0.09 -0.11 -0.13 -0.14 -0.15 -0.15 -0.14 -0.14 -0.13 -0.11 -0.09 -0.07 -0.05 -0.03 -0.01 0.00
-0.06 -0.07 -0.08 -0.09 -0.09 -0.09 -0.08 -0.07 -0.04 -0.02 0.02 0.06 0.11 0.16 0.21 0.27 0.33 0.40 0.47 0.54 0.62 0.69 0.77 0.85 0.92 1.00 1.07 1.14 1.21 1.28 1.33 1.39 1.44 1.48 1.51 1.54 1.56 1.57 1.57 1.56 1.55 1.52 1.49 1.45 1.41 1.35 1.29 1.23 1.16 1.09 1.01 0.93 0.85 0.77 0.69 0.61 0.53 0.45 0.37 0.30 0.23 0.17 0.11 0.05 0.00 -0.04 -0.07 -0.09 -0.12 -0.13 -0.14 -0.15 -0.15 -0.15 -0.15 -0.14 -0.12 -0.10 -0.08 -0.06 -0.04 -0.02 -0.00
-0.07 -0.08 -0.10 -0.10 -0.11 -0.10 -0.10 -0.08 -0.06 -0.03 0.00 0.04 0.09 0.14 0.20 0.26 0.32 0.39 0.46 0.54 0.61 0.69 0.77 0.85 0.93 1.01 1.09 1.16 1.23 1.30 1.37 1.42 1.48 1.52 1.56 1.59 1.61 1.62 1.63 1.62 1.61 1.58 1.55 1.51 1.47 1.41 1.35 1.29 1.21 1.14 1.06 0.98 0.89 0.81 0.72 0.64 0.56 0.47 0.40 0.32 0.25 0.18 0.12 0.06 0.00 -0.04 -0.07 -0.10 -0.12 -0.13 -0.15 -0.16 -0.16 -0.16 -0.15 -0.14 -0.13 -0.11 -0.09 -0.07 -0.05 -0.03 -0.01
-0.07 -0.09 -0.11 -0.12 -0.12 -0.12 -0.11 -0.09 -0.07 -0.04 -0.01 0.03 0.07 0.12 0.18 0.24 0.31 0.38 0.45 0.53 0.61 0.69 0.77 0.86 0.94 1.02 1.10 1.18 1.26 1.33 1.40 1.46 1.52 1.56 1.61 1.64 1.66 1.68 1.69 1.68 1.67 1.65 1.62 1.58 1.53 1.47 1.41 1.34 1.27 1.19 1.11 1.02 0.94 0.85 0.76 0.67 0.59 0.50 0.42 0.34 0.27 0.19 0.12 0.06 0.00 -0.04 -0.07 -0.10 -0.12 -0.14 -0.15 -0.16 -0.16 -0.16 -0.16 -0.15 -0.14 -0.12 -0.10 -0.08 -0.06 -0.04 -0.02
-0.08 -0.10 -0.12 -0.13 -0.13 -0.13 -0.12 -0.11 -0.09 -0.06 -0.03 0.01 0.06 0.11 0.16 0.22 0.29 0.36 0.44 0.52 0.60 0.69 0.77 0.86 0.95 1.03 1.12 1.20 1.28 1.36 1.43 1.50 1.56 1.61 1.66 1.69 1.72 1.74 1.75 1.75 1.74 1.71 1.68 1.64 1.59 1.53 1.47 1.40 1.32 1.24 1.15 1.07 0.98 0.89 0.80 0.71 0.62 0.53 0.45 0.37 0.29 0.21 0.14 0.07 -0.00 -0.03 -0.07 -0.09 -0.12 -0.14 -0.15 -0.16 -0.17 -0.17 -0.17 -0.16 -0.15 -0.13 -0.11 -0.09 -0.07 -0.05 -0.03
-0.08 -0.11 -0.12 -0.13 -0.14 -0.14 -0.13 -0.12 -0.10 -0.07 -0.04 -0.00 0.04 0.09 0.14 0.21 0.27 0.35 0.43 0.51 0.59 0.68 0.77 0.86 0.96 1.05 1.14 1.22 1.31 1.39 1.46 1.54 1.60 1.66 1.71 1.75 1.78 1.80 1.82 1.82 1.81 1.78 1.75 1.71 1.66 1.59 1.53 1.45 1.37 1.29 1.20 1.11 1.02 0.93 0.83 0.74 0.65 0.56 0.47 0.39 0.31 0.23 0.15 0.08 0.02 -0.02 -0.06 -0.09 -0.11 -0.13 -0.15 -0.16 -0.17 -0.17 -0.17 -0.17 -0.16 -0.14 -0.12 -0.10 -0.08 -0.06 -0.04
-0.09 -0.11 -0.13 -0.14 -0.15 -0.15 -0.14 -0.13 -0.11 -0.09 -0.06 -0.02 0.02 0.07 0.12 0.18 0.25 0.33 0.41 0.49 0.58 0.68 0.77 0.86 0.96 1.06 1.15 1.24 1.33 1.42 1.50 1.57 1.64 1.71 1.76 1.81 1.84 1.87 1.89 1.89 1.88 1.86 1.82 1.78 1.72 1.66 1.59 1.51 1.43 1.34 1.25 1.15 1.06 0.96 0.87 0.77 0.68 0.59 0.50 0.41 0.33 0.25 0.18 0.11 0.05 -0.00 -0.04 -0.08 -0.11 -0.13 -0.15 -0.16 -0.17 -0.18 -0.18 -0.17 -0.16 -0.15 -0.13 -0.11 -0.09 -0.06 -0.04
-0.09 -0.12 -0.14 -0.15 -0.16 -0.16 -0.16 -0.14 -0.13 -0.10 -0.08 -0.04 -0.00 0.05 0.10 0.16 0.23 0.31 0.39 0.48 0.57 0.67 0.76 0.86 0.96 1.07 1.16 1.26 1.36 1.45 1.53 1.61 1.69 1.75 1.82 1.87 1.91 1.94 1.96 1.96 1.95 1.93 1.89 1.85 1.79 1.72 1.65 1.56 1.48 1.39 1.29 1.20 1.10 1.00 0.90 0.80 0.71 0.61 0.52 0.44 0.35 0.27 0.20 0.13 0.07 0.01 -0.03 -0.07 -0.10 -0.13 -0.15 -0.16 -0.17 -0.18 -0.18 -0.18 -0.17 -0.16 -0.14 -0.11 -0.09 -0.07 -0.05
-0.09 -0.12 -0.14 -0.16 -0.17 -0.17 -0.16 -0.16 -0.14 -0.12 -0.09 -0.06 -0.02 0.02 0.08 0.14 0.21 0.29 0.37 0.46 0.56 0.66 0.76 0.86 0.97 1.07 1.18 1.28 1.38 1.47 1.56 1.65 1.73 1.80 1.87 1.93 1.97 2.01 2.03 2.04 2.03 2.01 1.97 1.92 1.86 1.78 1.70 1.62 1.53 1.43 1.34 1.24 1.14 1.03 0.93 0.83 0.74 0.64 0.55 0.46 0.37 0.29 0.21 0.14 0.08 0.03 -0.02 -0.06 -0.09 -0.12 -0.14 -0.16 -0.17 -0.18 -0.18 -0.18 -0.17 -0.16 -0.14 -0.12 -0.10 -0.08 -0.06
-0.10 -0.12 -0.15 -0.16 -0.17 -0.17 -0.17 -0.17 -0.15 -0.13 -0.11 -0.08 -0.04 -0.00 0.05 0.11 0.18 0.26 0.35 0.44 0.54 0.65 0.75 0.86 0.97 1.07 1.18 1.29 1.39 1.50 1.59 1.68 1.77 1.85 1.93 1.99 2.04 2.08 2.11 2.12 2.11 2.09 2.05 1.99 1.92 1.85 1.76 1.67 1.58 1.48 1.38 1.27 1.17 1.07 0.96 0.86 0.76 0.66 0.57 0.48 0.39 0.31 0.23 0.16 0.10 0.04 -0.01 -0.05 -0.09 -0.12 -0.14 -0.16 -0.17 -0.18 -0.19 -0.19 -0.18 -0.17 -0.15 -0.13 -0.11 -0.08 -0.06
-0.10 -0.12 -0.15 -0.16 -0.17 -0.18 -0.18 -0.17 -0.16 -0.15 -0.12 -0.10 -0.07 -0.03 0.02 0.08 0.16 0.24 0.33 0.43 0.53 0.63 0.74 0.85 0.96 1.08 1.19 1.30 1.41 1.51 1.62 1.72 1.81 1.90 1.98 2.05 2.11 2.16 2.19 2.20 2.20 2.17 2.12 2.06 1.99 1.91 1.82 1.72 1.62 1.52 1.41 1.31 1.20 1.10 0.99 0.89 0.78 0.68 0.59 0.49 0.41 0.32 0.24 0.17 0.11 0.05 -0.00 -0.04 -0.08 -0.11 -0.14 -0.16 -0.18 -0.19 -0.19 -0.19 -0.18 -0.17 -0.16 -0.13 -0.11 -0.09 -0.07
-0.09 -0.12 -0.15 -0.16 -0.18 -0.18 -0.18 -0.18 -0.17 -0.16 -0.14 -0.11 -0.09 -0.05 -0.00 0.05 0.13 0.21 0.31 0.41 0.51 0.62 0.73 0.85 0.96 1.07 1.19 1.30 1.42 1.53 1.64 1.74 1.84 1.94 2.03 2.11 2.18 2.23 2.27 2.29 2.28 2.25 2.20 2.13 2.05 1.96 1.87 1.76 1.66 1.55 1.45 1.34 1.23 1.12 1.01 0.91 0.80 0.70 0.60 0.51 0.42 0.33 0.26 0.18 0.12 0.06 0.01 -0.04 -0.08 -0.11 -0.14 -0.16 -0.18 -0.19 -0.19 -0.19 -0.19 -0.18 -0.16 -0.14 -0.12 -0.09 -0.07
-0.09 -0.12 -0.14 -0.16 -0.18 -0.18 -0.19 -0.18 -0.18 -0.16 -0.15 -0.13 -0.10 -0.07 -0.03 0.02 0.10 0.19 0.29 0.39 0.50 0.61 0.72 0.84 0.95 1.07 1.19 1.31 1.42 1.54 1.65 1.76 1.87 1.97 2.07 2.16 2.24 2.31 2.36 2.38 2.37 2.34 2.28 2.20 2.11 2.01 1.91 1.80 1.69 1.58 1.47 1.36 1.25 1.14 1.03 0.92 0.81 0.71 0.61 0.52 0.43 0.34 0.26 0.19 0.12 0.06 0.01 -0.04 -0.08 -0.11 -0.14 -0.16 -0.18 -0.19 -0.19 -0.20 -0.19 -0.18 -0.17 -0.15 -0.12 -0.10 -0.08
-0.09 -0.12 -0.14 -0.16 -0.17 -0.18 -0.18 -0.18 -0.18 -0.17 -0.16 -0.14 -0.12 -0.09 -0.06 -0.01 0.07 0.17 0.27 0.38 0.49 0.60 0.71 0.83 0.95 1.07 1.19 1.30 1.42 1.54 1.66 1.77 1.88 1.99 2.10 2.20 2.29 2.38 2.44 2.47 2.46 2.42 2.35 2.26 2.16 2.05 1.94 1.83 1.72 1.61 1.50 1.38 1.27 1.16 1.04 0.93 0.82 0.72 0.62 0.52 0.43 0.35 0.27 0.19 0.13 0.06 0.01 -0.04 -0.08 -0.11 -0.14 -0.16 -0.18 -0.19 -0.20 -0.20 -0.19 -0.18 -0.17 -0.15 -0.13 -0.10 -0.08
-0.08 -0.11 -0.13 -0.15 -0.17 -0.18 -0.18 -0.18 -0.18 -0.17 -0.16 -0.14 -0.12 -0.10 -0.08 -0.03 0.06 0.16 0.26 0.37 0.47 0.59 0.70 0.82 0.94 1.06 1.18 1.30 1.42 1.54 1.66 1.78 1.89 2.01 2.12 2.23 2.33 2.43 2.52 2.57 2.56 2.49 2.40 2.30 2.19 2.08 1.97 1.85 1.74 1.63 1.51 1.39 1.28 1.16 1.05 0.94 0.83 0.72 0.62 0.52 0.43 0.35 0.27 0.19 0.12 0.06 0.01 -0.04 -0.08 -0.11 -0.14 -0.17 -0.18 -0.19 -0.20 -0.20 -0.20 -0.19 -0.17 -0.15 -0.13 -0.10 -0.08
-0.08 -0.11 -0.13 -0.15 -0.16 -0.17 -0.17 -0.18 -0.17 -0.17 -0.15 -0.14 -0.12 -0.10 -0.06 -0.01 0.06 0.16 0.26 0.36 0.47 0.58 0.69 0.81 0.93 1.05 1.17 1.29 1.41 1.53 1.65 1.77 1.89 2.01 2.13 2.24 2.35 2.46 2.57 2.66 2.64 2.55 2.44 2.33 2.21 2.10 1.98 1.87 1.75 1.63 1.52 1.40 1.28 1.17 1.05 0.94 0.83 0.72 0.62 0.52 0.43 0.34 0.26 0.19 0.12 0.06 0.01 -0.04 -0.08 -0.12 -0.15 -0.17 -0.19 -0.20 -0.20 -0.20 -0.20 -0.19 -0.17 -0.15 -0.13 -0.11 -0.08
-0.07 -0.10 -0.12 -0.14 -0.15 -0.16 -0.17 -0.17 -0.16 -0.16 -0.15 -0.13 -0.11 -0.08 -0.04 0.01 0.08 0.16 0.26 0.35 0.46 0.57 0.68 0.80 0.91 1.03 1.15 1.27 1.39 1.52 1.64 1.76 1.88 2.00 2.11 2.23 2.35 2.46 2.57 2.66 2.65 2.55 2.44 2.33 2.21 2.10 1.98 1.87 1.75 1.63 1.51 1.40 1.28 1.16 1.05 0.93 0.82 0.72 0.61 0.51 0.42 0.33 0.25 0.18 0.11 0.05 -0.00 -0.05 -0.09 -0.12 -0.15 -0.17 -0.19 -0.20 -0.21 -0.21 -0.20 -0.19 -0.18 -0.16 -0.13 -0.11 -0.08
-0.06 -0.09 -0.11 -0.13 -0.14 -0.15 -0.16 -0.16 -0.16 -0.15 -0.14 -0.12 -0.10 -0.07 -0.03 0.03 0.09 0.17 0.26 0.35 0.45 0.56 0.67 0.78 0.90 1.02 1.13 1.25 1.37 1.49 1.61 1.73 1.85 1.97 2.09 2.20 2.31 2.41 2.50 2.56 2.56 2.49 2.40 2.30 2.19 2.08 1.97 1.85 1.74 1.62 1.50 1.39 1.27 1.15 1.04 0.93 0.81 0.71 0.60 0.50 0.41 0.32 0.24 0.17 0.10 0.04 -0.01 -0.06 -0.10 -0.13 -0.16 -0.18 -0.19 -0.20 -0.21 -0.21 -0.20 -0.19 -0.18 -0.16 -0.13 -0.11 -0.08
-0.05 -0.08 -0.10 -0.12 -0.13 -0.14 -0.15 -0.15 -0.14 -0.14 -0.13 -0.11 -0.08 -0.05 -0.01 0.04 0.10 0.18 0.26 0.35 0.45 0.55 0.66 0.77 0.88 1.00 1.11 1.23 1.35 1.47 1.58 1.70 1.82 1.93 2.04 2.15 2.25 2.34 2.42 2.46 2.46 2.41 2.34 2.25 2.15 2.05 1.94 1.83 1.72 1.60 1.49 1.37 1.25 1.14 1.02 0.91 0.80 0.69 0.59 0.49 0.40 0.31 0.23 0.15 0.09 0.03 -0.02 -0.07 -0.10 -0.14 -0.16 -0.18 -0.20 -0.21 -0.21 -0.21 -0.20 -0.19 -0.18 -0.16 -0.13 -0.11 -0.08
-0.04 -0.07 -0.09 -0.11 -0.12 -0.13 -0.14 -0.14 -0.13 -0.13 -0.11 -0.10 -0.07 -0.04 0.00 0.05 0.11 0.18 0.26 0.35 0.44 0.54 0.64 0.75 0.86 0.97 1.09 1.20 1.32 1.43 1.55 1.66 1.77 1.88 1.99 2.09 2.18 2.26 2.32 2.35 2.35 2.32 2.26 2.19 2.10 2.00 1.90 1.79 1.68 1.57 1.46 1.35 1.23 1.12 1.01 0.89 0.78 0.67 0.57 0.47 0.38 0.29 0.21 0.14 0.07 0.01 -0.04 -0.08 -0.11 -0.14 -0.17 -0.19 -0.20 -0.21 -0.21 -0.21 -0.20 -0.19 -0.18 -0.16 -0.13 -0.11 -0.08
-0.03 -0.06 -0.08 -0.10 -0.11 -0.12 -0.12 -0.13 -0.12 -0.12 -0.10 -0.08 -0.06 -0.03 0.01 0.06 0.12 0.19 0.26 0.34 0.43 0.53 0.63 0.73 0.84 0.95 1.06 1.17 1.28 1.40 1.51 1.62 1.72 1.83 1.92 2.01 2.10 2.16 2.22 2.24 2.25 2.22 2.18 2.11 2.03 1.95 1.85 1.75 1.64 1.54 1.43 1.32 1.21 1.09 0.98 0.87 0.76 0.65 0.55 0.45 0.36 0.27 0.19 0.11 0.05 -0.00 -0.05 -0.09 -0.12 -0.15 -0.17 -0.19 -0.20 -0.21 -0.21 -0.21 -0.20 -0.19 -0.17 -0.15 -0.13 -0.10 -0.08
-0.02 -0.05 -0.07 -0.08 -0.10 -0.11 -0.11 -0.12 -0.11 -0.11 -0.09 -0.08 -0.05 -0.02 0.02 0.07 0.12 0.19 0.26 0.34 0.42 0.51 0.61 0.71 0.81 0.92 1.03 1.14 1.24 1.35 1.46 1.56 1.66 1.76 1.85 1.94 2.01 2.07 2.11 2.14 2.14 2.12 2.08 2.03 1.96 1.88 1.79 1.70 1.60 1.49 1.39 1.28 1.17 1.06 0.95 0.84 0.74 0.63 0.53 0.43 0.33 0.24 0.16 0.09 0.03 -0.02 -0.06 -0.10 -0.13 -0.16 -0.18 -0.19 -0.21 -0.21 -0.21 -0.21 -0.20 -0.19 -0.17 -0.15 -0.13 -0.10 -0.08
-0.01 -0.03 -0.05 -0.07 -0.09 -0.10 -0.10 -0.11 -0.11 -0.10 -0.09 -0.07 -0.05 -0.02 0.02 0.07 0.12 0.18 0.25 0.33 0.41 0.50 0.59 0.69 0.79 0.89 0.99 1.10 1.20 1.30 1.41 1.50 1.60 1.69 1.77 1.85 1.92 1.97 2.01 2.03 2.04 2.02 1.99 1.94 1.88 1.81 1.73 1.64 1.55 1.45 1.35 1.24 1.14 1.03 0.92 0.81 0.71 0.60 0.50 0.40 0.31 0.22 0.14 0.06 0.01 -0.04 -0.08 -0.11 -0.14 -0.16 -0.18 -0.20 -0.21 -0.21 -0.21 -0.21 -0.20 -0.19 -0.17 -0.15 -0.12 -0.10 -0.07
0.00 -0.02 -0.04 -0.06 -0.07 -0.09 -0.09 -0.10 -0.10 -0.09 -0.08 -0.07 -0.04 -0.02 0.02 0.06 0.11 0.17 0.24 0.31 0.39 0.47 0.56 0.66 0.75 0.85 0.95 1.05 1.15 1.25 1.35 1.44 1.53 1.62 1.69 1.76 1.82 1.87 1.91 1.93 1.93 1.92 1.90 1.85 1.80 1.74 1.66 1.58 1.49 1.40 1.30 1.20 1.10 0.99 0.89 0.78 0.68 0.58 0.48 0.38 0.29 0.19 0.11 0.03 -0.02 -0.06 -0.09 -0.12 -0.15 -0.17 -0.19 -0.20 -0.21 -0.21 -0.21 -0.21 -0.20 -0.18 -0.16 -0.14 -0.12 -0.09 -0.07
0.02 -0.01 -0.03 -0.05 -0.06 -0.08 -0.09 -0.09 -0.09 -0.09 -0.08 -0.07 -0.05 -0.02 0.02 0.06 0.10 0.16 0.22 0.29 0.37 0.45 0.53 0.62 0.72 0.81 0.91 1.00 1.10 1.19 1.28 1.37 1.46 1.54 1.61 1.67 1.73 1.77 1.81 1.82 1.83 1.82 1.80 1.76 1.72 1.66 1.59 1.51 1.43 1.34 1.25 1.15 1.05 0.95 0.85 0.75 0.65 0.55 0.45 0.36 0.26 0.17 0.09 0.00 -0.04 -0.07 -0.10 -0.13 -0.15 -0.17 -0.19 -0.20 -0.21 -0.21 -0.21 -0.20 -0.19 -0.18 -0.16 -0.13 -0.11 -0.09 -0.06
0.03 0.01 -0.02 -0.03 -0.05 -0.07 -0.08 -0.09 -0.09 -0.09 -0.08 -0.07 -0.05 -0.02 0.01 0.05 0.09 0.14 0.20 0.27 0.34 0.42 0.50 0.59 0.68 0.77 0.86 0.95 1.04 1.13 1.22 1.30 1.38 1.46 1.52 1.58 1.63 1.68 1.71 1.72 1.73 1.72 1.70 1.67 1.63 1.58 1.52 1.45 1.37 1.28 1.19 1.10 1.01 0.91 0.81 0.72 0.62 0.52 0.43 0.34 0.25 0.16 0.08 0.01 -0.04 -0.08 -0.11 -0.13 -0.15 -0.17 -0.19 -0.20 -0.20 -0.21 -0.20 -0.20 -0.19 -0.17 -0.15 -0.13 -0.10 -0.08 -0.06
0.04 0.02 -0.00 -0.02 -0.04 -0.06 -0.07 -0.08 -0.09 -0.09 -0.08 -0.07 -0.06 -0.03 -0.00 0.03 0.07 0.12 0.18 0.25 0.31 0.39 0.47 0.55 0.64 0.72 0.81 0.90 0.98 1.07 1.15 1.23 1.30 1.37 1.44 1.49 1.54 1.58 1.61 1.62 1.63 1.63 1.61 1.58 1.55 1.50 1.44 1.38 1.30 1.22 1.14 1.05 0.96 0.87 0.77 0.68 0.59 0.50 0.41 0.32 0.23 0.15 0.08 0.02 -0.03 -0.07 -0.11 -0.13 -0.15 -0.17 -0.18 -0.19 -0.20 -0.20 -0.20 -0.19 -0.18 -0.16 -0.14 -0.12 -0.09 -0.07 -0.05
