speedsAfterKrig/fixedResidues/output_residuos_2006_6.asc
NCOLS          173       
NROWS          329       
XLLCENTER      510425.00 
YLLCENTER      8547775.00
DX             50.00     
DY             50.00     
NODATA_VALUE   -999.00   
[rows 259 to 295 of 329, columns 84 to 167 of 173]
-0.04 -0.01 0.01 0.05 0.09 0.13 0.18 0.23 0.29 0.35 0.41 0.47 0.54 0.61 0.69 0.76 0.83 0.91 0.98 1.06 1.13 1.20 1.26 1.33 1.38 1.43 1.48 1.52 1.56 1.58 1.60 1.62 1.63 1.63 1.63 1.62 1.60 1.58 1.55 1.51 1.47 1.43 1.38 1.32 1.26 1.20 1.14 1.07 1.00 0.92 0.85 0.77 0.69 0.62 0.54 0.47 0.40 0.33 0.27 0.20 0.15 0.09 0.04 -0.00 -0.04 -0.07 -0.10 -0.12 -0.14 -0.16 -0.17 -0.18 -0.18 -0.18 -0.18 -0.17 -0.16 -0.15 -0.13 -0.12 -0.10 -0.08 -0.07 -0.05
-0.07 -0.04 -0.01 0.02 0.06 0.10 0.15 0.20 0.26 0.32 0.38 0.44 0.51 0.58 0.66 0.73 0.81 0.88 0.96 1.03 1.10 1.17 1.24 1.31 1.37 1.42 1.47 1.51 1.55 1.58 1.61 1.62 1.64 1.64 1.64 1.63 1.62 1.60 1.57 1.54 1.50 1.46 1.41 1.35 1.30 1.23 1.17 1.10 1.03 0.95 0.88 0.80 0.72 0.64 0.57 0.49 0.42 0.35 0.28 0.22 0.16 0.10 0.05 0.01 -0.03 -0.07 -0.10 -0.12 -0.14 -0.16 -0.17 -0.18 -0.19 -0.19 -0.19 -0.18 -0.17 -0.16 -0.15 -0.13 -0.11 -0.09 -0.08 -0.06
-0.09 -0.07 -0.04 -0.01 0.03 0.07 0.12 0.17 0.23 0.29 0.35 0.41 0.48 0.55 0.63 0.70 0.78 0.85 0.93 1.01 1.08 1.15 1.22 1.29 1.35 1.41 1.46 1.50 1.55 1.58 1.61 1.63 1.65 1.66 1.66 1.65 1.64 1.62 1.60 1.57 1.53 1.49 1.44 1.39 1.33 1.27 1.20 1.13 1.06 0.98 0.90 0.83 0.75 0.67 0.59 0.51 0.44 0.36 0.29 0.23 0.17 0.11 0.06 0.01 -0.03 -0.07 -0.10 -0.12 -0.14 -0.16 -0.18 -0.19 -0.19 -0.20 -0.20 -0.19 -0.18 -0.17 -0.16 -0.14 -0.12 -0.10 -0.09 -0.07
-0.12 -0.10 -0.07 -0.03 0.00 0.05 0.09 0.14 0.20 0.26 0.32 0.39 0.45 0.53 0.60 0.67 0.75 0.83 0.91 0.98 1.06 1.13 1.20 1.27 1.34 1.40 1.45 1.50 1.54 1.58 1.61 1.64 1.66 1.67 1.68 1.67 1.67 1.65 1.63 1.60 1.56 1.52 1.48 1.42 1.36 1.30 1.24 1.16 1.09 1.01 0.93 0.85 0.77 0.69 0.61 0.53 0.45 0.38 0.31 0.24 0.18 0.12 0.06 0.02 -0.03 -0.06 -0.10 -0.12 -0.14 -0.16 -0.18 -0.19 -0.20 -0.20 -0.20 -0.20 -0.20 -0.19 -0.17 -0.15 -0.14 -0.12 -0.10 -0.08
-0.14 -0.12 -0.09 -0.06 -0.02 0.02 0.06 0.11 0.17 0.23 0.29 0.36 0.42 0.50 0.57 0.65 0.72 0.80 0.88 0.96 1.04 1.11 1.19 1.26 1.32 1.39 1.44 1.50 1.54 1.58 1.62 1.65 1.67 1.69 1.70 1.70 1.69 1.68 1.66 1.63 1.60 1.56 1.51 1.46 1.40 1.34 1.27 1.20 1.12 1.05 0.97 0.88 0.80 0.72 0.63 0.55 0.47 0.40 0.32 0.25 0.19 0.13 0.07 0.02 -0.02 -0.06 -0.09 -0.12 -0.15 -0.17 -0.18 -0.20 -0.21 -0.21 -0.21 -0.21 -0.20 -0.20 -0.18 -0.17 -0.15 -0.13 -0.11 -0.09
-0.17 -0.15 -0.12 -0.09 -0.05 -0.01 0.04 0.09 0.14 0.20 0.26 0.33 0.40 0.47 0.54 0.62 0.70 0.78 0.86 0.94 1.02 1.10 1.17 1.24 1.31 1.38 1.44 1.49 1.54 1.59 1.63 1.66 1.69 1.71 1.72 1.72 1.72 1.71 1.69 1.67 1.63 1.59 1.55 1.50 1.44 1.37 1.31 1.23 1.16 1.08 1.00 0.91 0.83 0.74 0.65 0.57 0.49 0.41 0.33 0.26 0.20 0.13 0.08 0.02 -0.02 -0.06 -0.09 -0.12 -0.15 -0.17 -0.19 -0.20 -0.21 -0.22 -0.22 -0.22 -0.21 -0.21 -0.19 -0.18 -0.16 -0.14 -0.12 -0.10
-0.19 -0.17 -0.14 -0.11 -0.08 -0.04 0.01 0.06 0.11 0.17 0.23 0.30 0.37 0.44 0.51 0.59 0.67 0.75 0.84 0.92 1.00 1.08 1.16 1.23 1.30 1.37 1.44 1.49 1.55 1.60 1.64 1.68 1.71 1.73 1.74 1.75 1.75 1.74 1.73 1.70 1.67 1.63 1.59 1.54 1.48 1.41 1.34 1.27 1.19 1.11 1.03 0.94 0.85 0.77 0.68 0.59 0.51 0.43 0.35 0.27 0.20 0.14 0.08 0.03 -0.02 -0.06 -0.09 -0.12 -0.15 -0.17 -0.19 -0.21 -0.22 -0.22 -0.23 -0.23 -0.22 -0.22 -0.20 -0.19 -0.17 -0.15 -0.13 -0.11
-0.21 -0.19 -0.17 -0.14 -0.10 -0.06 -0.02 0.03 0.08 0.14 0.20 0.27 0.34 0.41 0.49 0.57 0.65 0.73 0.81 0.90 0.98 1.06 1.14 1.22 1.30 1.37 1.43 1.50 1.55 1.61 1.65 1.69 1.72 1.75 1.77 1.78 1.78 1.78 1.76 1.74 1.71 1.67 1.63 1.58 1.52 1.45 1.38 1.31 1.23 1.14 1.06 0.97 0.88 0.79 0.70 0.61 0.52 0.44 0.36 0.28 0.21 0.14 0.08 0.03 -0.02 -0.06 -0.10 -0.13 -0.15 -0.18 -0.20 -0.21 -0.22 -0.23 -0.23 -0.23 -0.23 -0.22 -0.21 -0.20 -0.18 -0.16 -0.14 -0.12
-0.23 -0.21 -0.19 -0.16 -0.13 -0.09 -0.05 0.00 0.05 0.11 0.17 0.24 0.31 0.38 0.46 0.54 0.62 0.71 0.79 0.88 0.96 1.05 1.13 1.21 1.29 1.36 1.43 1.50 1.56 1.62 1.67 1.71 1.75 1.78 1.80 1.81 1.82 1.82 1.80 1.78 1.75 1.72 1.67 1.62 1.56 1.49 1.42 1.34 1.26 1.18 1.09 1.00 0.91 0.82 0.72 0.63 0.54 0.45 0.37 0.29 0.22 0.15 0.09 0.03 -0.02 -0.06 -0.10 -0.13 -0.16 -0.18 -0.20 -0.22 -0.23 -0.24 -0.24 -0.24 -0.24 -0.23 -0.22 -0.21 -0.19 -0.17 -0.15 -0.13
-0.25 -0.23 -0.21 -0.18 -0.15 -0.11 -0.07 -0.03 0.02 0.08 0.14 0.21 0.28 0.35 0.43 0.51 0.60 0.68 0.77 0.86 0.95 1.03 1.12 1.20 1.28 1.36 1.43 1.50 1.57 1.63 1.68 1.73 1.77 1.80 1.83 1.85 1.86 1.86 1.85 1.83 1.80 1.76 1.72 1.66 1.60 1.54 1.46 1.38 1.30 1.21 1.12 1.03 0.94 0.84 0.74 0.65 0.56 0.47 0.38 0.30 0.22 0.15 0.09 0.03 -0.02 -0.06 -0.10 -0.13 -0.16 -0.19 -0.20 -0.22 -0.23 -0.24 -0.25 -0.25 -0.25 -0.24 -0.23 -0.22 -0.20 -0.18 -0.16 -0.14
-0.27 -0.25 -0.23 -0.21 -0.18 -0.14 -0.10 -0.05 -0.00 0.05 0.11 0.18 0.25 0.32 0.40 0.48 0.57 0.66 0.75 0.84 0.93 1.02 1.11 1.19 1.28 1.36 1.43 1.51 1.58 1.64 1.70 1.75 1.79 1.83 1.86 1.88 1.90 1.90 1.89 1.87 1.85 1.81 1.77 1.71 1.65 1.58 1.50 1.42 1.34 1.25 1.16 1.06 0.96 0.87 0.77 0.67 0.58 0.48 0.39 0.31 0.23 0.15 0.09 0.03 -0.02 -0.07 -0.10 -0.14 -0.17 -0.19 -0.21 -0.22 -0.24 -0.25 -0.25 -0.25 -0.25 -0.25 -0.24 -0.23 -0.21 -0.19 -0.17 -0.14
-0.29 -0.27 -0.25 -0.23 -0.20 -0.16 -0.13 -0.08 -0.03 0.02 0.08 0.15 0.22 0.29 0.37 0.46 0.55 0.63 0.73 0.82 0.91 1.00 1.09 1.18 1.27 1.36 1.44 1.51 1.59 1.65 1.71 1.77 1.82 1.86 1.90 1.92 1.94 1.94 1.94 1.92 1.90 1.86 1.82 1.76 1.70 1.63 1.55 1.46 1.38 1.28 1.19 1.09 0.99 0.89 0.79 0.69 0.59 0.50 0.41 0.32 0.23 0.16 0.09 0.03 -0.03 -0.07 -0.11 -0.14 -0.17 -0.19 -0.21 -0.23 -0.24 -0.25 -0.26 -0.26 -0.26 -0.25 -0.24 -0.23 -0.22 -0.20 -0.18 -0.15
-0.30 -0.29 -0.27 -0.25 -0.22 -0.19 -0.15 -0.11 -0.06 -0.01 0.05 0.12 0.19 0.26 0.35 0.43 0.52 0.61 0.71 0.80 0.90 0.99 1.08 1.18 1.27 1.35 1.44 1.52 1.59 1.67 1.73 1.79 1.85 1.89 1.93 1.96 1.98 1.99 1.99 1.98 1.95 1.92 1.87 1.81 1.75 1.67 1.59 1.50 1.41 1.32 1.22 1.12 1.02 0.92 0.81 0.71 0.61 0.51 0.42 0.33 0.24 0.16 0.08 0.02 -0.03 -0.08 -0.11 -0.14 -0.17 -0.19 -0.21 -0.23 -0.24 -0.25 -0.26 -0.26 -0.26 -0.26 -0.25 -0.24 -0.22 -0.21 -0.18 -0.16
-0.31 -0.30 -0.29 -0.27 -0.24 -0.21 -0.18 -0.14 -0.09 -0.04 0.02 0.08 0.16 0.23 0.32 0.40 0.49 0.59 0.68 0.78 0.88 0.98 1.07 1.17 1.26 1.35 1.44 1.52 1.60 1.68 1.75 1.82 1.87 1.93 1.97 2.00 2.03 2.04 2.04 2.03 2.01 1.97 1.92 1.86 1.80 1.72 1.63 1.54 1.45 1.35 1.25 1.15 1.04 0.94 0.83 0.73 0.63 0.53 0.43 0.34 0.25 0.16 0.08 0.01 -0.04 -0.08 -0.11 -0.14 -0.17 -0.19 -0.22 -0.23 -0.25 -0.26 -0.26 -0.27 -0.27 -0.26 -0.26 -0.24 -0.23 -0.21 -0.19 -0.17
-0.32 -0.32 -0.30 -0.28 -0.26 -0.23 -0.20 -0.16 -0.12 -0.07 -0.01 0.05 0.12 0.20 0.29 0.38 0.47 0.57 0.66 0.76 0.86 0.96 1.06 1.16 1.26 1.35 1.44 1.53 1.61 1.69 1.77 1.84 1.90 1.96 2.01 2.05 2.08 2.10 2.10 2.09 2.07 2.03 1.98 1.92 1.85 1.77 1.68 1.58 1.49 1.38 1.28 1.18 1.07 0.96 0.86 0.75 0.65 0.55 0.45 0.35 0.26 0.17 0.08 0.00 -0.04 -0.08 -0.11 -0.14 -0.17 -0.19 -0.21 -0.23 -0.25 -0.26 -0.27 -0.27 -0.27 -0.27 -0.26 -0.25 -0.24 -0.22 -0.20 -0.17
-0.33 -0.33 -0.31 -0.30 -0.28 -0.25 -0.22 -0.19 -0.15 -0.10 -0.04 0.02 0.09 0.17 0.26 0.35 0.45 0.54 0.64 0.75 0.85 0.95 1.05 1.15 1.25 1.35 1.44 1.53 1.62 1.70 1.78 1.86 1.93 1.99 2.05 2.09 2.13 2.15 2.16 2.15 2.13 2.09 2.04 1.97 1.90 1.81 1.72 1.62 1.52 1.42 1.31 1.20 1.09 0.99 0.88 0.77 0.67 0.56 0.46 0.37 0.28 0.19 0.10 0.03 -0.03 -0.07 -0.10 -0.14 -0.17 -0.19 -0.21 -0.23 -0.25 -0.26 -0.27 -0.27 -0.27 -0.27 -0.26 -0.25 -0.24 -0.22 -0.20 -0.18
-0.34 -0.33 -0.32 -0.31 -0.29 -0.27 -0.24 -0.21 -0.17 -0.13 -0.08 -0.01 0.06 0.14 0.23 0.32 0.42 0.52 0.63 0.73 0.83 0.94 1.04 1.15 1.25 1.34 1.44 1.54 1.63 1.71 1.80 1.88 1.95 2.02 2.08 2.14 2.18 2.21 2.22 2.22 2.20 2.16 2.10 2.03 1.95 1.86 1.76 1.66 1.55 1.44 1.34 1.23 1.12 1.01 0.90 0.79 0.68 0.58 0.48 0.39 0.29 0.21 0.12 0.05 -0.01 -0.05 -0.09 -0.13 -0.16 -0.19 -0.21 -0.23 -0.25 -0.26 -0.27 -0.27 -0.27 -0.27 -0.27 -0.26 -0.24 -0.23 -0.21 -0.18
-0.34 -0.34 -0.33 -0.32 -0.30 -0.28 -0.26 -0.23 -0.20 -0.16 -0.11 -0.05 0.03 0.11 0.20 0.30 0.40 0.50 0.61 0.71 0.82 0.93 1.03 1.14 1.24 1.34 1.44 1.54 1.63 1.72 1.81 1.89 1.98 2.05 2.12 2.18 2.23 2.27 2.29 2.29 2.27 2.22 2.16 2.08 1.99 1.90 1.79 1.69 1.58 1.47 1.36 1.25 1.14 1.03 0.92 0.81 0.70 0.60 0.50 0.40 0.31 0.23 0.15 0.07 0.01 -0.04 -0.08 -0.12 -0.15 -0.18 -0.21 -0.23 -0.25 -0.26 -0.27 -0.27 -0.28 -0.27 -0.27 -0.26 -0.25 -0.23 -0.21 -0.19
-0.34 -0.34 -0.34 -0.32 -0.31 -0.29 -0.27 -0.25 -0.22 -0.18 -0.14 -0.08 -0.00 0.09 0.18 0.28 0.38 0.49 0.59 0.70 0.81 0.91 1.02 1.13 1.23 1.33 1.44 1.53 1.63 1.73 1.82 1.91 1.99 2.07 2.15 2.22 2.28 2.33 2.36 2.36 2.34 2.29 2.22 2.13 2.03 1.93 1.83 1.72 1.60 1.49 1.38 1.27 1.15 1.04 0.93 0.82 0.72 0.62 0.52 0.42 0.33 0.24 0.16 0.09 0.03 -0.02 -0.07 -0.11 -0.15 -0.18 -0.20 -0.23 -0.24 -0.26 -0.27 -0.27 -0.28 -0.28 -0.27 -0.26 -0.25 -0.23 -0.21 -0.19
-0.34 -0.34 -0.34 -0.33 -0.31 -0.30 -0.28 -0.26 -0.23 -0.20 -0.17 -0.12 -0.03 0.07 0.17 0.27 0.37 0.47 0.58 0.69 0.79 0.90 1.01 1.12 1.22 1.33 1.43 1.53 1.63 1.73 1.82 1.91 2.00 2.09 2.17 2.25 2.32 2.38 2.42 2.44 2.41 2.35 2.27 2.17 2.07 1.96 1.85 1.74 1.62 1.51 1.39 1.28 1.17 1.06 0.95 0.84 0.73 0.63 0.53 0.43 0.34 0.26 0.18 0.11 0.05 -0.01 -0.06 -0.10 -0.14 -0.17 -0.20 -0.22 -0.24 -0.26 -0.27 -0.27 -0.28 -0.28 -0.27 -0.26 -0.25 -0.24 -0.22 -0.19
-0.34 -0.34 -0.33 -0.32 -0.31 -0.30 -0.28 -0.26 -0.23 -0.21 -0.17 -0.12 -0.04 0.06 0.16 0.26 0.36 0.46 0.57 0.68 0.78 0.89 1.00 1.11 1.21 1.32 1.42 1.52 1.62 1.72 1.82 1.91 2.01 2.10 2.19 2.27 2.35 2.43 2.49 2.51 2.48 2.41 2.31 2.20 2.09 1.98 1.87 1.75 1.63 1.52 1.40 1.29 1.18 1.07 0.96 0.85 0.74 0.64 0.54 0.44 0.35 0.27 0.19 0.12 0.06 -0.00 -0.05 -0.10 -0.13 -0.17 -0.20 -0.22 -0.24 -0.26 -0.27 -0.27 -0.28 -0.28 -0.27 -0.27 -0.25 -0.24 -0.22 -0.20
-0.33 -0.33 -0.32 -0.32 -0.31 -0.29 -0.28 -0.25 -0.23 -0.20 -0.16 -0.10 -0.03 0.06 0.16 0.25 0.35 0.45 0.56 0.67 0.77 0.88 0.99 1.09 1.20 1.30 1.41 1.51 1.61 1.71 1.81 1.91 2.00 2.09 2.19 2.28 2.37 2.45 2.53 2.59 2.54 2.44 2.33 2.22 2.10 1.99 1.87 1.75 1.64 1.52 1.41 1.30 1.18 1.07 0.96 0.85 0.75 0.64 0.55 0.45 0.36 0.28 0.20 0.13 0.07 0.01 -0.04 -0.09 -0.13 -0.16 -0.19 -0.22 -0.24 -0.25 -0.27 -0.27 -0.28 -0.28 -0.27 -0.27 -0.25 -0.24 -0.22 -0.20
-0.31 -0.32 -0.31 -0.31 -0.30 -0.28 -0.27 -0.24 -0.22 -0.18 -0.14 -0.08 -0.01 0.07 0.16 0.25 0.35 0.45 0.55 0.66 0.76 0.87 0.98 1.08 1.19 1.29 1.39 1.49 1.60 1.69 1.79 1.89 1.99 2.08 2.17 2.26 2.35 2.44 2.52 2.59 2.54 2.43 2.32 2.21 2.09 1.98 1.87 1.75 1.64 1.52 1.41 1.30 1.18 1.07 0.96 0.85 0.75 0.65 0.55 0.45 0.37 0.28 0.21 0.13 0.07 0.01 -0.04 -0.09 -0.13 -0.16 -0.19 -0.22 -0.24 -0.25 -0.27 -0.27 -0.28 -0.28 -0.27 -0.27 -0.26 -0.24 -0.22 -0.20
-0.30 -0.30 -0.30 -0.29 -0.28 -0.27 -0.25 -0.23 -0.20 -0.16 -0.11 -0.06 0.01 0.08 0.17 0.26 0.35 0.45 0.55 0.65 0.75 0.86 0.96 1.07 1.17 1.27 1.37 1.48 1.58 1.67 1.77 1.87 1.96 2.05 2.14 2.23 2.31 2.39 2.46 2.49 2.46 2.38 2.28 2.18 2.07 1.96 1.85 1.74 1.63 1.51 1.40 1.29 1.18 1.07 0.96 0.85 0.74 0.64 0.55 0.45 0.37 0.28 0.21 0.14 0.07 0.01 -0.04 -0.08 -0.12 -0.16 -0.19 -0.22 -0.24 -0.25 -0.27 -0.27 -0.28 -0.28 -0.27 -0.27 -0.26 -0.24 -0.22 -0.20
-0.29 -0.29 -0.28 -0.28 -0.27 -0.25 -0.23 -0.21 -0.18 -0.14 -0.09 -0.04 0.03 0.10 0.18 0.26 0.35 0.45 0.54 0.64 0.74 0.85 0.95 1.05 1.15 1.25 1.35 1.45 1.55 1.65 1.74 1.84 1.93 2.02 2.10 2.18 2.26 2.32 2.37 2.38 2.36 2.30 2.22 2.13 2.03 1.93 1.82 1.72 1.61 1.50 1.39 1.28 1.17 1.06 0.95 0.84 0.74 0.64 0.54 0.45 0.36 0.28 0.20 0.13 0.07 0.01 -0.04 -0.08 -0.12 -0.16 -0.19 -0.22 -0.24 -0.25 -0.27 -0.27 -0.28 -0.28 -0.27 -0.27 -0.25 -0.24 -0.22 -0.20
-0.27 -0.27 -0.27 -0.26 -0.25 -0.23 -0.21 -0.19 -0.15 -0.12 -0.07 -0.02 0.05 0.11 0.19 0.27 0.36 0.45 0.54 0.64 0.73 0.83 0.93 1.03 1.13 1.23 1.33 1.43 1.52 1.62 1.71 1.80 1.89 1.97 2.05 2.12 2.19 2.24 2.27 2.28 2.27 2.22 2.15 2.07 1.98 1.89 1.79 1.68 1.58 1.47 1.36 1.26 1.15 1.04 0.93 0.83 0.72 0.63 0.53 0.44 0.35 0.27 0.20 0.13 0.07 0.01 -0.04 -0.09 -0.13 -0.16 -0.19 -0.22 -0.24 -0.25 -0.27 -0.27 -0.28 -0.28 -0.27 -0.27 -0.25 -0.24 -0.22 -0.20
-0.25 -0.25 -0.25 -0.24 -0.23 -0.21 -0.19 -0.16 -0.13 -0.09 -0.05 0.00 0.06 0.13 0.20 0.28 0.36 0.45 0.54 0.63 0.73 0.82 0.92 1.02 1.11 1.21 1.30 1.40 1.49 1.58 1.67 1.76 1.84 1.92 1.99 2.06 2.11 2.16 2.18 2.19 2.17 2.13 2.08 2.01 1.93 1.84 1.74 1.65 1.54 1.44 1.34 1.23 1.12 1.02 0.91 0.81 0.71 0.61 0.52 0.43 0.34 0.26 0.19 0.12 0.06 0.00 -0.05 -0.09 -0.13 -0.16 -0.19 -0.22 -0.24 -0.25 -0.27 -0.27 -0.28 -0.28 -0.27 -0.26 -0.25 -0.24 -0.22 -0.19
-0.23 -0.23 -0.23 -0.22 -0.21 -0.19 -0.17 -0.14 -0.11 -0.07 -0.03 0.02 0.08 0.14 0.21 0.29 0.37 0.45 0.53 0.62 0.72 0.81 0.90 1.00 1.09 1.18 1.28 1.37 1.46 1.54 1.63 1.71 1.79 1.86 1.93 1.98 2.03 2.07 2.09 2.10 2.08 2.05 2.00 1.94 1.86 1.78 1.69 1.60 1.50 1.40 1.30 1.20 1.10 0.99 0.89 0.79 0.69 0.59 0.50 0.41 0.33 0.25 0.18 0.11 0.05 -0.01 -0.05 -0.10 -0.13 -0.17 -0.20 -0.22 -0.24 -0.25 -0.27 -0.27 -0.28 -0.28 -0.27 -0.26 -0.25 -0.23 -0.21 -0.19
-0.22 -0.21 -0.21 -0.20 -0.19 -0.17 -0.15 -0.12 -0.09 -0.05 -0.00 0.04 0.10 0.16 0.23 0.30 0.37 0.45 0.53 0.62 0.71 0.80 0.89 0.98 1.07 1.16 1.25 1.33 1.42 1.50 1.58 1.66 1.73 1.80 1.86 1.91 1.96 1.99 2.00 2.01 1.99 1.96 1.92 1.86 1.79 1.72 1.64 1.55 1.46 1.36 1.26 1.16 1.06 0.96 0.86 0.76 0.66 0.57 0.48 0.39 0.31 0.23 0.16 0.09 0.04 -0.02 -0.06 -0.10 -0.14 -0.17 -0.20 -0.22 -0.24 -0.26 -0.27 -0.27 -0.27 -0.27 -0.27 -0.26 -0.25 -0.23 -0.21 -0.19
-0.20 -0.19 -0.19 -0.18 -0.17 -0.15 -0.13 -0.10 -0.07 -0.03 0.01 0.06 0.12 0.17 0.24 0.30 0.38 0.45 0.53 0.61 0.70 0.78 0.87 0.96 1.05 1.13 1.22 1.30 1.38 1.46 1.54 1.61 1.68 1.74 1.79 1.84 1.88 1.90 1.92 1.92 1.90 1.88 1.84 1.78 1.72 1.65 1.58 1.49 1.41 1.31 1.22 1.13 1.03 0.93 0.83 0.73 0.64 0.54 0.45 0.37 0.29 0.21 0.14 0.08 0.02 -0.03 -0.07 -0.11 -0.15 -0.18 -0.20 -0.23 -0.24 -0.26 -0.27 -0.27 -0.27 -0.27 -0.27 -0.26 -0.24 -0.23 -0.20 -0.18
-0.18 -0.18 -0.17 -0.16 -0.15 -0.13 -0.11 -0.08 -0.05 -0.01 0.03 0.08 0.13 0.18 0.25 0.31 0.38 0.45 0.53 0.61 0.69 0.77 0.85 0.94 1.02 1.10 1.19 1.27 1.34 1.42 1.49 1.56 1.62 1.67 1.72 1.77 1.80 1.82 1.83 1.83 1.82 1.79 1.76 1.71 1.65 1.58 1.51 1.43 1.35 1.27 1.18 1.08 0.99 0.89 0.80 0.70 0.61 0.52 0.43 0.34 0.26 0.18 0.12 0.06 0.00 -0.05 -0.09 -0.12 -0.16 -0.18 -0.21 -0.23 -0.24 -0.26 -0.27 -0.27 -0.27 -0.27 -0.26 -0.25 -0.24 -0.22 -0.20 -0.17
-0.16 -0.16 -0.15 -0.14 -0.13 -0.11 -0.09 -0.06 -0.03 0.01 0.05 0.09 0.14 0.19 0.25 0.31 0.38 0.45 0.52 0.60 0.68 0.75 0.83 0.91 1.00 1.07 1.15 1.23 1.30 1.37 1.44 1.50 1.56 1.61 1.66 1.69 1.72 1.74 1.75 1.75 1.73 1.71 1.68 1.63 1.58 1.52 1.45 1.37 1.30 1.21 1.13 1.04 0.95 0.85 0.76 0.67 0.58 0.49 0.40 0.31 0.23 0.16 0.09 0.03 -0.02 -0.06 -0.10 -0.13 -0.16 -0.19 -0.21 -0.23 -0.25 -0.26 -0.26 -0.27 -0.27 -0.27 -0.26 -0.25 -0.23 -0.21 -0.19 -0.17
-0.14 -0.14 -0.13 -0.12 -0.11 -0.09 -0.07 -0.04 -0.01 0.02 0.06 0.10 0.15 0.20 0.26 0.32 0.38 0.44 0.51 0.59 0.66 0.74 0.81 0.89 0.97 1.04 1.11 1.19 1.26 1.32 1.38 1.44 1.50 1.54 1.58 1.62 1.64 1.66 1.67 1.66 1.65 1.63 1.60 1.55 1.50 1.45 1.38 1.31 1.24 1.16 1.08 0.99 0.90 0.81 0.72 0.63 0.54 0.45 0.37 0.28 0.20 0.13 0.06 0.01 -0.04 -0.08 -0.11 -0.14 -0.17 -0.19 -0.22 -0.23 -0.25 -0.26 -0.26 -0.27 -0.26 -0.26 -0.25 -0.24 -0.23 -0.21 -0.19 -0.16
-0.12 -0.12 -0.11 -0.10 -0.09 -0.07 -0.05 -0.03 -0.00 0.03 0.07 0.11 0.15 0.20 0.26 0.31 0.37 0.44 0.50 0.57 0.64 0.72 0.79 0.86 0.93 1.01 1.08 1.14 1.21 1.27 1.33 1.38 1.43 1.48 1.51 1.54 1.57 1.58 1.59 1.58 1.57 1.55 1.52 1.48 1.43 1.38 1.32 1.25 1.18 1.10 1.03 0.94 0.86 0.77 0.68 0.60 0.51 0.42 0.34 0.26 0.18 0.10 0.03 -0.02 -0.06 -0.09 -0.12 -0.15 -0.18 -0.20 -0.22 -0.23 -0.25 -0.25 -0.26 -0.26 -0.26 -0.26 -0.25 -0.24 -0.22 -0.20 -0.18 -0.15
-0.10 -0.10 -0.09 -0.08 -0.07 -0.06 -0.04 -0.02 0.01 0.04 0.08 0.12 0.16 0.21 0.26 0.31 0.37 0.43 0.49 0.56 0.62 0.69 0.76 0.83 0.90 0.97 1.04 1.10 1.16 1.22 1.27 1.32 1.37 1.41 1.44 1.47 1.49 1.50 1.51 1.50 1.49 1.47 1.44 1.40 1.36 1.31 1.25 1.19 1.12 1.05 0.97 0.90 0.81 0.73 0.65 0.56 0.48 0.40 0.31 0.23 0.15 0.08 -0.00 -0.04 -0.07 -0.10 -0.13 -0.16 -0.18 -0.20 -0.22 -0.23 -0.24 -0.25 -0.26 -0.26 -0.26 -0.25 -0.24 -0.23 -0.21 -0.19 -0.17 -0.15
-0.08 -0.08 -0.07 -0.07 -0.06 -0.04 -0.02 -0.00 0.02 0.05 0.08 0.12 0.16 0.20 0.25 0.30 0.36 0.42 0.48 0.54 0.60 0.67 0.73 0.80 0.87 0.93 0.99 1.05 1.11 1.17 1.22 1.26 1.31 1.34 1.37 1.40 1.42 1.43 1.43 1.43 1.41 1.39 1.36 1.33 1.29 1.24 1.19 1.13 1.06 0.99 0.92 0.85 0.77 0.69 0.61 0.53 0.45 0.37 0.29 0.21 0.14 0.06 0.00 -0.04 -0.08 -0.11 -0.14 -0.16 -0.19 -0.20 -0.22 -0.23 -0.24 -0.25 -0.25 -0.25 -0.25 -0.24 -0.23 -0.22 -0.20 -0.18 -0.16 -0.14
-0.06 -0.06 -0.06 -0.05 -0.04 -0.03 -0.01 0.01 0.03 0.06 0.09 0.12 0.16 0.20 0.25 0.30 0.35 0.40 0.46 0.52 0.58 0.64 0.70 0.77 0.83 0.89 0.95 1.01 1.06 1.11 1.16 1.20 1.24 1.28 1.30 1.33 1.34 1.35 1.35 1.35 1.34 1.32 1.29 1.26 1.22 1.17 1.12 1.06 1.00 0.94 0.87 0.80 0.72 0.65 0.57 0.49 0.42 0.34 0.27 0.19 0.12 0.06 0.00 -0.04 -0.08 -0.11 -0.14 -0.17 -0.19 -0.20 -0.22 -0.23 -0.24 -0.25 -0.25 -0.25 -0.24 -0.24 -0.22 -0.21 -0.19 -0.17 -0.15 -0.13
