speedsAfterKrig/fixedResidues/output_residuos_2006_1.asc
NCOLS          173       
NROWS          329       
XLLCENTER      510425.00 
YLLCENTER      8547775.00
DX             50.00     
DY             50.00     
NODATA_VALUE   -999.00   
[rows 238 to 271 of 329, columns 77 to 153 of 173]
0.00 -0.00 -0.02 -0.03 -0.05 -0.07 -0.09 -0.11 -0.13 -0.16 -0.18 -0.20 -0.23 -0.25 -0.28 -0.30 -0.33 -0.35 -0.38 -0.40 -0.42 -0.45 -0.47 -0.50 -0.52 -0.54 -0.56 -0.58 -0.60 -0.61 -0.62 -0.63 -0.64 -0.64 -0.64 -0.64 -0.63 -0.62 -0.61 -0.60 -0.58 -0.57 -0.55 -0.53 -0.51 -0.49 -0.47 -0.44 -0.42 -0.39 -0.37 -0.34 -0.32 -0.29 -0.27 -0.24 -0.22 -0.20 -0.18 -0.16 -0.14 -0.12 -0.10 -0.08 -0.07 -0.06 -0.05 -0.03 -0.03 -0.02 -0.01 -0.01 -0.01 -0.00 -0.00 -0.01 -0.01
0.01 -0.00 -0.02 -0.03 -0.05 -0.07 -0.09 -0.11 -0.13 -0.15 -0.17 -0.20 -0.22 -0.24 -0.27 -0.29 -0.32 -0.34 -0.37 -0.39 -0.42 -0.44 -0.47 -0.49 -0.51 -0.54 -0.56 -0.58 -0.60 -0.61 -0.63 -0.64 -0.65 -0.66 -0.66 -0.66 -0.65 -0.64 -0.63 -0.62 -0.60 -0.59 -0.57 -0.55 -0.53 -0.51 -0.48 -0.46 -0.44 -0.41 -0.38 -0.36 -0.33 -0.31 -0.28 -0.26 -0.23 -0.21 -0.18 -0.16 -0.14 -0.12 -0.10 -0.08 -0.06 -0.05 -0.04 -0.03 -0.02 -0.01 -0.00 -0.00 0.00 0.00 0.00 0.00 -0.00
0.00 -0.00 -0.02 -0.03 -0.05 -0.06 -0.08 -0.10 -0.12 -0.14 -0.17 -0.19 -0.21 -0.24 -0.26 -0.29 -0.31 -0.34 -0.36 -0.39 -0.41 -0.44 -0.46 -0.49 -0.51 -0.53 -0.56 -0.58 -0.60 -0.62 -0.64 -0.66 -0.67 -0.68 -0.68 -0.68 -0.67 -0.66 -0.65 -0.64 -0.63 -0.61 -0.59 -0.57 -0.55 -0.53 -0.51 -0.48 -0.46 -0.43 -0.40 -0.38 -0.35 -0.32 -0.30 -0.27 -0.24 -0.22 -0.19 -0.17 -0.14 -0.12 -0.10 -0.08 -0.06 -0.04 -0.03 -0.02 -0.01 -0.00 0.01 0.01 0.01 0.01 0.01 0.01 0.01
0.00 -0.01 -0.02 -0.03 -0.05 -0.06 -0.08 -0.10 -0.12 -0.14 -0.16 -0.18 -0.21 -0.23 -0.26 -0.28 -0.31 -0.33 -0.36 -0.38 -0.41 -0.43 -0.46 -0.48 -0.51 -0.53 -0.56 -0.59 -0.61 -0.64 -0.66 -0.68 -0.69 -0.70 -0.71 -0.70 -0.70 -0.69 -0.68 -0.67 -0.65 -0.64 -0.62 -0.60 -0.58 -0.56 -0.53 -0.51 -0.48 -0.46 -0.43 -0.40 -0.37 -0.34 -0.32 -0.29 -0.26 -0.23 -0.21 -0.18 -0.15 -0.13 -0.10 -0.08 -0.06 -0.04 -0.02 -0.01 0.00 0.01 0.02 0.02 0.02 0.02 0.02 0.02 0.02
0.00 -0.01 -0.02 -0.03 -0.05 -0.06 -0.08 -0.10 -0.12 -0.14 -0.16 -0.18 -0.20 -0.23 -0.25 -0.27 -0.30 -0.32 -0.35 -0.38 -0.40 -0.43 -0.45 -0.48 -0.51 -0.53 -0.56 -0.59 -0.62 -0.65 -0.68 -0.70 -0.72 -0.73 -0.74 -0.73 -0.73 -0.72 -0.71 -0.70 -0.68 -0.67 -0.65 -0.63 -0.61 -0.59 -0.56 -0.54 -0.51 -0.48 -0.46 -0.43 -0.40 -0.37 -0.34 -0.31 -0.28 -0.25 -0.22 -0.19 -0.16 -0.14 -0.11 -0.08 -0.06 -0.04 -0.02 -0.00 0.01 0.02 0.03 0.03 0.03 0.03 0.03 0.03 0.03
0.00 -0.01 -0.02 -0.03 -0.04 -0.06 -0.08 -0.09 -0.11 -0.13 -0.15 -0.18 -0.20 -0.22 -0.24 -0.27 -0.29 -0.32 -0.34 -0.37 -0.39 -0.42 -0.45 -0.48 -0.51 -0.54 -0.57 -0.60 -0.64 -0.67 -0.70 -0.73 -0.76 -0.77 -0.77 -0.77 -0.76 -0.75 -0.74 -0.73 -0.72 -0.70 -0.68 -0.66 -0.64 -0.62 -0.60 -0.57 -0.54 -0.52 -0.49 -0.46 -0.43 -0.40 -0.37 -0.33 -0.30 -0.27 -0.24 -0.21 -0.18 -0.15 -0.12 -0.09 -0.07 -0.04 -0.02 -0.00 0.01 0.03 0.04 0.04 0.05 0.05 0.04 0.04 0.04
0.00 -0.01 -0.02 -0.03 -0.04 -0.06 -0.07 -0.09 -0.11 -0.13 -0.15 -0.17 -0.19 -0.22 -0.24 -0.26 -0.29 -0.31 -0.34 -0.36 -0.39 -0.42 -0.45 -0.48 -0.51 -0.55 -0.58 -0.61 -0.65 -0.69 -0.72 -0.76 -0.79 -0.80 -0.80 -0.80 -0.79 -0.78 -0.77 -0.76 -0.75 -0.74 -0.72 -0.70 -0.68 -0.66 -0.63 -0.61 -0.58 -0.55 -0.52 -0.49 -0.46 -0.43 -0.39 -0.36 -0.33 -0.29 -0.26 -0.23 -0.20 -0.16 -0.13 -0.10 -0.08 -0.05 -0.02 -0.00 0.02 0.03 0.04 0.05 0.05 0.06 0.06 0.05 0.05
0.00 -0.01 -0.02 -0.03 -0.04 -0.05 -0.07 -0.09 -0.11 -0.13 -0.15 -0.17 -0.19 -0.21 -0.23 -0.26 -0.28 -0.31 -0.33 -0.36 -0.39 -0.42 -0.45 -0.48 -0.52 -0.55 -0.59 -0.63 -0.67 -0.70 -0.74 -0.78 -0.81 -0.82 -0.83 -0.83 -0.82 -0.82 -0.81 -0.80 -0.79 -0.77 -0.76 -0.74 -0.72 -0.70 -0.67 -0.65 -0.62 -0.59 -0.56 -0.53 -0.49 -0.46 -0.43 -0.39 -0.36 -0.32 -0.29 -0.25 -0.22 -0.18 -0.15 -0.12 -0.09 -0.06 -0.03 -0.01 0.01 0.03 0.04 0.05 0.06 0.07 0.07 0.07 0.06
0.00 -0.00 -0.01 -0.02 -0.04 -0.05 -0.07 -0.08 -0.10 -0.12 -0.14 -0.16 -0.18 -0.21 -0.23 -0.25 -0.28 -0.30 -0.33 -0.35 -0.39 -0.42 -0.45 -0.49 -0.53 -0.56 -0.60 -0.64 -0.68 -0.72 -0.76 -0.79 -0.82 -0.84 -0.85 -0.85 -0.85 -0.85 -0.84 -0.84 -0.83 -0.81 -0.80 -0.78 -0.76 -0.74 -0.71 -0.69 -0.66 -0.63 -0.60 -0.57 -0.53 -0.50 -0.46 -0.42 -0.39 -0.35 -0.31 -0.28 -0.24 -0.20 -0.17 -0.14 -0.10 -0.07 -0.04 -0.02 0.01 0.03 0.04 0.06 0.07 0.07 0.08 0.08 0.08
0.01 -0.00 -0.01 -0.02 -0.03 -0.05 -0.06 -0.08 -0.10 -0.12 -0.14 -0.16 -0.18 -0.20 -0.22 -0.25 -0.27 -0.30 -0.32 -0.36 -0.39 -0.42 -0.46 -0.50 -0.54 -0.58 -0.62 -0.66 -0.70 -0.74 -0.77 -0.81 -0.84 -0.86 -0.87 -0.88 -0.88 -0.88 -0.88 -0.87 -0.87 -0.85 -0.84 -0.82 -0.80 -0.78 -0.76 -0.73 -0.70 -0.67 -0.64 -0.61 -0.57 -0.53 -0.50 -0.46 -0.42 -0.38 -0.34 -0.30 -0.27 -0.23 -0.19 -0.15 -0.12 -0.09 -0.06 -0.03 -0.00 0.02 0.04 0.05 0.07 0.08 0.08 0.09 0.09
0.01 0.00 -0.01 -0.02 -0.03 -0.04 -0.06 -0.07 -0.09 -0.11 -0.13 -0.15 -0.17 -0.19 -0.22 -0.24 -0.27 -0.29 -0.32 -0.36 -0.39 -0.43 -0.47 -0.51 -0.55 -0.59 -0.63 -0.67 -0.71 -0.75 -0.79 -0.83 -0.86 -0.88 -0.90 -0.91 -0.92 -0.92 -0.92 -0.91 -0.91 -0.90 -0.88 -0.87 -0.85 -0.83 -0.80 -0.78 -0.75 -0.72 -0.68 -0.65 -0.61 -0.58 -0.54 -0.50 -0.46 -0.42 -0.38 -0.33 -0.29 -0.25 -0.21 -0.18 -0.14 -0.10 -0.07 -0.04 -0.01 0.01 0.03 0.05 0.07 0.08 0.09 0.09 0.10
0.01 0.00 -0.00 -0.01 -0.02 -0.04 -0.05 -0.07 -0.09 -0.11 -0.12 -0.14 -0.17 -0.19 -0.21 -0.23 -0.26 -0.29 -0.33 -0.36 -0.40 -0.44 -0.48 -0.52 -0.56 -0.61 -0.65 -0.69 -0.73 -0.77 -0.81 -0.85 -0.88 -0.90 -0.92 -0.94 -0.95 -0.95 -0.96 -0.95 -0.95 -0.94 -0.93 -0.91 -0.90 -0.88 -0.85 -0.83 -0.80 -0.77 -0.73 -0.70 -0.66 -0.62 -0.58 -0.54 -0.50 -0.45 -0.41 -0.37 -0.33 -0.28 -0.24 -0.20 -0.16 -0.12 -0.09 -0.06 -0.03 0.00 0.03 0.05 0.07 0.08 0.09 0.10 0.10
0.01 0.01 0.00 -0.01 -0.02 -0.03 -0.05 -0.06 -0.08 -0.10 -0.12 -0.14 -0.16 -0.18 -0.20 -0.23 -0.26 -0.29 -0.33 -0.37 -0.41 -0.45 -0.49 -0.53 -0.58 -0.62 -0.67 -0.71 -0.75 -0.80 -0.84 -0.87 -0.90 -0.93 -0.95 -0.97 -0.98 -0.99 -1.00 -1.00 -0.99 -0.99 -0.98 -0.96 -0.95 -0.92 -0.90 -0.88 -0.85 -0.81 -0.78 -0.74 -0.71 -0.67 -0.62 -0.58 -0.54 -0.49 -0.45 -0.40 -0.36 -0.31 -0.27 -0.23 -0.18 -0.14 -0.11 -0.07 -0.04 -0.01 0.02 0.04 0.06 0.08 0.09 0.10 0.11
0.02 0.01 0.00 -0.00 -0.01 -0.03 -0.04 -0.06 -0.07 -0.09 -0.11 -0.13 -0.15 -0.17 -0.20 -0.23 -0.26 -0.30 -0.33 -0.37 -0.42 -0.46 -0.50 -0.55 -0.59 -0.64 -0.69 -0.73 -0.78 -0.82 -0.86 -0.90 -0.93 -0.96 -0.99 -1.01 -1.02 -1.03 -1.04 -1.04 -1.04 -1.03 -1.02 -1.01 -1.00 -0.98 -0.95 -0.93 -0.90 -0.87 -0.83 -0.80 -0.76 -0.71 -0.67 -0.63 -0.58 -0.53 -0.49 -0.44 -0.39 -0.34 -0.30 -0.25 -0.21 -0.17 -0.12 -0.09 -0.05 -0.02 0.01 0.04 0.06 0.08 0.10 0.11 0.12
0.02 0.01 0.01 0.00 -0.01 -0.02 -0.03 -0.05 -0.07 -0.09 -0.10 -0.12 -0.15 -0.17 -0.20 -0.23 -0.26 -0.30 -0.34 -0.38 -0.43 -0.47 -0.52 -0.56 -0.61 -0.66 -0.71 -0.75 -0.80 -0.85 -0.89 -0.93 -0.96 -0.99 -1.02 -1.04 -1.06 -1.07 -1.08 -1.09 -1.09 -1.08 -1.08 -1.06 -1.05 -1.03 -1.01 -0.98 -0.95 -0.92 -0.89 -0.85 -0.81 -0.76 -0.72 -0.67 -0.62 -0.58 -0.53 -0.48 -0.43 -0.38 -0.33 -0.28 -0.23 -0.19 -0.14 -0.10 -0.07 -0.03 0.00 0.03 0.06 0.08 0.10 0.11 0.12
0.02 0.02 0.01 0.01 -0.00 -0.01 -0.03 -0.05 -0.06 -0.08 -0.10 -0.12 -0.14 -0.17 -0.20 -0.23 -0.27 -0.31 -0.35 -0.39 -0.44 -0.48 -0.53 -0.58 -0.63 -0.68 -0.73 -0.78 -0.83 -0.87 -0.92 -0.96 -1.00 -1.03 -1.06 -1.08 -1.10 -1.12 -1.13 -1.13 -1.14 -1.14 -1.13 -1.12 -1.10 -1.09 -1.06 -1.04 -1.01 -0.98 -0.94 -0.90 -0.86 -0.82 -0.77 -0.72 -0.67 -0.62 -0.57 -0.51 -0.46 -0.41 -0.36 -0.31 -0.26 -0.21 -0.16 -0.12 -0.08 -0.04 -0.01 0.03 0.05 0.08 0.10 0.11 0.13
0.02 0.02 0.01 0.01 -0.00 -0.01 -0.03 -0.04 -0.06 -0.07 -0.09 -0.11 -0.14 -0.17 -0.20 -0.23 -0.27 -0.31 -0.36 -0.40 -0.45 -0.50 -0.55 -0.60 -0.65 -0.70 -0.75 -0.80 -0.85 -0.90 -0.95 -0.99 -1.03 -1.06 -1.10 -1.12 -1.14 -1.16 -1.18 -1.18 -1.19 -1.19 -1.18 -1.18 -1.16 -1.14 -1.12 -1.10 -1.07 -1.04 -1.00 -0.96 -0.92 -0.87 -0.82 -0.77 -0.72 -0.66 -0.61 -0.55 -0.50 -0.44 -0.39 -0.33 -0.28 -0.23 -0.18 -0.14 -0.09 -0.05 -0.02 0.02 0.05 0.08 0.10 0.12 0.13
0.02 0.02 0.02 0.01 0.00 -0.01 -0.02 -0.04 -0.05 -0.07 -0.09 -0.11 -0.14 -0.17 -0.20 -0.24 -0.28 -0.32 -0.37 -0.41 -0.46 -0.51 -0.57 -0.62 -0.67 -0.73 -0.78 -0.83 -0.88 -0.93 -0.98 -1.03 -1.07 -1.10 -1.14 -1.17 -1.19 -1.21 -1.23 -1.24 -1.24 -1.24 -1.24 -1.23 -1.22 -1.21 -1.18 -1.16 -1.13 -1.09 -1.06 -1.02 -0.97 -0.92 -0.87 -0.82 -0.77 -0.71 -0.65 -0.59 -0.53 -0.48 -0.42 -0.36 -0.31 -0.25 -0.20 -0.15 -0.11 -0.06 -0.02 0.01 0.05 0.07 0.10 0.12 0.14
0.03 0.02 0.02 0.01 0.00 -0.01 -0.02 -0.03 -0.05 -0.06 -0.08 -0.11 -0.14 -0.17 -0.21 -0.24 -0.29 -0.33 -0.38 -0.43 -0.48 -0.53 -0.58 -0.64 -0.69 -0.75 -0.81 -0.86 -0.91 -0.97 -1.02 -1.06 -1.11 -1.14 -1.18 -1.21 -1.24 -1.26 -1.28 -1.29 -1.30 -1.30 -1.30 -1.30 -1.28 -1.27 -1.25 -1.22 -1.19 -1.16 -1.12 -1.07 -1.03 -0.98 -0.93 -0.87 -0.81 -0.75 -0.69 -0.63 -0.57 -0.51 -0.45 -0.39 -0.33 -0.28 -0.22 -0.17 -0.12 -0.08 -0.03 0.01 0.04 0.07 0.10 0.12 0.14
0.03 0.02 0.02 0.01 0.00 -0.01 -0.02 -0.03 -0.04 -0.06 -0.08 -0.11 -0.14 -0.17 -0.21 -0.25 -0.29 -0.34 -0.39 -0.44 -0.49 -0.55 -0.60 -0.66 -0.72 -0.78 -0.83 -0.89 -0.95 -1.00 -1.05 -1.10 -1.15 -1.19 -1.23 -1.26 -1.29 -1.31 -1.33 -1.35 -1.36 -1.36 -1.36 -1.36 -1.35 -1.33 -1.31 -1.29 -1.25 -1.22 -1.18 -1.13 -1.09 -1.04 -0.98 -0.92 -0.86 -0.80 -0.74 -0.68 -0.61 -0.55 -0.48 -0.42 -0.36 -0.30 -0.24 -0.19 -0.13 -0.09 -0.04 0.00 0.04 0.07 0.10 0.12 0.14
0.03 0.02 0.02 0.01 0.01 -0.00 -0.01 -0.02 -0.04 -0.06 -0.08 -0.11 -0.14 -0.18 -0.21 -0.26 -0.30 -0.35 -0.40 -0.45 -0.51 -0.56 -0.62 -0.68 -0.74 -0.80 -0.86 -0.92 -0.98 -1.04 -1.09 -1.14 -1.19 -1.23 -1.27 -1.31 -1.34 -1.37 -1.39 -1.41 -1.42 -1.43 -1.43 -1.42 -1.41 -1.40 -1.38 -1.35 -1.32 -1.28 -1.24 -1.20 -1.15 -1.09 -1.04 -0.98 -0.91 -0.85 -0.78 -0.72 -0.65 -0.58 -0.51 -0.45 -0.38 -0.32 -0.26 -0.20 -0.15 -0.10 -0.05 -0.01 0.03 0.07 0.10 0.13 0.15
0.03 0.03 0.02 0.02 0.01 0.00 -0.01 -0.02 -0.04 -0.06 -0.08 -0.11 -0.14 -0.18 -0.22 -0.26 -0.31 -0.36 -0.41 -0.47 -0.52 -0.58 -0.64 -0.70 -0.77 -0.83 -0.89 -0.95 -1.01 -1.07 -1.13 -1.18 -1.23 -1.28 -1.32 -1.36 -1.39 -1.42 -1.45 -1.47 -1.48 -1.49 -1.49 -1.49 -1.48 -1.47 -1.45 -1.42 -1.39 -1.35 -1.31 -1.26 -1.21 -1.15 -1.09 -1.03 -0.97 -0.90 -0.83 -0.76 -0.69 -0.62 -0.55 -0.48 -0.41 -0.34 -0.28 -0.22 -0.16 -0.11 -0.06 -0.01 0.03 0.07 0.10 0.13 0.15
0.03 0.03 0.02 0.02 0.01 0.00 -0.00 -0.02 -0.03 -0.05 -0.08 -0.11 -0.15 -0.18 -0.23 -0.27 -0.32 -0.37 -0.43 -0.48 -0.54 -0.60 -0.66 -0.73 -0.79 -0.86 -0.92 -0.99 -1.05 -1.11 -1.17 -1.22 -1.28 -1.33 -1.37 -1.41 -1.45 -1.48 -1.51 -1.53 -1.55 -1.56 -1.56 -1.56 -1.55 -1.54 -1.51 -1.49 -1.46 -1.42 -1.37 -1.32 -1.27 -1.21 -1.15 -1.09 -1.02 -0.95 -0.88 -0.80 -0.73 -0.65 -0.58 -0.51 -0.43 -0.36 -0.30 -0.23 -0.17 -0.12 -0.06 -0.01 0.03 0.07 0.10 0.13 0.16
0.03 0.03 0.03 0.02 0.02 0.01 0.00 -0.01 -0.03 -0.05 -0.08 -0.11 -0.15 -0.19 -0.23 -0.28 -0.33 -0.38 -0.44 -0.50 -0.56 -0.62 -0.68 -0.75 -0.82 -0.88 -0.95 -1.02 -1.08 -1.15 -1.21 -1.27 -1.32 -1.37 -1.42 -1.47 -1.51 -1.54 -1.57 -1.59 -1.61 -1.62 -1.63 -1.63 -1.62 -1.61 -1.59 -1.56 -1.53 -1.49 -1.44 -1.39 -1.34 -1.28 -1.21 -1.14 -1.07 -1.00 -0.92 -0.85 -0.77 -0.69 -0.61 -0.53 -0.46 -0.39 -0.32 -0.25 -0.18 -0.12 -0.07 -0.02 0.03 0.07 0.11 0.14 0.16
0.03 0.03 0.03 0.02 0.02 0.01 0.00 -0.01 -0.03 -0.05 -0.08 -0.12 -0.15 -0.19 -0.24 -0.29 -0.34 -0.39 -0.45 -0.51 -0.57 -0.64 -0.70 -0.77 -0.84 -0.91 -0.98 -1.05 -1.12 -1.19 -1.25 -1.31 -1.37 -1.42 -1.48 -1.52 -1.56 -1.60 -1.63 -1.66 -1.68 -1.69 -1.70 -1.70 -1.69 -1.68 -1.66 -1.63 -1.60 -1.56 -1.51 -1.46 -1.40 -1.34 -1.27 -1.20 -1.13 -1.05 -0.97 -0.89 -0.81 -0.72 -0.64 -0.56 -0.48 -0.41 -0.33 -0.26 -0.19 -0.13 -0.07 -0.02 0.03 0.07 0.11 0.14 0.17
0.03 0.03 0.03 0.03 0.02 0.02 0.01 -0.01 -0.03 -0.06 -0.09 -0.12 -0.16 -0.20 -0.25 -0.30 -0.35 -0.40 -0.46 -0.53 -0.59 -0.66 -0.73 -0.80 -0.87 -0.94 -1.01 -1.08 -1.15 -1.22 -1.29 -1.35 -1.42 -1.47 -1.53 -1.58 -1.62 -1.66 -1.70 -1.73 -1.75 -1.76 -1.77 -1.78 -1.77 -1.76 -1.74 -1.71 -1.67 -1.63 -1.58 -1.53 -1.47 -1.40 -1.33 -1.26 -1.18 -1.10 -1.02 -0.93 -0.85 -0.76 -0.67 -0.59 -0.51 -0.42 -0.35 -0.27 -0.20 -0.14 -0.08 -0.02 0.03 0.07 0.11 0.15 0.18
0.04 0.03 0.03 0.03 0.03 0.02 0.01 -0.01 -0.03 -0.06 -0.09 -0.12 -0.16 -0.21 -0.25 -0.30 -0.36 -0.42 -0.48 -0.54 -0.61 -0.67 -0.75 -0.82 -0.89 -0.97 -1.04 -1.12 -1.19 -1.26 -1.33 -1.40 -1.46 -1.52 -1.58 -1.64 -1.68 -1.73 -1.76 -1.80 -1.82 -1.84 -1.85 -1.85 -1.85 -1.83 -1.81 -1.79 -1.75 -1.71 -1.66 -1.60 -1.54 -1.47 -1.40 -1.32 -1.24 -1.15 -1.06 -0.98 -0.89 -0.79 -0.70 -0.62 -0.53 -0.44 -0.36 -0.28 -0.21 -0.14 -0.08 -0.02 0.03 0.08 0.12 0.15 0.18
0.04 0.04 0.04 0.03 0.03 0.02 0.01 -0.01 -0.03 -0.06 -0.09 -0.12 -0.17 -0.21 -0.26 -0.31 -0.37 -0.43 -0.49 -0.55 -0.62 -0.69 -0.76 -0.84 -0.92 -0.99 -1.07 -1.15 -1.22 -1.30 -1.37 -1.44 -1.51 -1.57 -1.64 -1.69 -1.74 -1.79 -1.83 -1.86 -1.89 -1.91 -1.92 -1.93 -1.93 -1.91 -1.89 -1.87 -1.83 -1.78 -1.73 -1.67 -1.61 -1.54 -1.46 -1.38 -1.29 -1.20 -1.11 -1.02 -0.92 -0.83 -0.73 -0.64 -0.55 -0.46 -0.37 -0.29 -0.22 -0.14 -0.08 -0.02 0.03 0.08 0.12 0.16 0.19
0.04 0.04 0.04 0.04 0.03 0.03 0.01 -0.01 -0.03 -0.06 -0.09 -0.13 -0.17 -0.21 -0.26 -0.32 -0.37 -0.44 -0.50 -0.57 -0.64 -0.71 -0.78 -0.86 -0.94 -1.02 -1.10 -1.18 -1.26 -1.34 -1.41 -1.49 -1.56 -1.62 -1.69 -1.75 -1.80 -1.85 -1.90 -1.93 -1.96 -1.99 -2.00 -2.01 -2.01 -2.00 -1.98 -1.95 -1.91 -1.86 -1.81 -1.75 -1.68 -1.60 -1.52 -1.44 -1.35 -1.25 -1.16 -1.06 -0.96 -0.86 -0.76 -0.67 -0.57 -0.48 -0.39 -0.30 -0.22 -0.14 -0.08 -0.02 0.04 0.09 0.13 0.17 0.20
0.04 0.04 0.04 0.04 0.04 0.03 0.01 -0.01 -0.03 -0.06 -0.09 -0.13 -0.17 -0.22 -0.27 -0.32 -0.38 -0.44 -0.51 -0.58 -0.65 -0.72 -0.80 -0.88 -0.96 -1.04 -1.13 -1.21 -1.29 -1.37 -1.45 -1.53 -1.60 -1.67 -1.74 -1.80 -1.86 -1.92 -1.96 -2.00 -2.04 -2.06 -2.08 -2.09 -2.09 -2.08 -2.06 -2.03 -1.99 -1.95 -1.89 -1.82 -1.75 -1.67 -1.59 -1.50 -1.40 -1.31 -1.21 -1.10 -1.00 -0.90 -0.79 -0.69 -0.59 -0.49 -0.40 -0.31 -0.22 -0.14 -0.07 -0.01 0.05 0.10 0.14 0.18 0.21
0.04 0.04 0.04 0.04 0.04 0.03 0.01 -0.01 -0.03 -0.06 -0.09 -0.13 -0.17 -0.22 -0.27 -0.33 -0.39 -0.45 -0.52 -0.59 -0.66 -0.74 -0.82 -0.90 -0.98 -1.07 -1.15 -1.24 -1.32 -1.41 -1.49 -1.57 -1.65 -1.72 -1.79 -1.86 -1.92 -1.98 -2.03 -2.07 -2.11 -2.14 -2.16 -2.17 -2.18 -2.17 -2.15 -2.12 -2.08 -2.03 -1.97 -1.90 -1.83 -1.74 -1.65 -1.56 -1.46 -1.36 -1.25 -1.15 -1.04 -0.93 -0.82 -0.71 -0.61 -0.51 -0.41 -0.31 -0.22 -0.14 -0.07 -0.00 0.05 0.10 0.15 0.18 0.22
0.04 0.04 0.05 0.05 0.04 0.03 0.02 -0.00 -0.03 -0.06 -0.09 -0.13 -0.18 -0.22 -0.28 -0.33 -0.39 -0.46 -0.53 -0.60 -0.67 -0.75 -0.83 -0.91 -1.00 -1.09 -1.18 -1.26 -1.35 -1.44 -1.52 -1.61 -1.69 -1.77 -1.84 -1.91 -1.98 -2.04 -2.09 -2.14 -2.18 -2.22 -2.24 -2.26 -2.26 -2.26 -2.24 -2.21 -2.17 -2.11 -2.05 -1.98 -1.90 -1.81 -1.72 -1.62 -1.52 -1.41 -1.30 -1.19 -1.08 -0.96 -0.85 -0.74 -0.63 -0.52 -0.41 -0.31 -0.22 -0.14 -0.06 0.01 0.06 0.11 0.15 0.19 0.22
0.04 0.05 0.05 0.05 0.04 0.03 0.02 -0.00 -0.03 -0.06 -0.09 -0.13 -0.18 -0.23 -0.28 -0.34 -0.40 -0.46 -0.53 -0.60 -0.68 -0.76 -0.84 -0.93 -1.02 -1.11 -1.20 -1.29 -1.38 -1.47 -1.56 -1.64 -1.73 -1.81 -1.89 -1.96 -2.03 -2.10 -2.16 -2.21 -2.26 -2.30 -2.32 -2.34 -2.35 -2.35 -2.33 -2.30 -2.26 -2.20 -2.14 -2.06 -1.98 -1.88 -1.78 -1.68 -1.57 -1.46 -1.34 -1.23 -1.11 -0.99 -0.88 -0.76 -0.64 -0.53 -0.42 -0.32 -0.22 -0.13 -0.05 0.02 0.07 0.12 0.16 0.20 0.23
0.04 0.05 0.05 0.05 0.04 0.03 0.02 -0.00 -0.03 -0.06 -0.09 -0.13 -0.18 -0.23 -0.28 -0.34 -0.40 -0.47 -0.54 -0.61 -0.69 -0.77 -0.85 -0.94 -1.03 -1.12 -1.22 -1.31 -1.40 -1.50 -1.59 -1.68 -1.77 -1.85 -1.93 -2.01 -2.09 -2.16 -2.22 -2.28 -2.33 -2.37 -2.41 -2.43 -2.44 -2.44 -2.42 -2.39 -2.35 -2.29 -2.22 -2.14 -2.05 -1.95 -1.85 -1.74 -1.62 -1.51 -1.39 -1.27 -1.15 -1.02 -0.90 -0.78 -0.66 -0.54 -0.43 -0.32 -0.22 -0.12 -0.04 0.03 0.09 0.13 0.17 0.20 0.24
