speedsAfterKrig/residues/output_residuos_76_2011.asc
NCOLS          173       
NROWS          329       
XLLCENTER      510425.00 
YLLCENTER      8547775.00
DX             50.00     
DY             50.00     
NODATA_VALUE   -999.00   
[rows 0 to 33 of 329, columns 0 to 76 of 173]
-2.14 -2.14 -2.14 -2.14 -2.14 -2.14 -2.14 -2.14 -2.14 -2.14 -2.14 -2.14 -2.14 -2.14 -2.14 -2.14 -2.14 -2.14 -2.14 -2.14 -2.14 -2.14 -2.13 -2.13 -2.11 -2.09 -2.07 -2.04 -2.00 -1.96 -1.92 -1.88 -1.83 -1.78 -1.72 -1.67 -1.61 -1.55 -1.49 -1.44 -1.38 -1.33 -1.28 -1.24 -1.22 -1.21 -1.22 -1.24 -1.28 -1.33 -1.38 -1.44 -1.50 -1.55 -1.61 -1.67 -1.72 -1.77 -1.82 -1.87 -1.91 -1.95 -1.99 -2.02 -2.05 -2.08 -2.10 -2.11 -2.12 -2.13 -2.13 -2.13 -2.13 -2.14 -2.14 -2.14 -2.14
-2.14 -2.14 -2.14 -2.14 -2.14 -2.14 -2.14 -2.14 -2.14 -2.14 -2.14 -2.14 -2.14 -2.14 -2.14 -2.14 -2.14 -2.14 -2.14 -2.14 -2.14 -2.14 -2.13 -2.12 -2.11 -2.09 -2.06 -2.03 -2.00 -1.96 -1.91 -1.87 -1.81 -1.76 -1.70 -1.64 -1.58 -1.52 -1.46 -1.40 -1.34 -1.28 -1.22 -1.18 -1.14 -1.13 -1.15 -1.18 -1.23 -1.28 -1.34 -1.40 -1.46 -1.53 -1.59 -1.64 -1.70 -1.75 -1.80 -1.85 -1.89 -1.93 -1.97 -2.00 -2.03 -2.06 -2.08 -2.10 -2.11 -2.12 -2.12 -2.12 -2.13 -2.13 -2.13 -2.14 -2.14
-2.14 -2.14 -2.14 -2.14 -2.14 -2.14 -2.14 -2.14 -2.14 -2.14 -2.14 -2.14 -2.14 -2.14 -2.14 -2.14 -2.14 -2.14 -2.14 -2.14 -2.14 -2.14 -2.13 -2.12 -2.11 -2.08 -2.06 -2.03 -1.99 -1.95 -1.90 -1.85 -1.80 -1.74 -1.68 -1.62 -1.56 -1.49 -1.43 -1.36 -1.29 -1.23 -1.17 -1.11 -1.07 -1.06 -1.07 -1.12 -1.18 -1.24 -1.31 -1.37 -1.44 -1.50 -1.56 -1.62 -1.67 -1.72 -1.77 -1.82 -1.86 -1.90 -1.94 -1.98 -2.01 -2.03 -2.06 -2.08 -2.09 -2.10 -2.11 -2.11 -2.12 -2.12 -2.13 -2.13 -2.13
-2.14 -2.14 -2.14 -2.14 -2.14 -2.14 -2.14 -2.14 -2.14 -2.14 -2.14 -2.14 -2.14 -2.14 -2.14 -2.14 -2.14 -2.14 -2.14 -2.14 -2.14 -2.14 -2.13 -2.12 -2.10 -2.08 -2.05 -2.02 -1.98 -1.93 -1.89 -1.83 -1.78 -1.72 -1.66 -1.59 -1.53 -1.46 -1.39 -1.33 -1.26 -1.19 -1.12 -1.06 -1.00 -0.97 -1.01 -1.07 -1.14 -1.22 -1.29 -1.35 -1.42 -1.48 -1.54 -1.59 -1.65 -1.70 -1.75 -1.79 -1.84 -1.88 -1.91 -1.95 -1.98 -2.01 -2.03 -2.05 -2.07 -2.08 -2.09 -2.09 -2.10 -2.11 -2.11 -2.12 -2.13
-2.14 -2.14 -2.14 -2.14 -2.14 -2.14 -2.14 -2.14 -2.14 -2.14 -2.14 -2.14 -2.14 -2.14 -2.14 -2.14 -2.14 -2.14 -2.14 -2.14 -2.14 -2.14 -2.13 -2.12 -2.10 -2.08 -2.05 -2.01 -1.97 -1.92 -1.87 -1.81 -1.76 -1.70 -1.63 -1.57 -1.50 -1.44 -1.37 -1.30 -1.23 -1.16 -1.09 -1.02 -0.95 -0.88 -0.97 -1.05 -1.13 -1.20 -1.27 -1.34 -1.40 -1.46 -1.52 -1.57 -1.63 -1.68 -1.72 -1.77 -1.81 -1.85 -1.89 -1.92 -1.95 -1.98 -2.00 -2.02 -2.04 -2.05 -2.06 -2.07 -2.08 -2.09 -2.10 -2.11 -2.12
-2.14 -2.14 -2.14 -2.14 -2.14 -2.14 -2.14 -2.14 -2.14 -2.14 -2.14 -2.14 -2.14 -2.14 -2.14 -2.14 -2.14 -2.14 -2.14 -2.14 -2.14 -2.14 -2.13 -2.12 -2.10 -2.07 -2.04 -2.00 -1.95 -1.90 -1.85 -1.80 -1.74 -1.67 -1.61 -1.55 -1.48 -1.41 -1.35 -1.28 -1.21 -1.15 -1.08 -1.02 -0.97 -0.94 -0.98 -1.05 -1.12 -1.20 -1.27 -1.33 -1.39 -1.45 -1.50 -1.56 -1.61 -1.65 -1.70 -1.74 -1.78 -1.82 -1.85 -1.89 -1.92 -1.95 -1.97 -1.99 -2.01 -2.02 -2.04 -2.05 -2.06 -2.07 -2.08 -2.09 -2.10
-2.14 -2.14 -2.14 -2.14 -2.14 -2.14 -2.14 -2.14 -2.14 -2.14 -2.14 -2.14 -2.14 -2.14 -2.14 -2.14 -2.14 -2.14 -2.14 -2.14 -2.14 -2.14 -2.13 -2.11 -2.09 -2.06 -2.03 -1.98 -1.94 -1.89 -1.83 -1.78 -1.72 -1.65 -1.59 -1.53 -1.46 -1.39 -1.33 -1.27 -1.20 -1.14 -1.09 -1.04 -1.00 -1.00 -1.02 -1.08 -1.14 -1.20 -1.27 -1.33 -1.39 -1.44 -1.49 -1.54 -1.59 -1.63 -1.67 -1.71 -1.75 -1.79 -1.82 -1.85 -1.88 -1.91 -1.94 -1.96 -1.98 -1.99 -2.00 -2.02 -2.03 -2.04 -2.06 -2.07 -2.09
-2.14 -2.14 -2.14 -2.14 -2.14 -2.14 -2.14 -2.14 -2.14 -2.14 -2.14 -2.14 -2.14 -2.14 -2.14 -2.14 -2.14 -2.14 -2.14 -2.14 -2.14 -2.13 -2.12 -2.11 -2.08 -2.05 -2.01 -1.97 -1.92 -1.87 -1.81 -1.75 -1.69 -1.63 -1.57 -1.51 -1.44 -1.38 -1.32 -1.26 -1.20 -1.15 -1.10 -1.07 -1.05 -1.05 -1.07 -1.11 -1.16 -1.22 -1.27 -1.33 -1.39 -1.44 -1.49 -1.53 -1.57 -1.61 -1.65 -1.69 -1.72 -1.76 -1.79 -1.82 -1.85 -1.88 -1.90 -1.92 -1.94 -1.96 -1.97 -1.99 -2.00 -2.02 -2.03 -2.05 -2.07
-2.14 -2.14 -2.14 -2.14 -2.14 -2.14 -2.14 -2.14 -2.14 -2.14 -2.14 -2.14 -2.14 -2.14 -2.14 -2.14 -2.14 -2.14 -2.14 -2.14 -2.13 -2.13 -2.12 -2.10 -2.07 -2.04 -2.00 -1.95 -1.90 -1.85 -1.79 -1.73 -1.67 -1.61 -1.55 -1.49 -1.42 -1.37 -1.31 -1.25 -1.20 -1.16 -1.12 -1.10 -1.09 -1.09 -1.11 -1.14 -1.18 -1.23 -1.29 -1.34 -1.39 -1.44 -1.48 -1.52 -1.56 -1.59 -1.63 -1.66 -1.69 -1.72 -1.75 -1.78 -1.81 -1.84 -1.86 -1.88 -1.90 -1.92 -1.93 -1.95 -1.97 -1.98 -2.00 -2.02 -2.04
-2.14 -2.14 -2.14 -2.14 -2.14 -2.14 -2.14 -2.14 -2.14 -2.14 -2.14 -2.14 -2.14 -2.14 -2.14 -2.14 -2.14 -2.14 -2.14 -2.13 -2.13 -2.12 -2.11 -2.08 -2.06 -2.02 -1.98 -1.93 -1.88 -1.83 -1.77 -1.71 -1.65 -1.59 -1.53 -1.47 -1.41 -1.35 -1.30 -1.25 -1.21 -1.17 -1.14 -1.13 -1.12 -1.13 -1.14 -1.17 -1.21 -1.25 -1.30 -1.34 -1.39 -1.43 -1.47 -1.51 -1.54 -1.57 -1.60 -1.63 -1.66 -1.69 -1.72 -1.74 -1.77 -1.79 -1.82 -1.84 -1.86 -1.87 -1.89 -1.90 -1.92 -1.94 -1.96 -1.99 -2.01
-2.14 -2.14 -2.14 -2.14 -2.14 -2.14 -2.14 -2.14 -2.14 -2.14 -2.14 -2.14 -2.14 -2.14 -2.14 -2.14 -2.14 -2.14 -2.14 -2.13 -2.12 -2.11 -2.09 -2.07 -2.04 -2.00 -1.96 -1.91 -1.86 -1.81 -1.75 -1.69 -1.63 -1.57 -1.51 -1.45 -1.39 -1.34 -1.29 -1.25 -1.21 -1.18 -1.16 -1.15 -1.15 -1.16 -1.18 -1.20 -1.23 -1.27 -1.31 -1.35 -1.39 -1.43 -1.47 -1.50 -1.53 -1.56 -1.58 -1.61 -1.63 -1.65 -1.68 -1.70 -1.72 -1.75 -1.77 -1.79 -1.80 -1.82 -1.83 -1.85 -1.87 -1.90 -1.92 -1.94 -1.97
-2.14 -2.14 -2.14 -2.14 -2.14 -2.14 -2.14 -2.14 -2.14 -2.14 -2.14 -2.14 -2.14 -2.14 -2.14 -2.14 -2.14 -2.14 -2.13 -2.12 -2.11 -2.10 -2.08 -2.05 -2.02 -1.98 -1.94 -1.89 -1.84 -1.78 -1.72 -1.66 -1.60 -1.54 -1.49 -1.43 -1.38 -1.33 -1.29 -1.25 -1.22 -1.20 -1.18 -1.18 -1.18 -1.19 -1.20 -1.23 -1.25 -1.29 -1.32 -1.36 -1.39 -1.43 -1.46 -1.49 -1.52 -1.54 -1.56 -1.58 -1.60 -1.62 -1.64 -1.66 -1.67 -1.69 -1.71 -1.73 -1.74 -1.76 -1.77 -1.79 -1.82 -1.84 -1.87 -1.90 -1.93
-2.14 -2.14 -2.14 -2.14 -2.14 -2.14 -2.14 -2.14 -2.14 -2.14 -2.14 -2.14 -2.14 -2.14 -2.14 -2.14 -2.14 -2.13 -2.13 -2.12 -2.10 -2.08 -2.06 -2.04 -2.00 -1.96 -1.92 -1.87 -1.82 -1.76 -1.70 -1.64 -1.58 -1.52 -1.46 -1.41 -1.36 -1.32 -1.28 -1.25 -1.22 -1.20 -1.20 -1.19 -1.20 -1.21 -1.22 -1.25 -1.27 -1.30 -1.33 -1.37 -1.40 -1.43 -1.46 -1.48 -1.51 -1.52 -1.54 -1.55 -1.57 -1.58 -1.59 -1.61 -1.62 -1.63 -1.65 -1.66 -1.67 -1.69 -1.71 -1.73 -1.76 -1.78 -1.81 -1.84 -1.88
-2.14 -2.14 -2.14 -2.14 -2.14 -2.14 -2.14 -2.14 -2.14 -2.14 -2.14 -2.14 -2.14 -2.14 -2.14 -2.14 -2.14 -2.13 -2.12 -2.11 -2.09 -2.07 -2.04 -2.02 -1.98 -1.94 -1.90 -1.85 -1.79 -1.73 -1.67 -1.61 -1.56 -1.50 -1.44 -1.39 -1.34 -1.30 -1.27 -1.24 -1.22 -1.21 -1.21 -1.21 -1.22 -1.23 -1.24 -1.26 -1.29 -1.32 -1.34 -1.37 -1.40 -1.43 -1.45 -1.47 -1.49 -1.51 -1.52 -1.53 -1.53 -1.54 -1.54 -1.55 -1.56 -1.57 -1.58 -1.59 -1.60 -1.62 -1.64 -1.66 -1.69 -1.72 -1.75 -1.79 -1.82
-2.14 -2.14 -2.14 -2.14 -2.14 -2.14 -2.14 -2.14 -2.13 -2.13 -2.13 -2.13 -2.13 -2.13 -2.13 -2.13 -2.13 -2.12 -2.11 -2.10 -2.08 -2.05 -2.03 -2.00 -1.96 -1.92 -1.87 -1.82 -1.77 -1.71 -1.65 -1.59 -1.53 -1.47 -1.42 -1.37 -1.32 -1.28 -1.25 -1.23 -1.22 -1.21 -1.21 -1.22 -1.23 -1.24 -1.26 -1.28 -1.30 -1.33 -1.35 -1.38 -1.40 -1.43 -1.45 -1.46 -1.48 -1.49 -1.50 -1.50 -1.49 -1.49 -1.49 -1.49 -1.49 -1.49 -1.50 -1.51 -1.52 -1.54 -1.56 -1.59 -1.62 -1.65 -1.69 -1.73 -1.76
-2.14 -2.14 -2.14 -2.14 -2.13 -2.13 -2.13 -2.13 -2.13 -2.13 -2.13 -2.13 -2.13 -2.13 -2.13 -2.13 -2.12 -2.11 -2.10 -2.08 -2.06 -2.04 -2.01 -1.98 -1.94 -1.90 -1.85 -1.80 -1.74 -1.68 -1.62 -1.56 -1.50 -1.44 -1.39 -1.34 -1.30 -1.26 -1.24 -1.22 -1.21 -1.21 -1.22 -1.23 -1.24 -1.26 -1.27 -1.29 -1.32 -1.34 -1.36 -1.39 -1.41 -1.43 -1.44 -1.46 -1.47 -1.47 -1.47 -1.46 -1.45 -1.44 -1.43 -1.42 -1.42 -1.42 -1.42 -1.43 -1.44 -1.46 -1.49 -1.52 -1.55 -1.58 -1.62 -1.66 -1.70
-2.14 -2.14 -2.13 -2.13 -2.13 -2.13 -2.13 -2.12 -2.12 -2.12 -2.12 -2.12 -2.12 -2.12 -2.12 -2.12 -2.11 -2.10 -2.09 -2.07 -2.04 -2.02 -1.99 -1.95 -1.92 -1.87 -1.83 -1.77 -1.72 -1.66 -1.60 -1.53 -1.47 -1.42 -1.36 -1.31 -1.27 -1.24 -1.22 -1.21 -1.20 -1.21 -1.22 -1.23 -1.25 -1.27 -1.29 -1.31 -1.33 -1.35 -1.37 -1.39 -1.41 -1.43 -1.44 -1.45 -1.45 -1.45 -1.44 -1.43 -1.41 -1.38 -1.36 -1.35 -1.34 -1.33 -1.34 -1.34 -1.36 -1.38 -1.41 -1.44 -1.48 -1.51 -1.55 -1.60 -1.64
-2.13 -2.13 -2.13 -2.12 -2.12 -2.12 -2.11 -2.11 -2.10 -2.10 -2.10 -2.10 -2.10 -2.10 -2.11 -2.10 -2.10 -2.09 -2.07 -2.05 -2.03 -2.00 -1.97 -1.93 -1.89 -1.85 -1.80 -1.75 -1.69 -1.63 -1.57 -1.51 -1.44 -1.38 -1.33 -1.28 -1.24 -1.21 -1.20 -1.19 -1.19 -1.20 -1.22 -1.23 -1.25 -1.27 -1.30 -1.32 -1.34 -1.36 -1.38 -1.40 -1.42 -1.43 -1.44 -1.44 -1.44 -1.43 -1.42 -1.39 -1.36 -1.33 -1.30 -1.27 -1.26 -1.25 -1.25 -1.26 -1.27 -1.30 -1.33 -1.36 -1.40 -1.44 -1.49 -1.53 -1.58
-2.13 -2.12 -2.12 -2.11 -2.10 -2.10 -2.09 -2.09 -2.08 -2.08 -2.08 -2.08 -2.08 -2.08 -2.08 -2.08 -2.08 -2.07 -2.05 -2.03 -2.01 -1.98 -1.95 -1.91 -1.87 -1.83 -1.78 -1.73 -1.67 -1.61 -1.54 -1.48 -1.41 -1.35 -1.30 -1.25 -1.21 -1.18 -1.17 -1.17 -1.18 -1.19 -1.21 -1.23 -1.26 -1.28 -1.31 -1.33 -1.36 -1.38 -1.40 -1.41 -1.43 -1.44 -1.44 -1.44 -1.43 -1.41 -1.39 -1.35 -1.31 -1.27 -1.23 -1.19 -1.17 -1.16 -1.16 -1.17 -1.19 -1.22 -1.25 -1.29 -1.33 -1.37 -1.42 -1.46 -1.51
-2.12 -2.11 -2.10 -2.09 -2.08 -2.07 -2.07 -2.06 -2.05 -2.05 -2.05 -2.05 -2.05 -2.05 -2.06 -2.05 -2.05 -2.04 -2.02 -2.01 -1.98 -1.95 -1.92 -1.89 -1.85 -1.80 -1.75 -1.70 -1.64 -1.58 -1.52 -1.45 -1.39 -1.32 -1.26 -1.21 -1.18 -1.15 -1.14 -1.14 -1.16 -1.18 -1.20 -1.23 -1.26 -1.29 -1.31 -1.34 -1.36 -1.39 -1.41 -1.42 -1.44 -1.44 -1.44 -1.44 -1.42 -1.40 -1.36 -1.32 -1.27 -1.21 -1.16 -1.11 -1.08 -1.06 -1.07 -1.08 -1.11 -1.14 -1.18 -1.22 -1.26 -1.30 -1.35 -1.40 -1.45
-2.10 -2.09 -2.08 -2.06 -2.05 -2.04 -2.03 -2.03 -2.02 -2.02 -2.01 -2.01 -2.02 -2.02 -2.02 -2.02 -2.02 -2.01 -1.99 -1.98 -1.95 -1.93 -1.90 -1.86 -1.82 -1.78 -1.73 -1.68 -1.62 -1.56 -1.49 -1.43 -1.36 -1.29 -1.23 -1.18 -1.14 -1.11 -1.10 -1.11 -1.13 -1.16 -1.19 -1.22 -1.26 -1.29 -1.32 -1.34 -1.37 -1.39 -1.41 -1.43 -1.44 -1.45 -1.45 -1.44 -1.42 -1.39 -1.34 -1.29 -1.23 -1.16 -1.09 -1.03 -0.98 -0.97 -0.98 -1.00 -1.03 -1.07 -1.11 -1.15 -1.19 -1.24 -1.28 -1.33 -1.39
-2.08 -2.06 -2.05 -2.04 -2.02 -2.01 -2.00 -1.99 -1.98 -1.98 -1.97 -1.97 -1.98 -1.98 -1.98 -1.98 -1.98 -1.97 -1.96 -1.94 -1.92 -1.90 -1.87 -1.84 -1.80 -1.76 -1.71 -1.65 -1.60 -1.54 -1.47 -1.40 -1.33 -1.26 -1.20 -1.14 -1.09 -1.06 -1.06 -1.07 -1.10 -1.14 -1.18 -1.21 -1.25 -1.28 -1.32 -1.35 -1.37 -1.40 -1.42 -1.43 -1.45 -1.45 -1.45 -1.44 -1.41 -1.38 -1.33 -1.27 -1.20 -1.12 -1.03 -0.95 -0.89 -0.88 -0.91 -0.94 -0.97 -1.01 -1.04 -1.08 -1.13 -1.17 -1.22 -1.27 -1.33
-2.05 -2.04 -2.02 -2.00 -1.98 -1.97 -1.96 -1.95 -1.94 -1.93 -1.93 -1.93 -1.93 -1.94 -1.94 -1.94 -1.94 -1.93 -1.92 -1.91 -1.89 -1.87 -1.84 -1.81 -1.77 -1.73 -1.69 -1.64 -1.58 -1.52 -1.46 -1.39 -1.31 -1.24 -1.17 -1.10 -1.04 -1.00 -1.00 -1.03 -1.07 -1.12 -1.16 -1.20 -1.24 -1.28 -1.31 -1.34 -1.37 -1.40 -1.42 -1.44 -1.45 -1.45 -1.45 -1.43 -1.41 -1.37 -1.32 -1.25 -1.18 -1.09 -0.99 -0.89 -0.79 -0.82 -0.86 -0.89 -0.92 -0.95 -0.99 -1.03 -1.07 -1.11 -1.16 -1.21 -1.27
-2.02 -2.00 -1.98 -1.96 -1.94 -1.93 -1.91 -1.90 -1.89 -1.88 -1.88 -1.88 -1.88 -1.89 -1.89 -1.89 -1.89 -1.89 -1.88 -1.87 -1.85 -1.84 -1.81 -1.78 -1.75 -1.71 -1.67 -1.62 -1.57 -1.51 -1.44 -1.37 -1.30 -1.22 -1.14 -1.06 -0.98 -0.94 -0.95 -1.00 -1.05 -1.10 -1.15 -1.19 -1.23 -1.27 -1.31 -1.34 -1.37 -1.40 -1.42 -1.44 -1.45 -1.45 -1.45 -1.43 -1.40 -1.36 -1.31 -1.25 -1.17 -1.08 -0.99 -0.90 -0.83 -0.82 -0.84 -0.86 -0.89 -0.92 -0.95 -0.98 -1.02 -1.06 -1.10 -1.16 -1.21
-1.99 -1.97 -1.94 -1.92 -1.90 -1.88 -1.86 -1.85 -1.83 -1.83 -1.82 -1.82 -1.83 -1.83 -1.84 -1.84 -1.84 -1.84 -1.84 -1.83 -1.82 -1.80 -1.78 -1.76 -1.73 -1.69 -1.65 -1.61 -1.56 -1.50 -1.44 -1.37 -1.29 -1.21 -1.13 -1.04 -0.95 -0.86 -0.92 -0.98 -1.03 -1.09 -1.14 -1.18 -1.23 -1.27 -1.30 -1.34 -1.37 -1.39 -1.41 -1.43 -1.45 -1.45 -1.44 -1.43 -1.40 -1.36 -1.31 -1.24 -1.17 -1.09 -1.00 -0.93 -0.87 -0.85 -0.84 -0.85 -0.87 -0.89 -0.91 -0.94 -0.97 -1.01 -1.05 -1.10 -1.16
-1.96 -1.93 -1.90 -1.88 -1.85 -1.83 -1.81 -1.79 -1.78 -1.77 -1.76 -1.76 -1.77 -1.77 -1.78 -1.79 -1.79 -1.79 -1.79 -1.79 -1.78 -1.77 -1.75 -1.73 -1.71 -1.68 -1.64 -1.60 -1.55 -1.50 -1.43 -1.37 -1.29 -1.21 -1.13 -1.05 -0.97 -0.93 -0.94 -0.98 -1.03 -1.08 -1.13 -1.18 -1.22 -1.26 -1.30 -1.33 -1.36 -1.39 -1.41 -1.43 -1.44 -1.45 -1.44 -1.42 -1.40 -1.36 -1.31 -1.25 -1.18 -1.11 -1.03 -0.97 -0.91 -0.88 -0.86 -0.86 -0.87 -0.88 -0.89 -0.91 -0.93 -0.97 -1.00 -1.05 -1.11
-1.92 -1.89 -1.86 -1.83 -1.80 -1.77 -1.75 -1.73 -1.72 -1.70 -1.70 -1.70 -1.70 -1.71 -1.72 -1.73 -1.74 -1.75 -1.75 -1.75 -1.74 -1.74 -1.73 -1.71 -1.69 -1.66 -1.63 -1.59 -1.55 -1.50 -1.44 -1.37 -1.30 -1.22 -1.15 -1.08 -1.02 -0.98 -0.98 -1.01 -1.05 -1.09 -1.13 -1.18 -1.22 -1.25 -1.29 -1.32 -1.35 -1.38 -1.40 -1.42 -1.44 -1.44 -1.43 -1.42 -1.39 -1.36 -1.31 -1.26 -1.20 -1.13 -1.07 -1.01 -0.96 -0.92 -0.89 -0.88 -0.87 -0.87 -0.88 -0.89 -0.90 -0.93 -0.96 -1.00 -1.06
-1.88 -1.85 -1.81 -1.78 -1.75 -1.72 -1.69 -1.67 -1.65 -1.64 -1.63 -1.63 -1.64 -1.65 -1.66 -1.67 -1.69 -1.70 -1.70 -1.71 -1.71 -1.71 -1.70 -1.69 -1.67 -1.65 -1.63 -1.59 -1.55 -1.51 -1.45 -1.38 -1.31 -1.24 -1.17 -1.11 -1.06 -1.03 -1.02 -1.03 -1.06 -1.10 -1.14 -1.17 -1.21 -1.24 -1.28 -1.31 -1.34 -1.37 -1.39 -1.41 -1.43 -1.43 -1.43 -1.41 -1.39 -1.36 -1.32 -1.28 -1.22 -1.16 -1.10 -1.05 -1.00 -0.96 -0.93 -0.90 -0.89 -0.88 -0.87 -0.87 -0.88 -0.89 -0.92 -0.96 -1.01
-1.85 -1.81 -1.77 -1.73 -1.69 -1.66 -1.63 -1.60 -1.58 -1.57 -1.56 -1.56 -1.57 -1.58 -1.60 -1.61 -1.63 -1.64 -1.66 -1.67 -1.67 -1.68 -1.68 -1.67 -1.66 -1.64 -1.62 -1.60 -1.56 -1.51 -1.46 -1.40 -1.33 -1.27 -1.20 -1.14 -1.10 -1.07 -1.05 -1.06 -1.08 -1.11 -1.14 -1.17 -1.20 -1.23 -1.27 -1.30 -1.33 -1.35 -1.38 -1.40 -1.42 -1.42 -1.42 -1.41 -1.40 -1.37 -1.34 -1.29 -1.25 -1.19 -1.14 -1.09 -1.04 -1.00 -0.97 -0.93 -0.91 -0.89 -0.88 -0.87 -0.86 -0.86 -0.88 -0.91 -0.97
-1.81 -1.76 -1.72 -1.68 -1.64 -1.60 -1.56 -1.54 -1.51 -1.50 -1.49 -1.49 -1.50 -1.51 -1.53 -1.55 -1.57 -1.59 -1.61 -1.63 -1.64 -1.65 -1.65 -1.65 -1.65 -1.64 -1.62 -1.60 -1.57 -1.53 -1.48 -1.42 -1.36 -1.30 -1.23 -1.18 -1.13 -1.10 -1.09 -1.08 -1.09 -1.11 -1.14 -1.16 -1.19 -1.22 -1.25 -1.28 -1.31 -1.34 -1.36 -1.39 -1.41 -1.42 -1.42 -1.42 -1.40 -1.38 -1.35 -1.32 -1.27 -1.23 -1.18 -1.13 -1.09 -1.05 -1.01 -0.97 -0.94 -0.91 -0.89 -0.87 -0.85 -0.84 -0.85 -0.87 -0.93
-1.77 -1.72 -1.67 -1.62 -1.58 -1.54 -1.50 -1.47 -1.44 -1.42 -1.41 -1.41 -1.42 -1.44 -1.46 -1.49 -1.52 -1.54 -1.57 -1.59 -1.61 -1.62 -1.63 -1.64 -1.64 -1.64 -1.63 -1.61 -1.58 -1.54 -1.49 -1.44 -1.39 -1.33 -1.27 -1.22 -1.17 -1.14 -1.11 -1.11 -1.11 -1.12 -1.14 -1.16 -1.18 -1.21 -1.24 -1.26 -1.29 -1.32 -1.35 -1.38 -1.40 -1.41 -1.42 -1.42 -1.41 -1.39 -1.37 -1.34 -1.30 -1.26 -1.22 -1.17 -1.13 -1.09 -1.06 -1.02 -0.98 -0.95 -0.92 -0.89 -0.86 -0.84 -0.82 -0.83 -0.90
-1.73 -1.68 -1.63 -1.57 -1.52 -1.48 -1.44 -1.40 -1.37 -1.35 -1.34 -1.33 -1.34 -1.37 -1.39 -1.43 -1.46 -1.49 -1.53 -1.55 -1.58 -1.60 -1.62 -1.63 -1.64 -1.64 -1.63 -1.61 -1.59 -1.55 -1.51 -1.47 -1.41 -1.36 -1.30 -1.25 -1.20 -1.17 -1.14 -1.13 -1.12 -1.13 -1.14 -1.15 -1.17 -1.20 -1.22 -1.25 -1.28 -1.31 -1.34 -1.37 -1.39 -1.41 -1.42 -1.42 -1.42 -1.41 -1.39 -1.37 -1.33 -1.30 -1.26 -1.22 -1.18 -1.14 -1.11 -1.07 -1.03 -0.99 -0.95 -0.92 -0.89 -0.86 -0.82 -0.79 -0.89
-1.69 -1.64 -1.58 -1.53 -1.47 -1.42 -1.37 -1.33 -1.29 -1.27 -1.26 -1.25 -1.27 -1.29 -1.32 -1.36 -1.41 -1.45 -1.49 -1.52 -1.55 -1.58 -1.60 -1.62 -1.64 -1.64 -1.64 -1.62 -1.60 -1.57 -1.53 -1.49 -1.44 -1.39 -1.33 -1.28 -1.23 -1.20 -1.17 -1.14 -1.13 -1.13 -1.14 -1.15 -1.16 -1.18 -1.21 -1.23 -1.26 -1.29 -1.33 -1.36 -1.39 -1.41 -1.42 -1.43 -1.43 -1.43 -1.41 -1.39 -1.36 -1.33 -1.30 -1.27 -1.23 -1.20 -1.16 -1.12 -1.08 -1.04 -1.01 -0.97 -0.94 -0.91 -0.88 -0.89 -0.95
-1.66 -1.60 -1.54 -1.48 -1.42 -1.36 -1.31 -1.26 -1.22 -1.19 -1.17 -1.17 -1.19 -1.22 -1.26 -1.30 -1.35 -1.40 -1.45 -1.49 -1.53 -1.56 -1.59 -1.62 -1.64 -1.65 -1.65 -1.64 -1.62 -1.59 -1.56 -1.52 -1.47 -1.42 -1.36 -1.31 -1.26 -1.22 -1.19 -1.16 -1.14 -1.13 -1.13 -1.14 -1.15 -1.17 -1.19 -1.22 -1.25 -1.28 -1.31 -1.35 -1.38 -1.41 -1.43 -1.44 -1.45 -1.45 -1.44 -1.42 -1.40 -1.37 -1.34 -1.31 -1.28 -1.25 -1.22 -1.18 -1.15 -1.11 -1.07 -1.03 -1.00 -0.98 -0.97 -0.98 -1.03
