speedsAfterKrig/residues/output_residuos_50_2009.asc
NCOLS          173       
NROWS          329       
XLLCENTER      510425.00 
YLLCENTER      8547775.00
DX             50.00     
DY             50.00     
NODATA_VALUE   -999.00   
[rows 266 to 303 of 329, columns 84 to 167 of 173]
0.01 0.04 0.08 0.12 0.16 0.21 0.26 0.32 0.38 0.44 0.51 0.58 0.65 0.72 0.80 0.87 0.95 1.03 1.10 1.18 1.25 1.32 1.39 1.46 1.52 1.57 1.62 1.67 1.71 1.74 1.77 1.79 1.81 1.82 1.82 1.81 1.80 1.78 1.76 1.73 1.69 1.65 1.60 1.55 1.49 1.43 1.36 1.29 1.22 1.15 1.07 0.99 0.92 0.84 0.76 0.68 0.60 0.52 0.45 0.38 0.31 0.25 0.19 0.14 0.09 0.05 0.01 -0.02 -0.04 -0.06 -0.08 -0.10 -0.11 -0.11 -0.12 -0.12 -0.12 -0.11 -0.10 -0.09 -0.07 -0.05 -0.04 -0.02
-0.00 0.03 0.06 0.10 0.15 0.20 0.25 0.30 0.36 0.43 0.49 0.56 0.64 0.71 0.79 0.86 0.94 1.02 1.10 1.18 1.25 1.32 1.40 1.46 1.53 1.59 1.64 1.69 1.73 1.77 1.80 1.82 1.84 1.85 1.85 1.85 1.84 1.83 1.80 1.77 1.74 1.69 1.65 1.59 1.53 1.47 1.41 1.34 1.26 1.19 1.11 1.03 0.95 0.87 0.79 0.71 0.63 0.55 0.47 0.40 0.33 0.26 0.20 0.15 0.10 0.06 0.02 -0.01 -0.04 -0.06 -0.08 -0.10 -0.11 -0.12 -0.12 -0.12 -0.12 -0.12 -0.11 -0.10 -0.08 -0.06 -0.05 -0.03
-0.02 0.01 0.05 0.09 0.13 0.18 0.23 0.29 0.35 0.41 0.48 0.55 0.62 0.70 0.78 0.85 0.93 1.01 1.09 1.17 1.25 1.33 1.40 1.47 1.54 1.60 1.66 1.71 1.75 1.79 1.83 1.85 1.87 1.89 1.89 1.89 1.89 1.87 1.85 1.82 1.78 1.74 1.69 1.64 1.58 1.52 1.45 1.38 1.30 1.23 1.15 1.07 0.98 0.90 0.82 0.73 0.65 0.57 0.49 0.42 0.34 0.28 0.21 0.16 0.11 0.06 0.03 -0.01 -0.03 -0.06 -0.08 -0.09 -0.11 -0.12 -0.12 -0.13 -0.13 -0.12 -0.12 -0.11 -0.09 -0.07 -0.05 -0.04
-0.03 -0.00 0.03 0.07 0.12 0.17 0.22 0.27 0.33 0.40 0.46 0.54 0.61 0.69 0.76 0.84 0.93 1.01 1.09 1.17 1.25 1.33 1.41 1.48 1.55 1.61 1.67 1.73 1.78 1.82 1.86 1.89 1.91 1.93 1.94 1.94 1.93 1.92 1.90 1.87 1.83 1.79 1.74 1.69 1.63 1.57 1.50 1.42 1.35 1.27 1.19 1.10 1.02 0.93 0.85 0.76 0.68 0.59 0.51 0.43 0.36 0.29 0.22 0.17 0.11 0.07 0.03 -0.00 -0.03 -0.05 -0.07 -0.09 -0.11 -0.12 -0.13 -0.13 -0.13 -0.13 -0.12 -0.11 -0.10 -0.08 -0.06 -0.04
-0.04 -0.01 0.02 0.06 0.10 0.15 0.20 0.26 0.32 0.38 0.45 0.52 0.60 0.67 0.75 0.84 0.92 1.00 1.09 1.17 1.26 1.34 1.42 1.49 1.56 1.63 1.69 1.75 1.80 1.85 1.89 1.92 1.95 1.97 1.98 1.98 1.98 1.97 1.95 1.92 1.89 1.84 1.80 1.74 1.68 1.61 1.54 1.47 1.39 1.31 1.23 1.14 1.05 0.96 0.88 0.79 0.70 0.62 0.53 0.45 0.37 0.30 0.23 0.17 0.12 0.08 0.04 0.01 -0.02 -0.05 -0.07 -0.09 -0.11 -0.12 -0.13 -0.13 -0.14 -0.13 -0.13 -0.12 -0.11 -0.09 -0.07 -0.05
-0.06 -0.03 0.01 0.05 0.09 0.14 0.19 0.24 0.30 0.37 0.43 0.51 0.58 0.66 0.74 0.83 0.91 1.00 1.09 1.17 1.26 1.34 1.42 1.50 1.58 1.65 1.71 1.77 1.83 1.88 1.92 1.96 1.99 2.01 2.03 2.03 2.03 2.02 2.00 1.98 1.94 1.90 1.85 1.79 1.73 1.66 1.59 1.52 1.43 1.35 1.27 1.18 1.09 1.00 0.91 0.82 0.73 0.64 0.55 0.47 0.39 0.31 0.24 0.18 0.13 0.08 0.05 0.01 -0.02 -0.04 -0.07 -0.09 -0.10 -0.12 -0.13 -0.13 -0.14 -0.14 -0.13 -0.13 -0.11 -0.10 -0.08 -0.06
-0.07 -0.04 -0.01 0.03 0.07 0.12 0.17 0.23 0.29 0.35 0.42 0.49 0.57 0.65 0.73 0.82 0.91 0.99 1.08 1.17 1.26 1.35 1.43 1.51 1.59 1.67 1.74 1.80 1.86 1.91 1.96 2.00 2.03 2.06 2.07 2.08 2.08 2.08 2.06 2.03 2.00 1.96 1.91 1.85 1.79 1.72 1.64 1.56 1.48 1.39 1.31 1.22 1.12 1.03 0.94 0.85 0.75 0.66 0.57 0.49 0.40 0.33 0.25 0.18 0.13 0.09 0.05 0.02 -0.01 -0.04 -0.06 -0.08 -0.10 -0.12 -0.13 -0.14 -0.14 -0.14 -0.14 -0.13 -0.12 -0.11 -0.09 -0.07
-0.08 -0.05 -0.02 0.02 0.06 0.11 0.16 0.21 0.27 0.33 0.40 0.47 0.55 0.63 0.72 0.81 0.90 0.99 1.08 1.17 1.27 1.36 1.44 1.53 1.61 1.68 1.76 1.83 1.89 1.94 2.00 2.04 2.08 2.10 2.13 2.14 2.14 2.13 2.12 2.09 2.06 2.02 1.96 1.91 1.84 1.77 1.69 1.61 1.53 1.44 1.35 1.25 1.16 1.06 0.97 0.87 0.78 0.69 0.60 0.51 0.42 0.34 0.26 0.19 0.14 0.10 0.07 0.03 -0.00 -0.03 -0.06 -0.08 -0.10 -0.11 -0.13 -0.14 -0.14 -0.14 -0.14 -0.13 -0.13 -0.11 -0.09 -0.07
-0.09 -0.06 -0.03 0.01 0.05 0.09 0.14 0.20 0.25 0.32 0.38 0.46 0.54 0.62 0.71 0.80 0.89 0.99 1.08 1.18 1.27 1.36 1.45 1.54 1.62 1.70 1.78 1.85 1.92 1.98 2.03 2.08 2.12 2.15 2.18 2.19 2.20 2.19 2.18 2.16 2.12 2.08 2.02 1.96 1.90 1.82 1.74 1.66 1.57 1.48 1.39 1.29 1.19 1.10 1.00 0.90 0.81 0.71 0.62 0.53 0.45 0.36 0.29 0.22 0.17 0.12 0.08 0.04 0.01 -0.02 -0.05 -0.08 -0.10 -0.11 -0.13 -0.14 -0.14 -0.14 -0.14 -0.14 -0.13 -0.12 -0.10 -0.08
-0.10 -0.07 -0.04 -0.00 0.04 0.08 0.13 0.18 0.24 0.30 0.37 0.44 0.52 0.61 0.70 0.79 0.89 0.98 1.08 1.18 1.27 1.37 1.46 1.55 1.64 1.72 1.80 1.88 1.95 2.01 2.07 2.12 2.17 2.21 2.23 2.25 2.26 2.26 2.24 2.22 2.19 2.14 2.09 2.02 1.95 1.88 1.80 1.71 1.62 1.52 1.43 1.33 1.23 1.13 1.03 0.93 0.84 0.74 0.65 0.56 0.47 0.39 0.31 0.25 0.19 0.14 0.09 0.05 0.02 -0.02 -0.04 -0.07 -0.09 -0.11 -0.12 -0.14 -0.14 -0.15 -0.15 -0.14 -0.13 -0.12 -0.11 -0.09
-0.11 -0.08 -0.05 -0.01 0.03 0.07 0.12 0.17 0.22 0.28 0.35 0.42 0.50 0.59 0.68 0.78 0.88 0.98 1.08 1.18 1.28 1.38 1.47 1.56 1.65 1.74 1.83 1.90 1.98 2.05 2.11 2.17 2.22 2.26 2.29 2.31 2.32 2.32 2.31 2.29 2.25 2.21 2.15 2.09 2.01 1.93 1.85 1.76 1.66 1.57 1.47 1.37 1.26 1.16 1.06 0.96 0.86 0.77 0.67 0.58 0.49 0.41 0.34 0.27 0.21 0.16 0.11 0.07 0.03 -0.01 -0.04 -0.06 -0.09 -0.11 -0.12 -0.13 -0.14 -0.15 -0.15 -0.14 -0.14 -0.13 -0.11 -0.09
-0.11 -0.08 -0.05 -0.02 0.02 0.06 0.11 0.16 0.21 0.27 0.33 0.40 0.48 0.58 0.67 0.77 0.88 0.98 1.08 1.18 1.28 1.38 1.48 1.58 1.67 1.76 1.85 1.93 2.01 2.08 2.15 2.21 2.27 2.31 2.35 2.38 2.39 2.39 2.38 2.36 2.32 2.27 2.22 2.15 2.07 1.99 1.90 1.80 1.71 1.61 1.50 1.40 1.30 1.19 1.09 0.99 0.89 0.79 0.70 0.60 0.52 0.44 0.36 0.29 0.23 0.18 0.13 0.08 0.04 0.00 -0.03 -0.06 -0.08 -0.10 -0.12 -0.13 -0.14 -0.15 -0.15 -0.15 -0.14 -0.13 -0.12 -0.10
-0.12 -0.09 -0.06 -0.02 0.01 0.05 0.10 0.15 0.20 0.25 0.31 0.38 0.47 0.57 0.67 0.77 0.87 0.98 1.08 1.19 1.29 1.39 1.49 1.59 1.68 1.78 1.87 1.95 2.04 2.12 2.19 2.26 2.32 2.37 2.41 2.44 2.46 2.46 2.46 2.43 2.39 2.34 2.28 2.21 2.13 2.04 1.95 1.85 1.75 1.65 1.54 1.43 1.33 1.22 1.12 1.01 0.91 0.81 0.72 0.63 0.54 0.46 0.39 0.31 0.25 0.19 0.14 0.09 0.05 0.01 -0.02 -0.05 -0.08 -0.10 -0.12 -0.13 -0.14 -0.15 -0.15 -0.15 -0.14 -0.13 -0.12 -0.10
-0.12 -0.09 -0.06 -0.03 0.01 0.05 0.09 0.14 0.19 0.25 0.30 0.37 0.46 0.56 0.66 0.77 0.87 0.98 1.08 1.19 1.29 1.40 1.50 1.60 1.70 1.79 1.89 1.98 2.06 2.15 2.23 2.30 2.36 2.42 2.47 2.51 2.53 2.54 2.53 2.51 2.47 2.42 2.35 2.27 2.19 2.09 2.00 1.89 1.79 1.68 1.57 1.47 1.36 1.25 1.14 1.04 0.94 0.84 0.74 0.65 0.56 0.48 0.40 0.33 0.27 0.21 0.15 0.10 0.06 0.02 -0.02 -0.05 -0.07 -0.10 -0.12 -0.13 -0.14 -0.15 -0.15 -0.15 -0.15 -0.14 -0.12 -0.11
-0.12 -0.10 -0.07 -0.03 0.01 0.05 0.09 0.14 0.19 0.25 0.31 0.38 0.47 0.56 0.66 0.77 0.87 0.98 1.08 1.19 1.30 1.40 1.51 1.61 1.71 1.81 1.90 2.00 2.09 2.18 2.26 2.34 2.41 2.47 2.53 2.57 2.60 2.61 2.61 2.59 2.54 2.49 2.42 2.33 2.24 2.14 2.04 1.93 1.83 1.72 1.60 1.49 1.38 1.27 1.17 1.06 0.96 0.86 0.76 0.67 0.58 0.50 0.42 0.35 0.28 0.22 0.16 0.11 0.07 0.02 -0.01 -0.04 -0.07 -0.09 -0.11 -0.13 -0.14 -0.15 -0.15 -0.15 -0.15 -0.14 -0.13 -0.11
-0.12 -0.10 -0.07 -0.03 0.01 0.05 0.09 0.14 0.20 0.26 0.32 0.39 0.48 0.57 0.67 0.77 0.87 0.98 1.09 1.19 1.30 1.41 1.51 1.62 1.72 1.82 1.92 2.02 2.11 2.20 2.29 2.37 2.45 2.52 2.59 2.64 2.67 2.69 2.69 2.67 2.62 2.56 2.48 2.39 2.29 2.19 2.08 1.97 1.86 1.75 1.63 1.52 1.41 1.30 1.19 1.08 0.97 0.87 0.78 0.68 0.60 0.51 0.43 0.36 0.29 0.23 0.17 0.12 0.07 0.03 -0.01 -0.04 -0.07 -0.09 -0.11 -0.13 -0.14 -0.15 -0.15 -0.15 -0.15 -0.14 -0.13 -0.11
-0.12 -0.09 -0.06 -0.03 0.01 0.05 0.10 0.15 0.20 0.26 0.33 0.41 0.49 0.58 0.67 0.77 0.88 0.98 1.09 1.20 1.30 1.41 1.52 1.62 1.72 1.83 1.93 2.03 2.13 2.22 2.32 2.40 2.49 2.57 2.64 2.70 2.75 2.77 2.78 2.75 2.70 2.63 2.54 2.44 2.34 2.23 2.12 2.00 1.89 1.77 1.65 1.54 1.43 1.31 1.20 1.09 0.99 0.89 0.79 0.70 0.61 0.52 0.44 0.37 0.30 0.24 0.18 0.12 0.08 0.03 -0.00 -0.04 -0.07 -0.09 -0.11 -0.13 -0.14 -0.15 -0.15 -0.15 -0.15 -0.14 -0.13 -0.12
-0.12 -0.09 -0.06 -0.03 0.01 0.05 0.10 0.15 0.21 0.27 0.34 0.42 0.50 0.59 0.68 0.78 0.88 0.98 1.09 1.20 1.30 1.41 1.52 1.62 1.73 1.83 1.94 2.04 2.14 2.24 2.33 2.43 2.52 2.61 2.69 2.76 2.82 2.85 2.86 2.83 2.77 2.69 2.59 2.49 2.38 2.26 2.14 2.03 1.91 1.79 1.67 1.56 1.44 1.33 1.22 1.11 1.00 0.90 0.80 0.70 0.61 0.53 0.45 0.37 0.30 0.24 0.18 0.13 0.08 0.04 -0.00 -0.04 -0.06 -0.09 -0.11 -0.13 -0.14 -0.15 -0.15 -0.15 -0.15 -0.14 -0.13 -0.12
-0.11 -0.09 -0.06 -0.02 0.01 0.06 0.11 0.16 0.22 0.28 0.35 0.42 0.51 0.59 0.69 0.78 0.88 0.99 1.09 1.20 1.30 1.41 1.52 1.62 1.73 1.83 1.94 2.04 2.14 2.25 2.35 2.44 2.54 2.63 2.72 2.80 2.88 2.93 2.95 2.92 2.84 2.74 2.64 2.52 2.40 2.28 2.16 2.04 1.92 1.80 1.68 1.57 1.45 1.34 1.23 1.12 1.01 0.90 0.80 0.71 0.62 0.53 0.45 0.37 0.30 0.24 0.18 0.13 0.08 0.04 -0.00 -0.03 -0.06 -0.09 -0.11 -0.13 -0.14 -0.15 -0.15 -0.15 -0.15 -0.14 -0.13 -0.12
-0.11 -0.08 -0.05 -0.02 0.02 0.06 0.11 0.17 0.22 0.29 0.36 0.43 0.51 0.60 0.69 0.78 0.88 0.99 1.09 1.19 1.30 1.41 1.51 1.62 1.72 1.83 1.94 2.04 2.14 2.25 2.35 2.45 2.55 2.64 2.74 2.83 2.92 3.00 3.04 2.99 2.89 2.78 2.66 2.54 2.42 2.30 2.17 2.05 1.93 1.81 1.69 1.57 1.46 1.34 1.23 1.12 1.01 0.91 0.80 0.71 0.62 0.53 0.45 0.37 0.30 0.24 0.18 0.13 0.08 0.04 -0.00 -0.03 -0.06 -0.09 -0.11 -0.13 -0.14 -0.15 -0.15 -0.15 -0.15 -0.15 -0.13 -0.12
-0.10 -0.08 -0.05 -0.01 0.03 0.07 0.12 0.17 0.23 0.29 0.36 0.44 0.52 0.60 0.69 0.79 0.88 0.98 1.09 1.19 1.29 1.40 1.51 1.61 1.72 1.82 1.93 2.03 2.13 2.24 2.34 2.44 2.54 2.64 2.74 2.84 2.93 3.03 3.12 3.03 2.91 2.79 2.67 2.54 2.42 2.30 2.17 2.05 1.93 1.81 1.69 1.57 1.46 1.34 1.23 1.12 1.01 0.90 0.80 0.70 0.61 0.52 0.44 0.37 0.30 0.23 0.18 0.13 0.08 0.04 -0.00 -0.04 -0.06 -0.09 -0.11 -0.13 -0.14 -0.15 -0.15 -0.15 -0.15 -0.15 -0.13 -0.12
-0.09 -0.07 -0.04 -0.01 0.03 0.08 0.13 0.18 0.24 0.30 0.37 0.44 0.52 0.61 0.69 0.79 0.88 0.98 1.08 1.18 1.29 1.39 1.50 1.60 1.70 1.81 1.91 2.02 2.12 2.22 2.32 2.42 2.52 2.62 2.72 2.81 2.90 2.98 3.02 2.97 2.87 2.76 2.64 2.53 2.41 2.28 2.16 2.04 1.92 1.80 1.69 1.57 1.45 1.34 1.22 1.11 1.00 0.90 0.79 0.69 0.60 0.51 0.43 0.36 0.29 0.23 0.17 0.12 0.07 0.03 -0.00 -0.04 -0.07 -0.09 -0.11 -0.13 -0.14 -0.15 -0.15 -0.15 -0.15 -0.14 -0.13 -0.12
-0.09 -0.06 -0.03 0.00 0.04 0.08 0.13 0.19 0.24 0.31 0.38 0.45 0.53 0.61 0.69 0.79 0.88 0.98 1.07 1.18 1.28 1.38 1.48 1.59 1.69 1.79 1.89 1.99 2.10 2.20 2.29 2.39 2.49 2.58 2.67 2.76 2.83 2.89 2.91 2.87 2.80 2.71 2.60 2.49 2.38 2.26 2.14 2.03 1.91 1.79 1.67 1.56 1.44 1.33 1.21 1.10 0.99 0.88 0.78 0.68 0.59 0.50 0.42 0.35 0.28 0.22 0.16 0.11 0.07 0.03 -0.01 -0.04 -0.07 -0.09 -0.11 -0.13 -0.14 -0.15 -0.15 -0.15 -0.15 -0.14 -0.13 -0.12
-0.08 -0.05 -0.02 0.01 0.05 0.09 0.14 0.19 0.25 0.31 0.38 0.45 0.53 0.61 0.69 0.78 0.87 0.97 1.07 1.16 1.26 1.37 1.47 1.57 1.67 1.77 1.87 1.97 2.07 2.16 2.26 2.35 2.44 2.53 2.61 2.68 2.75 2.79 2.80 2.77 2.71 2.64 2.54 2.44 2.33 2.22 2.11 2.00 1.88 1.77 1.65 1.54 1.42 1.31 1.20 1.09 0.98 0.87 0.76 0.67 0.57 0.48 0.40 0.33 0.26 0.21 0.15 0.11 0.06 0.02 -0.01 -0.04 -0.07 -0.09 -0.11 -0.13 -0.14 -0.15 -0.15 -0.15 -0.15 -0.14 -0.13 -0.12
-0.07 -0.05 -0.02 0.02 0.06 0.10 0.15 0.20 0.26 0.32 0.38 0.45 0.53 0.61 0.69 0.78 0.87 0.96 1.06 1.15 1.25 1.35 1.45 1.54 1.64 1.74 1.84 1.93 2.03 2.12 2.21 2.30 2.39 2.47 2.54 2.60 2.65 2.68 2.69 2.67 2.62 2.55 2.47 2.38 2.28 2.18 2.07 1.96 1.85 1.74 1.63 1.51 1.40 1.29 1.18 1.07 0.96 0.85 0.75 0.65 0.55 0.46 0.38 0.31 0.25 0.19 0.14 0.10 0.05 0.02 -0.02 -0.05 -0.07 -0.09 -0.11 -0.13 -0.14 -0.15 -0.15 -0.15 -0.15 -0.14 -0.13 -0.11
-0.07 -0.04 -0.01 0.02 0.06 0.10 0.15 0.20 0.26 0.32 0.39 0.46 0.53 0.61 0.69 0.77 0.86 0.95 1.04 1.14 1.23 1.33 1.42 1.52 1.62 1.71 1.80 1.90 1.99 2.08 2.16 2.25 2.33 2.40 2.46 2.52 2.56 2.58 2.58 2.57 2.53 2.47 2.40 2.32 2.23 2.13 2.03 1.92 1.82 1.71 1.60 1.49 1.38 1.26 1.15 1.04 0.94 0.83 0.73 0.62 0.53 0.44 0.36 0.29 0.23 0.18 0.13 0.09 0.05 0.01 -0.02 -0.05 -0.07 -0.10 -0.11 -0.13 -0.14 -0.15 -0.15 -0.15 -0.15 -0.14 -0.13 -0.11
-0.06 -0.04 -0.01 0.03 0.07 0.11 0.16 0.21 0.26 0.32 0.39 0.46 0.53 0.60 0.68 0.77 0.85 0.94 1.03 1.12 1.21 1.31 1.40 1.49 1.58 1.68 1.77 1.86 1.94 2.03 2.11 2.19 2.26 2.33 2.38 2.43 2.46 2.48 2.48 2.47 2.43 2.38 2.32 2.24 2.16 2.07 1.97 1.87 1.77 1.67 1.56 1.45 1.34 1.24 1.13 1.02 0.91 0.81 0.70 0.60 0.51 0.41 0.33 0.26 0.21 0.16 0.12 0.08 0.04 0.01 -0.02 -0.05 -0.08 -0.10 -0.11 -0.13 -0.14 -0.14 -0.15 -0.15 -0.14 -0.13 -0.12 -0.11
-0.06 -0.03 -0.00 0.03 0.07 0.11 0.16 0.21 0.27 0.32 0.39 0.46 0.53 0.60 0.68 0.76 0.84 0.93 1.01 1.10 1.19 1.28 1.37 1.46 1.55 1.64 1.73 1.81 1.89 1.97 2.05 2.12 2.19 2.25 2.30 2.34 2.37 2.39 2.39 2.37 2.34 2.29 2.24 2.17 2.09 2.01 1.92 1.82 1.72 1.62 1.52 1.42 1.31 1.20 1.10 0.99 0.89 0.79 0.68 0.58 0.49 0.39 0.30 0.25 0.20 0.15 0.11 0.07 0.04 0.00 -0.03 -0.05 -0.08 -0.10 -0.11 -0.13 -0.14 -0.14 -0.14 -0.14 -0.14 -0.13 -0.12 -0.10
-0.05 -0.03 0.00 0.03 0.07 0.11 0.16 0.21 0.26 0.32 0.39 0.45 0.52 0.59 0.67 0.75 0.83 0.91 1.00 1.08 1.17 1.26 1.34 1.43 1.52 1.60 1.68 1.76 1.84 1.92 1.99 2.06 2.12 2.17 2.22 2.25 2.28 2.29 2.29 2.27 2.25 2.20 2.15 2.09 2.02 1.94 1.85 1.76 1.67 1.57 1.48 1.38 1.27 1.17 1.07 0.97 0.86 0.76 0.66 0.57 0.47 0.38 0.30 0.24 0.19 0.15 0.11 0.07 0.03 -0.00 -0.03 -0.05 -0.08 -0.10 -0.11 -0.13 -0.13 -0.14 -0.14 -0.14 -0.13 -0.13 -0.11 -0.10
-0.05 -0.02 0.00 0.03 0.07 0.11 0.16 0.21 0.26 0.32 0.38 0.45 0.51 0.59 0.66 0.74 0.81 0.90 0.98 1.06 1.14 1.23 1.31 1.39 1.48 1.56 1.64 1.71 1.79 1.86 1.93 1.99 2.04 2.09 2.13 2.17 2.19 2.20 2.19 2.18 2.15 2.12 2.07 2.01 1.94 1.87 1.79 1.70 1.62 1.52 1.43 1.33 1.23 1.14 1.04 0.94 0.84 0.74 0.65 0.55 0.46 0.38 0.31 0.24 0.19 0.14 0.10 0.06 0.03 -0.00 -0.03 -0.06 -0.08 -0.10 -0.11 -0.12 -0.13 -0.14 -0.14 -0.14 -0.13 -0.12 -0.11 -0.09
-0.05 -0.02 0.00 0.03 0.07 0.11 0.16 0.21 0.26 0.32 0.38 0.44 0.50 0.57 0.65 0.72 0.80 0.88 0.95 1.03 1.12 1.20 1.28 1.36 1.44 1.51 1.59 1.66 1.73 1.80 1.86 1.92 1.97 2.01 2.05 2.08 2.10 2.10 2.10 2.09 2.06 2.03 1.98 1.93 1.87 1.80 1.72 1.64 1.56 1.47 1.38 1.29 1.19 1.10 1.00 0.91 0.81 0.72 0.63 0.54 0.46 0.38 0.31 0.25 0.19 0.14 0.10 0.06 0.03 -0.00 -0.03 -0.06 -0.08 -0.10 -0.11 -0.12 -0.13 -0.13 -0.13 -0.13 -0.12 -0.11 -0.10 -0.08
-0.04 -0.02 0.00 0.03 0.07 0.11 0.15 0.20 0.25 0.31 0.37 0.43 0.49 0.56 0.63 0.70 0.78 0.85 0.93 1.01 1.08 1.16 1.24 1.32 1.39 1.46 1.54 1.61 1.67 1.73 1.79 1.85 1.89 1.93 1.97 1.99 2.01 2.01 2.01 1.99 1.97 1.94 1.90 1.85 1.79 1.72 1.65 1.58 1.50 1.41 1.33 1.24 1.15 1.06 0.97 0.88 0.79 0.70 0.61 0.53 0.45 0.37 0.31 0.24 0.19 0.14 0.10 0.06 0.03 -0.00 -0.03 -0.06 -0.08 -0.09 -0.11 -0.12 -0.13 -0.13 -0.13 -0.13 -0.12 -0.11 -0.09 -0.07
-0.04 -0.02 0.00 0.03 0.07 0.11 0.15 0.20 0.25 0.30 0.36 0.42 0.48 0.55 0.61 0.68 0.75 0.83 0.90 0.98 1.05 1.12 1.20 1.27 1.34 1.41 1.48 1.55 1.61 1.67 1.72 1.77 1.81 1.85 1.88 1.90 1.92 1.92 1.92 1.90 1.88 1.85 1.81 1.76 1.71 1.65 1.58 1.51 1.44 1.36 1.28 1.19 1.11 1.02 0.93 0.84 0.76 0.67 0.59 0.51 0.44 0.37 0.30 0.24 0.19 0.14 0.10 0.06 0.03 -0.00 -0.03 -0.06 -0.08 -0.09 -0.11 -0.12 -0.12 -0.12 -0.12 -0.12 -0.11 -0.10 -0.08 -0.07
-0.04 -0.02 0.01 0.03 0.07 0.10 0.15 0.19 0.24 0.29 0.35 0.40 0.47 0.53 0.59 0.66 0.73 0.80 0.87 0.94 1.02 1.09 1.16 1.23 1.30 1.36 1.43 1.49 1.55 1.60 1.65 1.70 1.74 1.77 1.80 1.82 1.83 1.83 1.83 1.82 1.79 1.76 1.73 1.68 1.63 1.58 1.51 1.45 1.37 1.30 1.22 1.14 1.06 0.98 0.89 0.81 0.73 0.65 0.57 0.50 0.43 0.36 0.30 0.24 0.19 0.14 0.10 0.06 0.02 -0.01 -0.03 -0.05 -0.07 -0.09 -0.10 -0.11 -0.12 -0.12 -0.12 -0.11 -0.10 -0.09 -0.08 -0.06
-0.03 -0.02 0.01 0.03 0.07 0.10 0.14 0.18 0.23 0.28 0.33 0.39 0.45 0.51 0.57 0.64 0.70 0.77 0.84 0.91 0.98 1.05 1.11 1.18 1.24 1.31 1.37 1.43 1.48 1.53 1.58 1.62 1.66 1.69 1.71 1.73 1.74 1.75 1.74 1.73 1.71 1.68 1.65 1.60 1.56 1.50 1.44 1.38 1.31 1.24 1.17 1.09 1.01 0.93 0.86 0.78 0.70 0.62 0.55 0.48 0.41 0.35 0.29 0.23 0.18 0.14 0.09 0.06 0.02 -0.01 -0.03 -0.05 -0.07 -0.09 -0.10 -0.11 -0.11 -0.11 -0.11 -0.11 -0.10 -0.08 -0.07 -0.05
-0.03 -0.01 0.01 0.03 0.06 0.10 0.14 0.18 0.22 0.27 0.32 0.38 0.43 0.49 0.55 0.61 0.68 0.74 0.81 0.87 0.94 1.00 1.07 1.13 1.19 1.25 1.31 1.37 1.42 1.47 1.51 1.55 1.58 1.61 1.63 1.65 1.66 1.66 1.65 1.64 1.62 1.60 1.56 1.52 1.48 1.43 1.37 1.31 1.25 1.18 1.11 1.04 0.97 0.89 0.82 0.74 0.67 0.60 0.53 0.46 0.40 0.34 0.28 0.23 0.18 0.13 0.09 0.06 0.02 -0.01 -0.03 -0.05 -0.07 -0.08 -0.10 -0.10 -0.11 -0.11 -0.10 -0.10 -0.09 -0.07 -0.06 -0.04
-0.03 -0.01 0.01 0.03 0.06 0.09 0.13 0.17 0.21 0.26 0.31 0.36 0.41 0.47 0.53 0.59 0.65 0.71 0.77 0.84 0.90 0.96 1.02 1.08 1.14 1.20 1.25 1.30 1.35 1.40 1.44 1.47 1.50 1.53 1.55 1.57 1.57 1.57 1.57 1.56 1.54 1.51 1.48 1.45 1.40 1.36 1.30 1.25 1.19 1.12 1.06 0.99 0.92 0.85 0.78 0.71 0.64 0.57 0.50 0.44 0.38 0.32 0.27 0.22 0.17 0.13 0.09 0.05 0.02 -0.01 -0.03 -0.05 -0.07 -0.08 -0.09 -0.10 -0.10 -0.10 -0.10 -0.09 -0.08 -0.06 -0.05 -0.03
-0.02 -0.01 0.01 0.03 0.06 0.09 0.12 0.16 0.20 0.25 0.29 0.34 0.40 0.45 0.50 0.56 0.62 0.68 0.74 0.80 0.86 0.92 0.98 1.03 1.09 1.14 1.19 1.24 1.29 1.33 1.37 1.40 1.43 1.45 1.47 1.48 1.49 1.49 1.49 1.47 1.46 1.43 1.40 1.37 1.33 1.28 1.23 1.18 1.12 1.06 1.00 0.94 0.87 0.80 0.74 0.67 0.61 0.54 0.48 0.42 0.36 0.31 0.25 0.21 0.16 0.12 0.08 0.05 0.02 -0.01 -0.03 -0.05 -0.07 -0.08 -0.09 -0.09 -0.09 -0.09 -0.09 -0.08 -0.07 -0.05 -0.03 -0.02
