speedsAfterKrig/residues/output_residuos_63_2010.asc
NCOLS          173       
NROWS          329       
XLLCENTER      510425.00 
YLLCENTER      8547775.00
DX             50.00     
DY             50.00     
NODATA_VALUE   -999.00   
[rows 266 to 303 of 329, columns 84 to 167 of 173]
0.29 0.37 0.46 0.55 0.64 0.75 0.85 0.97 1.08 1.21 1.33 1.46 1.59 1.72 1.85 1.98 2.11 2.24 2.37 2.49 2.61 2.72 2.82 2.91 3.00 3.07 3.14 3.20 3.25 3.28 3.31 3.32 3.33 3.32 3.31 3.28 3.24 3.20 3.14 3.08 3.00 2.92 2.84 2.74 2.64 2.53 2.42 2.30 2.18 2.05 1.93 1.80 1.67 1.54 1.41 1.28 1.15 1.03 0.90 0.78 0.67 0.56 0.46 0.36 0.27 0.19 0.12 0.05 -0.00 -0.05 -0.09 -0.12 -0.15 -0.17 -0.18 -0.18 -0.19 -0.18 -0.18 -0.16 -0.15 -0.13 -0.10 -0.07
0.27 0.35 0.43 0.53 0.62 0.72 0.83 0.94 1.06 1.18 1.31 1.43 1.56 1.70 1.83 1.96 2.10 2.23 2.35 2.48 2.60 2.71 2.81 2.91 3.00 3.08 3.15 3.21 3.26 3.30 3.33 3.35 3.36 3.36 3.34 3.32 3.29 3.24 3.19 3.13 3.06 2.98 2.89 2.79 2.69 2.58 2.47 2.35 2.23 2.10 1.97 1.84 1.71 1.58 1.45 1.31 1.18 1.05 0.93 0.81 0.69 0.58 0.47 0.37 0.28 0.20 0.13 0.06 0.00 -0.04 -0.09 -0.12 -0.15 -0.16 -0.18 -0.18 -0.19 -0.19 -0.18 -0.17 -0.16 -0.14 -0.11 -0.08
0.25 0.33 0.41 0.50 0.60 0.70 0.81 0.92 1.04 1.16 1.28 1.41 1.54 1.67 1.81 1.94 2.08 2.21 2.34 2.47 2.59 2.70 2.81 2.91 3.00 3.08 3.16 3.22 3.28 3.32 3.36 3.38 3.39 3.39 3.39 3.37 3.33 3.29 3.24 3.18 3.11 3.03 2.94 2.85 2.75 2.64 2.52 2.40 2.28 2.15 2.02 1.89 1.75 1.62 1.48 1.35 1.21 1.08 0.95 0.83 0.71 0.59 0.48 0.38 0.29 0.21 0.13 0.07 0.01 -0.04 -0.08 -0.11 -0.14 -0.16 -0.17 -0.18 -0.19 -0.19 -0.19 -0.18 -0.17 -0.15 -0.13 -0.10
0.23 0.31 0.39 0.48 0.58 0.68 0.78 0.89 1.01 1.13 1.25 1.38 1.52 1.65 1.79 1.92 2.06 2.19 2.33 2.45 2.58 2.70 2.81 2.91 3.01 3.09 3.17 3.24 3.30 3.35 3.39 3.41 3.43 3.44 3.43 3.41 3.38 3.35 3.30 3.24 3.17 3.09 3.00 2.91 2.80 2.69 2.58 2.46 2.33 2.20 2.07 1.93 1.80 1.66 1.52 1.38 1.25 1.11 0.98 0.85 0.72 0.61 0.49 0.39 0.30 0.21 0.14 0.08 0.02 -0.03 -0.07 -0.11 -0.13 -0.16 -0.17 -0.18 -0.19 -0.19 -0.19 -0.18 -0.17 -0.16 -0.14 -0.11
0.21 0.29 0.37 0.46 0.55 0.65 0.76 0.87 0.98 1.10 1.23 1.36 1.49 1.63 1.76 1.90 2.04 2.18 2.31 2.44 2.57 2.69 2.81 2.91 3.01 3.10 3.19 3.26 3.32 3.38 3.42 3.45 3.47 3.48 3.48 3.46 3.44 3.40 3.35 3.30 3.23 3.15 3.06 2.97 2.86 2.75 2.63 2.51 2.38 2.25 2.12 1.98 1.84 1.70 1.56 1.42 1.28 1.14 1.00 0.87 0.74 0.62 0.50 0.40 0.30 0.22 0.15 0.08 0.03 -0.02 -0.07 -0.10 -0.13 -0.15 -0.17 -0.18 -0.19 -0.19 -0.19 -0.19 -0.18 -0.16 -0.15 -0.12
0.19 0.27 0.35 0.44 0.53 0.63 0.73 0.84 0.96 1.07 1.20 1.33 1.46 1.60 1.74 1.88 2.02 2.16 2.30 2.44 2.57 2.69 2.81 2.92 3.02 3.12 3.20 3.28 3.35 3.41 3.45 3.49 3.51 3.53 3.53 3.52 3.50 3.46 3.42 3.36 3.29 3.21 3.13 3.03 2.93 2.81 2.69 2.57 2.44 2.30 2.17 2.03 1.88 1.74 1.60 1.45 1.31 1.17 1.03 0.90 0.76 0.63 0.51 0.40 0.31 0.23 0.16 0.09 0.04 -0.01 -0.06 -0.09 -0.12 -0.14 -0.16 -0.18 -0.19 -0.19 -0.20 -0.19 -0.18 -0.17 -0.15 -0.13
0.17 0.25 0.33 0.41 0.51 0.60 0.71 0.81 0.93 1.05 1.17 1.30 1.43 1.57 1.72 1.86 2.00 2.15 2.29 2.43 2.56 2.69 2.81 2.93 3.03 3.13 3.22 3.31 3.38 3.44 3.49 3.53 3.56 3.58 3.58 3.58 3.56 3.52 3.48 3.43 3.36 3.28 3.19 3.10 2.99 2.88 2.75 2.63 2.49 2.36 2.22 2.07 1.93 1.78 1.64 1.49 1.35 1.20 1.06 0.92 0.78 0.65 0.52 0.41 0.32 0.24 0.17 0.11 0.05 -0.00 -0.04 -0.08 -0.11 -0.13 -0.16 -0.17 -0.19 -0.19 -0.20 -0.19 -0.19 -0.18 -0.16 -0.14
0.15 0.23 0.31 0.39 0.48 0.58 0.68 0.79 0.90 1.02 1.14 1.27 1.41 1.55 1.69 1.84 1.99 2.13 2.28 2.42 2.56 2.69 2.81 2.93 3.05 3.15 3.25 3.33 3.41 3.48 3.53 3.58 3.61 3.63 3.64 3.64 3.62 3.59 3.55 3.50 3.43 3.35 3.26 3.16 3.06 2.94 2.82 2.69 2.55 2.41 2.27 2.12 1.98 1.83 1.68 1.53 1.38 1.23 1.09 0.95 0.81 0.67 0.54 0.41 0.33 0.25 0.18 0.12 0.06 0.01 -0.03 -0.07 -0.10 -0.13 -0.15 -0.17 -0.18 -0.19 -0.20 -0.20 -0.19 -0.18 -0.17 -0.15
0.13 0.21 0.29 0.37 0.46 0.55 0.65 0.76 0.87 0.98 1.11 1.24 1.38 1.52 1.67 1.82 1.97 2.12 2.27 2.41 2.55 2.69 2.82 2.94 3.06 3.17 3.27 3.36 3.45 3.52 3.58 3.63 3.67 3.69 3.71 3.70 3.69 3.66 3.62 3.57 3.50 3.42 3.33 3.23 3.12 3.01 2.88 2.75 2.61 2.47 2.32 2.17 2.02 1.87 1.72 1.57 1.42 1.27 1.12 0.98 0.84 0.70 0.57 0.45 0.36 0.28 0.21 0.14 0.08 0.03 -0.01 -0.05 -0.09 -0.12 -0.14 -0.16 -0.18 -0.19 -0.19 -0.20 -0.19 -0.18 -0.17 -0.15
0.12 0.19 0.27 0.35 0.44 0.53 0.63 0.73 0.84 0.95 1.07 1.20 1.34 1.49 1.64 1.80 1.95 2.11 2.26 2.41 2.55 2.69 2.83 2.96 3.08 3.19 3.30 3.39 3.48 3.56 3.63 3.68 3.72 3.75 3.77 3.78 3.76 3.74 3.70 3.65 3.58 3.50 3.41 3.31 3.19 3.07 2.95 2.81 2.67 2.52 2.37 2.22 2.07 1.92 1.76 1.61 1.45 1.30 1.16 1.01 0.87 0.74 0.61 0.49 0.39 0.31 0.23 0.16 0.10 0.05 0.00 -0.04 -0.07 -0.11 -0.13 -0.15 -0.17 -0.18 -0.19 -0.19 -0.19 -0.19 -0.17 -0.16
0.10 0.17 0.25 0.33 0.42 0.51 0.60 0.70 0.81 0.92 1.04 1.17 1.31 1.46 1.62 1.78 1.94 2.10 2.25 2.40 2.55 2.70 2.84 2.97 3.09 3.21 3.32 3.43 3.52 3.60 3.68 3.74 3.79 3.82 3.84 3.85 3.84 3.82 3.78 3.73 3.66 3.58 3.49 3.38 3.27 3.14 3.01 2.87 2.73 2.58 2.43 2.27 2.12 1.96 1.80 1.65 1.49 1.34 1.19 1.05 0.90 0.77 0.65 0.53 0.43 0.34 0.26 0.19 0.12 0.07 0.02 -0.02 -0.06 -0.09 -0.12 -0.15 -0.17 -0.18 -0.19 -0.19 -0.19 -0.19 -0.18 -0.16
0.08 0.16 0.23 0.31 0.40 0.49 0.58 0.68 0.78 0.89 1.01 1.13 1.28 1.43 1.60 1.76 1.92 2.09 2.25 2.40 2.55 2.70 2.84 2.98 3.11 3.24 3.35 3.46 3.56 3.65 3.73 3.79 3.85 3.89 3.92 3.93 3.92 3.90 3.87 3.81 3.75 3.66 3.57 3.46 3.34 3.21 3.08 2.93 2.79 2.63 2.48 2.32 2.16 2.00 1.84 1.68 1.53 1.37 1.22 1.08 0.94 0.81 0.68 0.57 0.46 0.37 0.29 0.21 0.15 0.09 0.04 -0.01 -0.05 -0.08 -0.11 -0.14 -0.16 -0.18 -0.19 -0.19 -0.19 -0.19 -0.18 -0.16
0.07 0.14 0.22 0.30 0.38 0.47 0.56 0.66 0.76 0.86 0.97 1.09 1.24 1.41 1.58 1.75 1.91 2.08 2.24 2.40 2.56 2.71 2.85 3.00 3.13 3.26 3.38 3.50 3.60 3.70 3.78 3.85 3.92 3.96 3.99 4.01 4.01 3.99 3.95 3.90 3.83 3.75 3.65 3.54 3.41 3.28 3.14 3.00 2.84 2.69 2.53 2.37 2.21 2.04 1.88 1.72 1.56 1.41 1.26 1.11 0.97 0.84 0.71 0.60 0.49 0.40 0.31 0.24 0.17 0.11 0.06 0.01 -0.03 -0.07 -0.10 -0.13 -0.15 -0.17 -0.18 -0.19 -0.19 -0.19 -0.18 -0.17
0.06 0.13 0.20 0.28 0.37 0.46 0.55 0.64 0.74 0.85 0.95 1.06 1.22 1.39 1.57 1.74 1.91 2.07 2.24 2.40 2.56 2.71 2.86 3.01 3.15 3.28 3.41 3.53 3.64 3.74 3.84 3.92 3.98 4.04 4.07 4.09 4.10 4.08 4.05 3.99 3.92 3.83 3.73 3.62 3.49 3.35 3.21 3.06 2.90 2.74 2.58 2.41 2.25 2.08 1.92 1.76 1.60 1.44 1.29 1.14 1.00 0.87 0.74 0.63 0.52 0.43 0.34 0.26 0.19 0.13 0.08 0.02 -0.02 -0.06 -0.09 -0.12 -0.15 -0.16 -0.18 -0.19 -0.19 -0.19 -0.18 -0.17
0.05 0.12 0.19 0.27 0.36 0.44 0.54 0.63 0.74 0.84 0.95 1.08 1.23 1.39 1.56 1.73 1.90 2.07 2.24 2.40 2.56 2.72 2.87 3.02 3.17 3.31 3.44 3.56 3.68 3.79 3.89 3.98 4.05 4.11 4.16 4.18 4.19 4.18 4.14 4.09 4.01 3.92 3.82 3.69 3.56 3.42 3.27 3.11 2.95 2.79 2.62 2.45 2.29 2.12 1.95 1.79 1.63 1.47 1.32 1.17 1.03 0.90 0.77 0.65 0.55 0.45 0.36 0.29 0.21 0.15 0.09 0.04 -0.01 -0.05 -0.08 -0.11 -0.14 -0.16 -0.17 -0.18 -0.19 -0.19 -0.18 -0.17
0.04 0.11 0.18 0.26 0.35 0.44 0.53 0.63 0.73 0.84 0.96 1.09 1.24 1.40 1.56 1.73 1.90 2.07 2.24 2.40 2.56 2.72 2.88 3.03 3.18 3.33 3.46 3.60 3.72 3.84 3.94 4.04 4.12 4.19 4.24 4.27 4.28 4.27 4.24 4.19 4.11 4.01 3.90 3.77 3.63 3.49 3.33 3.17 3.00 2.83 2.66 2.49 2.32 2.15 1.98 1.81 1.65 1.49 1.34 1.19 1.05 0.92 0.79 0.68 0.57 0.47 0.39 0.31 0.23 0.17 0.11 0.05 0.00 -0.04 -0.07 -0.11 -0.13 -0.15 -0.17 -0.18 -0.18 -0.18 -0.18 -0.17
0.03 0.10 0.18 0.26 0.34 0.43 0.53 0.63 0.73 0.85 0.97 1.10 1.25 1.41 1.57 1.73 1.90 2.07 2.24 2.40 2.57 2.73 2.89 3.04 3.20 3.34 3.49 3.62 3.76 3.88 3.99 4.10 4.19 4.27 4.33 4.37 4.38 4.38 4.34 4.29 4.20 4.10 3.98 3.85 3.70 3.55 3.39 3.22 3.05 2.88 2.70 2.53 2.35 2.18 2.01 1.84 1.68 1.52 1.36 1.21 1.07 0.94 0.81 0.70 0.59 0.49 0.40 0.32 0.25 0.18 0.12 0.06 0.02 -0.03 -0.07 -0.10 -0.12 -0.15 -0.16 -0.17 -0.18 -0.18 -0.18 -0.17
0.03 0.09 0.17 0.25 0.34 0.43 0.52 0.63 0.74 0.85 0.98 1.11 1.26 1.41 1.57 1.74 1.90 2.07 2.24 2.40 2.57 2.73 2.89 3.05 3.21 3.36 3.51 3.65 3.79 3.92 4.04 4.15 4.25 4.34 4.41 4.46 4.49 4.48 4.45 4.39 4.30 4.19 4.06 3.92 3.77 3.61 3.44 3.27 3.09 2.91 2.73 2.56 2.38 2.20 2.03 1.86 1.69 1.53 1.38 1.23 1.09 0.95 0.83 0.71 0.61 0.51 0.42 0.34 0.26 0.19 0.13 0.08 0.03 -0.02 -0.06 -0.09 -0.12 -0.14 -0.16 -0.17 -0.18 -0.18 -0.18 -0.17
0.02 0.09 0.16 0.24 0.33 0.42 0.52 0.63 0.74 0.86 0.99 1.12 1.27 1.42 1.58 1.74 1.90 2.07 2.23 2.40 2.57 2.73 2.89 3.05 3.21 3.37 3.52 3.67 3.81 3.95 4.08 4.20 4.31 4.41 4.50 4.56 4.59 4.59 4.56 4.49 4.40 4.28 4.14 3.99 3.83 3.66 3.48 3.30 3.12 2.94 2.76 2.58 2.40 2.22 2.05 1.88 1.71 1.55 1.39 1.24 1.10 0.97 0.84 0.73 0.62 0.52 0.43 0.35 0.27 0.20 0.14 0.08 0.03 -0.01 -0.05 -0.08 -0.11 -0.14 -0.15 -0.17 -0.17 -0.18 -0.17 -0.17
0.02 0.08 0.16 0.24 0.33 0.42 0.52 0.63 0.74 0.86 0.99 1.13 1.27 1.42 1.58 1.74 1.90 2.06 2.23 2.40 2.56 2.73 2.89 3.05 3.21 3.37 3.53 3.68 3.83 3.97 4.11 4.24 4.37 4.48 4.57 4.65 4.70 4.71 4.67 4.60 4.49 4.36 4.21 4.04 3.87 3.70 3.52 3.34 3.15 2.97 2.78 2.60 2.42 2.24 2.06 1.89 1.72 1.56 1.40 1.25 1.11 0.97 0.85 0.73 0.63 0.53 0.44 0.35 0.28 0.21 0.15 0.09 0.04 -0.00 -0.04 -0.08 -0.11 -0.13 -0.15 -0.16 -0.17 -0.17 -0.17 -0.16
0.01 0.08 0.16 0.24 0.32 0.42 0.52 0.63 0.74 0.86 0.99 1.13 1.27 1.42 1.57 1.73 1.90 2.06 2.22 2.39 2.55 2.72 2.88 3.05 3.21 3.37 3.53 3.68 3.84 3.98 4.13 4.27 4.40 4.53 4.64 4.74 4.80 4.82 4.79 4.70 4.58 4.43 4.26 4.09 3.91 3.73 3.54 3.36 3.17 2.98 2.80 2.61 2.43 2.25 2.07 1.89 1.72 1.56 1.40 1.25 1.11 0.98 0.85 0.73 0.63 0.53 0.44 0.36 0.28 0.21 0.15 0.10 0.05 0.00 -0.04 -0.07 -0.10 -0.12 -0.14 -0.16 -0.17 -0.17 -0.17 -0.16
0.01 0.08 0.15 0.23 0.32 0.42 0.52 0.62 0.74 0.86 0.99 1.13 1.27 1.42 1.57 1.73 1.89 2.05 2.21 2.38 2.54 2.71 2.87 3.04 3.20 3.36 3.52 3.68 3.83 3.99 4.14 4.28 4.43 4.57 4.69 4.81 4.90 4.94 4.90 4.79 4.65 4.48 4.30 4.12 3.93 3.75 3.56 3.37 3.18 2.99 2.80 2.62 2.43 2.25 2.07 1.90 1.73 1.56 1.40 1.25 1.11 0.97 0.85 0.73 0.62 0.53 0.44 0.36 0.28 0.22 0.15 0.10 0.05 0.01 -0.03 -0.07 -0.10 -0.12 -0.14 -0.15 -0.16 -0.17 -0.16 -0.16
0.01 0.07 0.15 0.23 0.32 0.41 0.51 0.62 0.74 0.86 0.99 1.12 1.26 1.41 1.56 1.72 1.88 2.04 2.20 2.36 2.53 2.69 2.86 3.02 3.18 3.34 3.50 3.66 3.82 3.98 4.13 4.28 4.43 4.58 4.72 4.86 4.98 5.07 5.01 4.86 4.69 4.50 4.32 4.13 3.94 3.75 3.56 3.37 3.18 2.99 2.80 2.61 2.43 2.25 2.07 1.89 1.72 1.56 1.40 1.25 1.10 0.96 0.84 0.72 0.62 0.52 0.43 0.35 0.28 0.22 0.16 0.10 0.05 0.01 -0.03 -0.06 -0.09 -0.11 -0.13 -0.15 -0.16 -0.16 -0.16 -0.16
0.01 0.07 0.15 0.23 0.31 0.41 0.51 0.62 0.73 0.85 0.98 1.12 1.26 1.40 1.55 1.71 1.86 2.02 2.18 2.34 2.51 2.67 2.83 2.99 3.16 3.32 3.48 3.64 3.79 3.95 4.10 4.26 4.41 4.56 4.70 4.85 4.99 5.13 5.05 4.86 4.68 4.49 4.30 4.12 3.93 3.74 3.55 3.36 3.17 2.98 2.79 2.61 2.42 2.24 2.06 1.89 1.72 1.55 1.39 1.24 1.09 0.95 0.82 0.71 0.60 0.51 0.43 0.35 0.28 0.21 0.16 0.10 0.06 0.01 -0.03 -0.06 -0.09 -0.11 -0.13 -0.14 -0.15 -0.16 -0.16 -0.15
0.01 0.07 0.14 0.22 0.31 0.40 0.50 0.61 0.73 0.85 0.97 1.11 1.25 1.39 1.54 1.69 1.85 2.00 2.16 2.32 2.48 2.64 2.80 2.96 3.12 3.28 3.44 3.60 3.75 3.91 4.06 4.21 4.36 4.50 4.64 4.78 4.89 4.96 4.92 4.78 4.62 4.44 4.26 4.08 3.89 3.71 3.52 3.33 3.15 2.96 2.77 2.59 2.41 2.23 2.05 1.88 1.71 1.54 1.38 1.22 1.07 0.93 0.80 0.69 0.59 0.50 0.42 0.34 0.28 0.21 0.16 0.10 0.06 0.01 -0.02 -0.06 -0.08 -0.11 -0.13 -0.14 -0.15 -0.15 -0.15 -0.15
0.01 0.07 0.14 0.22 0.30 0.40 0.50 0.60 0.72 0.84 0.97 1.10 1.24 1.38 1.53 1.68 1.83 1.98 2.14 2.29 2.45 2.61 2.77 2.93 3.08 3.24 3.40 3.55 3.70 3.85 4.00 4.14 4.29 4.42 4.55 4.66 4.75 4.78 4.75 4.65 4.52 4.36 4.19 4.02 3.84 3.66 3.48 3.30 3.11 2.93 2.75 2.57 2.39 2.21 2.04 1.87 1.70 1.53 1.36 1.20 1.05 0.90 0.77 0.66 0.57 0.48 0.41 0.34 0.27 0.21 0.15 0.10 0.06 0.02 -0.02 -0.05 -0.08 -0.10 -0.12 -0.14 -0.14 -0.15 -0.15 -0.14
0.01 0.07 0.14 0.21 0.30 0.39 0.49 0.60 0.71 0.83 0.96 1.09 1.22 1.36 1.51 1.65 1.80 1.96 2.11 2.26 2.42 2.57 2.73 2.88 3.04 3.19 3.34 3.49 3.64 3.78 3.93 4.06 4.19 4.32 4.43 4.52 4.58 4.61 4.58 4.50 4.39 4.25 4.10 3.94 3.77 3.60 3.43 3.25 3.07 2.90 2.72 2.54 2.37 2.19 2.02 1.85 1.68 1.51 1.35 1.19 1.03 0.87 0.74 0.64 0.55 0.47 0.40 0.33 0.27 0.21 0.15 0.10 0.06 0.02 -0.02 -0.05 -0.08 -0.10 -0.12 -0.13 -0.14 -0.14 -0.14 -0.14
0.01 0.07 0.14 0.21 0.29 0.39 0.48 0.59 0.70 0.82 0.94 1.07 1.21 1.35 1.49 1.63 1.78 1.93 2.08 2.23 2.38 2.53 2.68 2.83 2.98 3.13 3.28 3.42 3.57 3.70 3.84 3.97 4.09 4.20 4.29 4.37 4.42 4.43 4.41 4.34 4.25 4.13 3.99 3.85 3.69 3.53 3.36 3.19 3.02 2.85 2.68 2.51 2.34 2.17 2.00 1.83 1.66 1.50 1.33 1.17 1.01 0.85 0.70 0.62 0.54 0.46 0.39 0.33 0.27 0.21 0.15 0.10 0.06 0.02 -0.02 -0.05 -0.07 -0.10 -0.11 -0.13 -0.13 -0.14 -0.14 -0.13
0.01 0.07 0.13 0.21 0.29 0.38 0.48 0.58 0.69 0.81 0.93 1.06 1.19 1.32 1.46 1.60 1.75 1.89 2.04 2.19 2.34 2.48 2.63 2.78 2.92 3.07 3.21 3.35 3.48 3.62 3.74 3.86 3.97 4.07 4.15 4.22 4.25 4.26 4.24 4.19 4.10 4.00 3.88 3.74 3.60 3.45 3.29 3.13 2.97 2.80 2.64 2.47 2.30 2.14 1.97 1.80 1.64 1.48 1.32 1.16 1.00 0.85 0.72 0.62 0.54 0.46 0.39 0.33 0.26 0.21 0.15 0.11 0.06 0.02 -0.01 -0.04 -0.07 -0.09 -0.11 -0.12 -0.13 -0.13 -0.13 -0.12
0.01 0.07 0.13 0.20 0.28 0.37 0.47 0.57 0.68 0.80 0.92 1.04 1.17 1.30 1.44 1.58 1.72 1.86 2.00 2.15 2.29 2.43 2.58 2.72 2.86 3.00 3.13 3.27 3.40 3.52 3.64 3.75 3.85 3.94 4.01 4.06 4.09 4.10 4.08 4.03 3.96 3.87 3.76 3.63 3.50 3.36 3.21 3.06 2.91 2.75 2.59 2.43 2.27 2.10 1.94 1.78 1.62 1.46 1.30 1.15 1.00 0.86 0.74 0.63 0.54 0.47 0.39 0.33 0.26 0.21 0.15 0.11 0.06 0.02 -0.01 -0.04 -0.07 -0.09 -0.10 -0.12 -0.12 -0.13 -0.12 -0.12
0.02 0.07 0.13 0.20 0.28 0.37 0.46 0.56 0.67 0.78 0.90 1.02 1.15 1.28 1.41 1.55 1.68 1.82 1.96 2.10 2.24 2.38 2.52 2.65 2.79 2.92 3.05 3.18 3.30 3.42 3.53 3.63 3.72 3.80 3.86 3.91 3.94 3.94 3.92 3.88 3.81 3.73 3.63 3.52 3.40 3.27 3.13 2.99 2.84 2.69 2.53 2.38 2.22 2.06 1.91 1.75 1.59 1.44 1.29 1.14 1.00 0.87 0.75 0.64 0.55 0.47 0.40 0.33 0.27 0.21 0.16 0.11 0.06 0.03 -0.01 -0.04 -0.06 -0.08 -0.10 -0.11 -0.12 -0.12 -0.12 -0.11
0.02 0.07 0.13 0.19 0.27 0.36 0.46 0.56 0.66 0.77 0.89 1.01 1.13 1.26 1.38 1.51 1.65 1.78 1.92 2.05 2.19 2.32 2.46 2.59 2.72 2.85 2.97 3.09 3.20 3.31 3.42 3.51 3.59 3.66 3.72 3.76 3.78 3.78 3.77 3.73 3.67 3.60 3.51 3.41 3.29 3.17 3.04 2.91 2.77 2.62 2.47 2.32 2.17 2.02 1.87 1.72 1.57 1.42 1.27 1.13 1.00 0.87 0.76 0.65 0.56 0.48 0.40 0.33 0.27 0.21 0.16 0.11 0.07 0.03 -0.01 -0.03 -0.06 -0.08 -0.09 -0.11 -0.11 -0.11 -0.11 -0.10
0.02 0.07 0.12 0.19 0.27 0.36 0.45 0.55 0.65 0.76 0.87 0.99 1.11 1.23 1.35 1.48 1.61 1.74 1.87 2.00 2.13 2.26 2.39 2.52 2.64 2.77 2.88 3.00 3.11 3.21 3.30 3.39 3.47 3.53 3.58 3.62 3.63 3.64 3.62 3.58 3.53 3.47 3.39 3.29 3.19 3.07 2.95 2.82 2.69 2.55 2.41 2.27 2.12 1.97 1.83 1.68 1.53 1.39 1.25 1.12 0.99 0.87 0.76 0.66 0.56 0.48 0.40 0.33 0.27 0.21 0.16 0.11 0.07 0.03 -0.00 -0.03 -0.05 -0.07 -0.09 -0.10 -0.10 -0.11 -0.10 -0.09
0.02 0.07 0.13 0.19 0.27 0.35 0.45 0.54 0.64 0.75 0.86 0.97 1.09 1.20 1.33 1.45 1.57 1.70 1.82 1.95 2.08 2.20 2.33 2.45 2.57 2.68 2.80 2.90 3.01 3.10 3.19 3.27 3.34 3.40 3.44 3.47 3.49 3.49 3.48 3.45 3.40 3.34 3.26 3.17 3.08 2.97 2.85 2.73 2.61 2.48 2.34 2.20 2.06 1.92 1.78 1.64 1.50 1.36 1.23 1.10 0.98 0.86 0.76 0.66 0.56 0.48 0.40 0.34 0.27 0.21 0.16 0.11 0.07 0.03 0.00 -0.03 -0.05 -0.07 -0.08 -0.09 -0.10 -0.10 -0.09 -0.08
0.02 0.07 0.13 0.20 0.27 0.35 0.44 0.53 0.63 0.73 0.84 0.95 1.06 1.18 1.30 1.41 1.54 1.66 1.78 1.90 2.02 2.14 2.26 2.38 2.49 2.60 2.71 2.81 2.91 3.00 3.08 3.15 3.22 3.27 3.31 3.34 3.35 3.35 3.34 3.31 3.26 3.21 3.14 3.06 2.96 2.86 2.76 2.64 2.52 2.40 2.27 2.14 2.00 1.87 1.73 1.60 1.47 1.33 1.21 1.08 0.96 0.85 0.75 0.65 0.56 0.48 0.40 0.34 0.27 0.22 0.16 0.12 0.07 0.04 0.01 -0.02 -0.05 -0.06 -0.08 -0.09 -0.09 -0.09 -0.08 -0.07
0.03 0.08 0.13 0.20 0.27 0.35 0.43 0.52 0.62 0.72 0.82 0.93 1.04 1.15 1.26 1.38 1.49 1.61 1.73 1.85 1.96 2.08 2.19 2.30 2.41 2.52 2.62 2.72 2.81 2.89 2.97 3.03 3.09 3.14 3.18 3.20 3.22 3.21 3.20 3.17 3.13 3.08 3.01 2.94 2.85 2.76 2.66 2.55 2.43 2.32 2.19 2.07 1.94 1.81 1.68 1.55 1.43 1.30 1.18 1.06 0.95 0.84 0.74 0.64 0.56 0.48 0.40 0.33 0.27 0.22 0.16 0.12 0.08 0.04 0.01 -0.02 -0.04 -0.06 -0.07 -0.08 -0.08 -0.08 -0.07 -0.06
0.03 0.08 0.13 0.20 0.26 0.34 0.42 0.51 0.60 0.70 0.80 0.90 1.01 1.12 1.23 1.34 1.45 1.56 1.68 1.79 1.90 2.01 2.12 2.23 2.33 2.43 2.53 2.62 2.70 2.78 2.85 2.92 2.97 3.02 3.05 3.07 3.08 3.08 3.06 3.04 3.00 2.95 2.89 2.82 2.74 2.65 2.55 2.45 2.34 2.23 2.12 2.00 1.88 1.75 1.63 1.51 1.38 1.26 1.15 1.03 0.93 0.82 0.73 0.63 0.55 0.47 0.40 0.33 0.27 0.21 0.16 0.12 0.08 0.04 0.01 -0.01 -0.04 -0.05 -0.06 -0.07 -0.07 -0.07 -0.06 -0.05
0.03 0.08 0.13 0.19 0.26 0.33 0.41 0.49 0.58 0.67 0.77 0.87 0.97 1.08 1.19 1.30 1.41 1.51 1.62 1.73 1.84 1.95 2.05 2.15 2.25 2.35 2.44 2.52 2.60 2.68 2.74 2.80 2.85 2.89 2.92 2.94 2.95 2.95 2.93 2.91 2.87 2.82 2.76 2.70 2.62 2.54 2.45 2.35 2.25 2.15 2.04 1.92 1.81 1.69 1.57 1.46 1.34 1.22 1.11 1.00 0.90 0.80 0.71 0.62 0.54 0.46 0.39 0.33 0.27 0.21 0.16 0.12 0.08 0.04 0.01 -0.01 -0.03 -0.05 -0.06 -0.06 -0.06 -0.06 -0.05 -0.04
