speedsAfterKrig/residues/output_residuos_76_2011.asc
NCOLS          173       
NROWS          329       
XLLCENTER      510425.00 
YLLCENTER      8547775.00
DX             50.00     
DY             50.00     
NODATA_VALUE   -999.00   
[rows 68 to 101 of 329, columns 0 to 76 of 173]
-1.03 -1.03 -1.06 -1.12 -1.21 -1.32 -1.44 -1.57 -1.71 -1.86 -2.00 -2.15 -2.29 -2.43 -2.57 -2.69 -2.79 -2.84 -2.86 -2.86 -2.84 -2.82 -2.80 -2.76 -2.72 -2.68 -2.62 -2.57 -2.52 -2.47 -2.42 -2.38 -2.34 -2.30 -2.27 -2.23 -2.21 -2.19 -2.17 -2.15 -2.15 -2.14 -2.14 -2.14 -2.14 -2.14 -2.14 -2.13 -2.12 -2.11 -2.09 -2.07 -2.05 -2.02 -1.99 -1.96 -1.93 -1.89 -1.85 -1.82 -1.78 -1.75 -1.72 -1.69 -1.66 -1.64 -1.63 -1.62 -1.62 -1.62 -1.63 -1.64 -1.66 -1.69 -1.72 -1.75 -1.78
-1.12 -1.13 -1.16 -1.22 -1.29 -1.39 -1.50 -1.63 -1.76 -1.89 -2.03 -2.16 -2.30 -2.43 -2.55 -2.66 -2.74 -2.80 -2.82 -2.83 -2.82 -2.81 -2.78 -2.75 -2.71 -2.67 -2.62 -2.57 -2.52 -2.47 -2.42 -2.38 -2.34 -2.31 -2.27 -2.24 -2.22 -2.19 -2.18 -2.16 -2.15 -2.15 -2.15 -2.14 -2.14 -2.14 -2.14 -2.14 -2.13 -2.12 -2.11 -2.09 -2.07 -2.04 -2.01 -1.98 -1.95 -1.92 -1.89 -1.86 -1.83 -1.80 -1.77 -1.74 -1.72 -1.70 -1.69 -1.68 -1.68 -1.68 -1.69 -1.70 -1.72 -1.74 -1.77 -1.80 -1.83
-1.21 -1.22 -1.25 -1.31 -1.38 -1.47 -1.57 -1.68 -1.80 -1.92 -2.05 -2.18 -2.30 -2.42 -2.53 -2.62 -2.70 -2.75 -2.78 -2.80 -2.80 -2.79 -2.77 -2.74 -2.70 -2.66 -2.61 -2.56 -2.52 -2.47 -2.43 -2.39 -2.35 -2.31 -2.28 -2.25 -2.22 -2.20 -2.18 -2.17 -2.16 -2.16 -2.16 -2.15 -2.15 -2.14 -2.14 -2.14 -2.13 -2.13 -2.11 -2.10 -2.08 -2.06 -2.04 -2.01 -1.98 -1.95 -1.93 -1.90 -1.87 -1.84 -1.82 -1.79 -1.77 -1.76 -1.75 -1.74 -1.74 -1.74 -1.75 -1.76 -1.77 -1.79 -1.82 -1.84 -1.86
-1.29 -1.31 -1.34 -1.39 -1.46 -1.54 -1.63 -1.73 -1.84 -1.96 -2.07 -2.19 -2.30 -2.41 -2.51 -2.59 -2.66 -2.71 -2.74 -2.76 -2.77 -2.76 -2.74 -2.72 -2.69 -2.65 -2.60 -2.56 -2.51 -2.47 -2.43 -2.39 -2.35 -2.32 -2.29 -2.26 -2.23 -2.21 -2.20 -2.18 -2.17 -2.17 -2.16 -2.16 -2.15 -2.15 -2.15 -2.14 -2.14 -2.13 -2.12 -2.11 -2.10 -2.08 -2.06 -2.03 -2.01 -1.98 -1.96 -1.93 -1.91 -1.89 -1.86 -1.84 -1.83 -1.81 -1.80 -1.80 -1.79 -1.80 -1.80 -1.81 -1.82 -1.84 -1.86 -1.87 -1.89
-1.38 -1.39 -1.42 -1.47 -1.53 -1.61 -1.69 -1.78 -1.88 -1.99 -2.09 -2.20 -2.30 -2.40 -2.48 -2.56 -2.62 -2.67 -2.71 -2.73 -2.73 -2.73 -2.72 -2.70 -2.67 -2.63 -2.59 -2.55 -2.51 -2.47 -2.43 -2.39 -2.36 -2.33 -2.30 -2.27 -2.25 -2.23 -2.21 -2.20 -2.19 -2.18 -2.18 -2.17 -2.16 -2.16 -2.15 -2.15 -2.14 -2.14 -2.13 -2.12 -2.11 -2.09 -2.08 -2.06 -2.04 -2.01 -1.99 -1.97 -1.95 -1.93 -1.91 -1.89 -1.88 -1.86 -1.85 -1.85 -1.85 -1.85 -1.85 -1.86 -1.87 -1.88 -1.89 -1.90 -1.92
-1.45 -1.47 -1.50 -1.55 -1.60 -1.67 -1.75 -1.83 -1.92 -2.01 -2.11 -2.20 -2.30 -2.38 -2.46 -2.53 -2.59 -2.64 -2.67 -2.69 -2.70 -2.70 -2.69 -2.67 -2.65 -2.61 -2.58 -2.54 -2.50 -2.47 -2.43 -2.40 -2.37 -2.34 -2.31 -2.28 -2.26 -2.24 -2.22 -2.21 -2.20 -2.20 -2.19 -2.18 -2.17 -2.17 -2.16 -2.15 -2.15 -2.14 -2.14 -2.13 -2.12 -2.11 -2.09 -2.08 -2.06 -2.04 -2.02 -2.00 -1.98 -1.97 -1.95 -1.93 -1.92 -1.91 -1.90 -1.90 -1.90 -1.90 -1.90 -1.90 -1.90 -1.91 -1.91 -1.92 -1.93
-1.53 -1.55 -1.58 -1.62 -1.67 -1.73 -1.80 -1.87 -1.96 -2.04 -2.13 -2.21 -2.29 -2.37 -2.44 -2.50 -2.56 -2.60 -2.64 -2.66 -2.67 -2.67 -2.67 -2.65 -2.62 -2.59 -2.56 -2.53 -2.50 -2.46 -2.43 -2.40 -2.37 -2.34 -2.32 -2.29 -2.27 -2.26 -2.24 -2.23 -2.22 -2.21 -2.20 -2.20 -2.19 -2.18 -2.17 -2.16 -2.15 -2.15 -2.14 -2.14 -2.13 -2.12 -2.11 -2.10 -2.08 -2.07 -2.05 -2.03 -2.02 -2.00 -1.99 -1.97 -1.96 -1.95 -1.95 -1.94 -1.94 -1.94 -1.93 -1.93 -1.93 -1.93 -1.93 -1.94 -1.94
-1.60 -1.62 -1.65 -1.68 -1.73 -1.78 -1.85 -1.92 -1.99 -2.06 -2.14 -2.22 -2.29 -2.36 -2.42 -2.48 -2.53 -2.57 -2.60 -2.63 -2.64 -2.64 -2.64 -2.62 -2.60 -2.57 -2.55 -2.52 -2.49 -2.46 -2.43 -2.41 -2.38 -2.35 -2.33 -2.31 -2.29 -2.27 -2.26 -2.25 -2.24 -2.23 -2.22 -2.21 -2.20 -2.19 -2.18 -2.17 -2.16 -2.15 -2.15 -2.14 -2.14 -2.13 -2.12 -2.11 -2.10 -2.09 -2.07 -2.06 -2.05 -2.03 -2.02 -2.01 -2.00 -1.99 -1.99 -1.98 -1.97 -1.97 -1.96 -1.96 -1.95 -1.95 -1.94 -1.94 -1.94
-1.67 -1.69 -1.71 -1.74 -1.79 -1.84 -1.89 -1.95 -2.02 -2.09 -2.16 -2.22 -2.29 -2.35 -2.41 -2.46 -2.51 -2.54 -2.57 -2.60 -2.61 -2.61 -2.61 -2.60 -2.58 -2.55 -2.53 -2.51 -2.48 -2.46 -2.44 -2.41 -2.39 -2.37 -2.35 -2.33 -2.31 -2.29 -2.28 -2.27 -2.26 -2.25 -2.24 -2.23 -2.21 -2.20 -2.19 -2.18 -2.17 -2.16 -2.15 -2.15 -2.14 -2.14 -2.13 -2.12 -2.11 -2.11 -2.09 -2.08 -2.07 -2.06 -2.05 -2.04 -2.04 -2.03 -2.02 -2.01 -2.00 -1.99 -1.98 -1.97 -1.96 -1.95 -1.95 -1.94 -1.94
-1.73 -1.75 -1.77 -1.80 -1.84 -1.88 -1.93 -1.99 -2.05 -2.11 -2.17 -2.23 -2.29 -2.34 -2.39 -2.44 -2.48 -2.52 -2.55 -2.57 -2.58 -2.58 -2.58 -2.57 -2.55 -2.54 -2.52 -2.50 -2.48 -2.46 -2.44 -2.42 -2.40 -2.38 -2.36 -2.34 -2.33 -2.31 -2.30 -2.29 -2.28 -2.27 -2.25 -2.24 -2.23 -2.21 -2.20 -2.19 -2.18 -2.17 -2.16 -2.15 -2.14 -2.14 -2.14 -2.13 -2.13 -2.12 -2.11 -2.10 -2.10 -2.09 -2.08 -2.07 -2.07 -2.06 -2.05 -2.04 -2.02 -2.01 -2.00 -1.98 -1.97 -1.96 -1.94 -1.93 -1.92
-1.79 -1.80 -1.82 -1.85 -1.89 -1.93 -1.97 -2.02 -2.07 -2.12 -2.18 -2.23 -2.28 -2.33 -2.38 -2.42 -2.46 -2.49 -2.52 -2.54 -2.55 -2.55 -2.55 -2.54 -2.53 -2.52 -2.51 -2.49 -2.48 -2.46 -2.44 -2.43 -2.41 -2.39 -2.38 -2.36 -2.35 -2.34 -2.33 -2.31 -2.30 -2.29 -2.27 -2.26 -2.24 -2.23 -2.21 -2.20 -2.19 -2.18 -2.16 -2.16 -2.15 -2.14 -2.14 -2.14 -2.13 -2.13 -2.12 -2.12 -2.11 -2.11 -2.10 -2.10 -2.09 -2.08 -2.07 -2.05 -2.04 -2.02 -2.00 -1.98 -1.97 -1.95 -1.93 -1.92 -1.90
-1.85 -1.86 -1.88 -1.90 -1.93 -1.96 -2.00 -2.05 -2.09 -2.14 -2.19 -2.23 -2.28 -2.32 -2.36 -2.40 -2.44 -2.47 -2.49 -2.51 -2.52 -2.52 -2.52 -2.52 -2.51 -2.50 -2.49 -2.48 -2.47 -2.46 -2.45 -2.44 -2.43 -2.41 -2.40 -2.39 -2.37 -2.36 -2.35 -2.34 -2.32 -2.31 -2.29 -2.28 -2.26 -2.24 -2.23 -2.21 -2.20 -2.18 -2.17 -2.16 -2.15 -2.15 -2.14 -2.14 -2.14 -2.14 -2.13 -2.13 -2.13 -2.12 -2.12 -2.11 -2.10 -2.09 -2.08 -2.06 -2.04 -2.02 -2.00 -1.98 -1.96 -1.94 -1.91 -1.89 -1.87
-1.90 -1.91 -1.92 -1.94 -1.97 -2.00 -2.03 -2.07 -2.11 -2.15 -2.19 -2.23 -2.27 -2.31 -2.35 -2.38 -2.41 -2.44 -2.46 -2.48 -2.48 -2.49 -2.49 -2.49 -2.48 -2.48 -2.48 -2.47 -2.47 -2.46 -2.46 -2.45 -2.44 -2.43 -2.42 -2.41 -2.40 -2.39 -2.38 -2.36 -2.35 -2.33 -2.31 -2.29 -2.27 -2.26 -2.24 -2.22 -2.21 -2.19 -2.18 -2.17 -2.16 -2.15 -2.14 -2.14 -2.14 -2.14 -2.14 -2.14 -2.13 -2.13 -2.13 -2.12 -2.11 -2.10 -2.08 -2.06 -2.04 -2.02 -1.99 -1.97 -1.94 -1.92 -1.89 -1.86 -1.84
-1.95 -1.95 -1.96 -1.98 -2.00 -2.03 -2.06 -2.09 -2.13 -2.16 -2.19 -2.23 -2.26 -2.30 -2.33 -2.36 -2.39 -2.41 -2.43 -2.44 -2.44 -2.45 -2.45 -2.45 -2.45 -2.45 -2.45 -2.46 -2.46 -2.46 -2.46 -2.46 -2.45 -2.45 -2.44 -2.44 -2.43 -2.42 -2.40 -2.39 -2.37 -2.35 -2.33 -2.31 -2.29 -2.27 -2.25 -2.23 -2.22 -2.20 -2.18 -2.17 -2.16 -2.15 -2.14 -2.14 -2.14 -2.14 -2.14 -2.14 -2.14 -2.14 -2.13 -2.13 -2.12 -2.10 -2.08 -2.06 -2.03 -2.01 -1.98 -1.95 -1.92 -1.89 -1.86 -1.83 -1.80
-1.99 -1.99 -2.00 -2.02 -2.04 -2.06 -2.08 -2.11 -2.14 -2.17 -2.20 -2.23 -2.26 -2.29 -2.31 -2.34 -2.36 -2.37 -2.38 -2.39 -2.39 -2.40 -2.40 -2.41 -2.41 -2.42 -2.43 -2.43 -2.44 -2.45 -2.45 -2.46 -2.46 -2.46 -2.46 -2.46 -2.46 -2.44 -2.43 -2.41 -2.39 -2.37 -2.35 -2.33 -2.30 -2.28 -2.26 -2.24 -2.22 -2.21 -2.19 -2.18 -2.17 -2.16 -2.15 -2.14 -2.14 -2.14 -2.14 -2.14 -2.14 -2.14 -2.13 -2.12 -2.11 -2.09 -2.07 -2.05 -2.02 -1.99 -1.96 -1.93 -1.89 -1.85 -1.82 -1.78 -1.75
-2.03 -2.03 -2.04 -2.05 -2.06 -2.08 -2.10 -2.12 -2.15 -2.17 -2.20 -2.22 -2.24 -2.27 -2.29 -2.30 -2.32 -2.33 -2.33 -2.34 -2.34 -2.35 -2.35 -2.36 -2.37 -2.38 -2.39 -2.40 -2.42 -2.43 -2.44 -2.46 -2.47 -2.48 -2.48 -2.48 -2.48 -2.47 -2.45 -2.43 -2.41 -2.39 -2.36 -2.34 -2.32 -2.29 -2.27 -2.25 -2.23 -2.21 -2.20 -2.18 -2.17 -2.16 -2.15 -2.14 -2.14 -2.14 -2.14 -2.14 -2.14 -2.14 -2.13 -2.12 -2.10 -2.08 -2.06 -2.03 -2.00 -1.97 -1.93 -1.90 -1.86 -1.82 -1.78 -1.74 -1.70
-2.06 -2.06 -2.07 -2.07 -2.09 -2.10 -2.12 -2.13 -2.15 -2.17 -2.19 -2.21 -2.23 -2.24 -2.25 -2.26 -2.27 -2.27 -2.28 -2.28 -2.29 -2.29 -2.30 -2.31 -2.32 -2.34 -2.35 -2.37 -2.39 -2.41 -2.43 -2.45 -2.47 -2.48 -2.49 -2.50 -2.49 -2.49 -2.47 -2.45 -2.43 -2.41 -2.38 -2.35 -2.33 -2.31 -2.28 -2.26 -2.24 -2.22 -2.20 -2.19 -2.17 -2.16 -2.15 -2.14 -2.14 -2.14 -2.14 -2.14 -2.14 -2.13 -2.13 -2.11 -2.10 -2.07 -2.05 -2.02 -1.98 -1.95 -1.91 -1.87 -1.83 -1.78 -1.74 -1.70 -1.66
-2.09 -2.09 -2.09 -2.10 -2.10 -2.12 -2.13 -2.14 -2.16 -2.17 -2.18 -2.19 -2.20 -2.21 -2.21 -2.21 -2.21 -2.22 -2.22 -2.22 -2.23 -2.24 -2.24 -2.26 -2.27 -2.29 -2.31 -2.33 -2.36 -2.38 -2.41 -2.44 -2.47 -2.49 -2.50 -2.51 -2.50 -2.50 -2.48 -2.47 -2.44 -2.42 -2.39 -2.37 -2.34 -2.31 -2.29 -2.27 -2.25 -2.23 -2.21 -2.19 -2.18 -2.16 -2.15 -2.15 -2.14 -2.14 -2.14 -2.14 -2.14 -2.13 -2.12 -2.11 -2.09 -2.06 -2.03 -2.00 -1.97 -1.93 -1.89 -1.84 -1.80 -1.75 -1.70 -1.66 -1.61
-2.11 -2.11 -2.11 -2.12 -2.12 -2.13 -2.13 -2.14 -2.15 -2.16 -2.16 -2.16 -2.16 -2.16 -2.16 -2.16 -2.16 -2.16 -2.16 -2.16 -2.17 -2.17 -2.18 -2.20 -2.21 -2.23 -2.26 -2.29 -2.32 -2.35 -2.39 -2.43 -2.46 -2.49 -2.50 -2.51 -2.51 -2.50 -2.49 -2.47 -2.45 -2.43 -2.40 -2.38 -2.35 -2.32 -2.30 -2.27 -2.25 -2.23 -2.21 -2.19 -2.18 -2.17 -2.15 -2.15 -2.14 -2.14 -2.14 -2.14 -2.14 -2.13 -2.12 -2.10 -2.08 -2.05 -2.02 -1.99 -1.95 -1.91 -1.86 -1.82 -1.77 -1.72 -1.67 -1.62 -1.57
-2.13 -2.13 -2.13 -2.13 -2.13 -2.13 -2.14 -2.14 -2.15 -2.14 -2.14 -2.13 -2.13 -2.12 -2.11 -2.11 -2.10 -2.10 -2.10 -2.10 -2.10 -2.11 -2.12 -2.13 -2.15 -2.18 -2.20 -2.24 -2.27 -2.32 -2.36 -2.41 -2.45 -2.48 -2.50 -2.51 -2.50 -2.49 -2.48 -2.47 -2.45 -2.43 -2.41 -2.38 -2.36 -2.33 -2.30 -2.28 -2.25 -2.23 -2.21 -2.20 -2.18 -2.17 -2.16 -2.15 -2.14 -2.14 -2.14 -2.14 -2.14 -2.13 -2.11 -2.10 -2.07 -2.04 -2.01 -1.97 -1.93 -1.89 -1.84 -1.79 -1.74 -1.69 -1.63 -1.58 -1.52
-2.14 -2.14 -2.14 -2.14 -2.14 -2.14 -2.14 -2.14 -2.13 -2.12 -2.11 -2.10 -2.09 -2.08 -2.06 -2.05 -2.05 -2.04 -2.04 -2.03 -2.04 -2.04 -2.05 -2.07 -2.09 -2.11 -2.14 -2.18 -2.22 -2.27 -2.32 -2.37 -2.43 -2.47 -2.49 -2.49 -2.49 -2.48 -2.47 -2.46 -2.44 -2.43 -2.41 -2.38 -2.36 -2.33 -2.30 -2.28 -2.26 -2.23 -2.21 -2.20 -2.18 -2.17 -2.16 -2.15 -2.14 -2.14 -2.14 -2.14 -2.13 -2.12 -2.11 -2.09 -2.07 -2.04 -2.00 -1.96 -1.92 -1.88 -1.83 -1.77 -1.72 -1.66 -1.61 -1.55 -1.49
-2.14 -2.14 -2.14 -2.14 -2.14 -2.14 -2.13 -2.13 -2.12 -2.10 -2.08 -2.07 -2.05 -2.03 -2.02 -2.00 -1.99 -1.98 -1.97 -1.97 -1.97 -1.97 -1.98 -2.00 -2.02 -2.05 -2.08 -2.12 -2.16 -2.21 -2.27 -2.33 -2.39 -2.45 -2.47 -2.46 -2.46 -2.45 -2.44 -2.44 -2.42 -2.41 -2.40 -2.38 -2.36 -2.33 -2.31 -2.28 -2.26 -2.24 -2.22 -2.20 -2.18 -2.17 -2.16 -2.15 -2.14 -2.14 -2.14 -2.14 -2.13 -2.12 -2.11 -2.09 -2.06 -2.03 -1.99 -1.95 -1.91 -1.86 -1.81 -1.76 -1.70 -1.64 -1.58 -1.52 -1.46
-2.14 -2.14 -2.14 -2.14 -2.14 -2.14 -2.13 -2.12 -2.10 -2.08 -2.06 -2.04 -2.01 -1.99 -1.97 -1.95 -1.94 -1.92 -1.91 -1.90 -1.90 -1.90 -1.91 -1.93 -1.95 -1.97 -2.01 -2.05 -2.09 -2.15 -2.20 -2.26 -2.32 -2.37 -2.40 -2.41 -2.41 -2.41 -2.41 -2.41 -2.40 -2.39 -2.38 -2.37 -2.35 -2.33 -2.30 -2.28 -2.26 -2.23 -2.21 -2.20 -2.18 -2.17 -2.16 -2.15 -2.14 -2.14 -2.14 -2.14 -2.13 -2.12 -2.11 -2.08 -2.06 -2.02 -1.99 -1.95 -1.90 -1.85 -1.80 -1.75 -1.69 -1.63 -1.57 -1.50 -1.43
-2.14 -2.14 -2.14 -2.14 -2.14 -2.13 -2.12 -2.11 -2.09 -2.06 -2.04 -2.01 -1.98 -1.95 -1.93 -1.90 -1.88 -1.86 -1.85 -1.84 -1.83 -1.83 -1.84 -1.85 -1.87 -1.89 -1.93 -1.97 -2.01 -2.07 -2.12 -2.18 -2.23 -2.28 -2.32 -2.34 -2.35 -2.36 -2.37 -2.37 -2.37 -2.37 -2.36 -2.35 -2.34 -2.32 -2.30 -2.28 -2.25 -2.23 -2.21 -2.20 -2.18 -2.17 -2.16 -2.15 -2.14 -2.14 -2.14 -2.14 -2.13 -2.12 -2.10 -2.08 -2.05 -2.02 -1.98 -1.94 -1.90 -1.85 -1.80 -1.74 -1.68 -1.62 -1.55 -1.49 -1.42
-2.14 -2.14 -2.14 -2.14 -2.14 -2.13 -2.11 -2.09 -2.07 -2.04 -2.01 -1.98 -1.95 -1.92 -1.89 -1.86 -1.83 -1.81 -1.79 -1.77 -1.76 -1.75 -1.76 -1.77 -1.78 -1.81 -1.84 -1.88 -1.93 -1.98 -2.03 -2.09 -2.14 -2.19 -2.23 -2.26 -2.29 -2.30 -2.32 -2.33 -2.33 -2.34 -2.34 -2.33 -2.32 -2.31 -2.29 -2.27 -2.25 -2.23 -2.21 -2.19 -2.18 -2.17 -2.15 -2.15 -2.14 -2.14 -2.14 -2.14 -2.13 -2.12 -2.10 -2.08 -2.05 -2.02 -1.98 -1.94 -1.90 -1.85 -1.79 -1.74 -1.68 -1.62 -1.55 -1.48 -1.41
-2.14 -2.14 -2.14 -2.14 -2.13 -2.12 -2.10 -2.08 -2.05 -2.02 -1.99 -1.95 -1.91 -1.88 -1.84 -1.81 -1.77 -1.75 -1.72 -1.70 -1.68 -1.67 -1.67 -1.68 -1.69 -1.71 -1.74 -1.78 -1.83 -1.88 -1.94 -2.00 -2.05 -2.10 -2.15 -2.19 -2.22 -2.24 -2.26 -2.28 -2.29 -2.30 -2.31 -2.31 -2.31 -2.30 -2.28 -2.27 -2.24 -2.22 -2.21 -2.19 -2.18 -2.16 -2.15 -2.15 -2.14 -2.14 -2.14 -2.14 -2.13 -2.12 -2.10 -2.08 -2.05 -2.02 -1.98 -1.94 -1.90 -1.85 -1.80 -1.74 -1.68 -1.62 -1.55 -1.49 -1.42
-2.14 -2.14 -2.14 -2.14 -2.13 -2.11 -2.09 -2.07 -2.04 -2.00 -1.96 -1.92 -1.88 -1.84 -1.80 -1.76 -1.72 -1.68 -1.65 -1.63 -1.60 -1.59 -1.58 -1.58 -1.59 -1.61 -1.64 -1.68 -1.73 -1.78 -1.84 -1.90 -1.96 -2.01 -2.06 -2.11 -2.15 -2.18 -2.21 -2.23 -2.25 -2.27 -2.28 -2.28 -2.28 -2.28 -2.27 -2.26 -2.24 -2.22 -2.20 -2.19 -2.17 -2.16 -2.15 -2.14 -2.14 -2.14 -2.14 -2.14 -2.13 -2.12 -2.11 -2.08 -2.06 -2.02 -1.99 -1.95 -1.90 -1.85 -1.80 -1.75 -1.69 -1.63 -1.57 -1.50 -1.43
-2.14 -2.14 -2.14 -2.13 -2.12 -2.11 -2.08 -2.05 -2.02 -1.98 -1.94 -1.89 -1.84 -1.80 -1.75 -1.71 -1.66 -1.62 -1.58 -1.55 -1.52 -1.50 -1.49 -1.48 -1.49 -1.51 -1.54 -1.58 -1.63 -1.68 -1.74 -1.80 -1.86 -1.92 -1.98 -2.03 -2.07 -2.12 -2.15 -2.18 -2.21 -2.23 -2.24 -2.25 -2.26 -2.26 -2.26 -2.25 -2.23 -2.21 -2.20 -2.18 -2.17 -2.16 -2.15 -2.14 -2.14 -2.14 -2.14 -2.14 -2.13 -2.12 -2.11 -2.09 -2.06 -2.03 -1.99 -1.95 -1.91 -1.86 -1.81 -1.76 -1.70 -1.64 -1.58 -1.53 -1.47
-2.14 -2.14 -2.14 -2.13 -2.12 -2.10 -2.07 -2.04 -2.00 -1.96 -1.91 -1.86 -1.81 -1.76 -1.71 -1.66 -1.61 -1.56 -1.52 -1.48 -1.44 -1.41 -1.39 -1.38 -1.39 -1.40 -1.43 -1.47 -1.52 -1.58 -1.64 -1.70 -1.77 -1.84 -1.90 -1.95 -2.01 -2.05 -2.09 -2.13 -2.16 -2.19 -2.21 -2.22 -2.24 -2.24 -2.24 -2.23 -2.22 -2.21 -2.19 -2.18 -2.16 -2.15 -2.15 -2.14 -2.14 -2.14 -2.14 -2.14 -2.13 -2.12 -2.11 -2.09 -2.07 -2.04 -2.00 -1.96 -1.92 -1.88 -1.83 -1.77 -1.72 -1.67 -1.62 -1.57 -1.52
-2.14 -2.14 -2.14 -2.13 -2.11 -2.09 -2.06 -2.03 -1.99 -1.94 -1.89 -1.84 -1.78 -1.72 -1.67 -1.61 -1.56 -1.50 -1.45 -1.40 -1.36 -1.32 -1.30 -1.28 -1.28 -1.29 -1.32 -1.36 -1.41 -1.47 -1.54 -1.61 -1.68 -1.75 -1.82 -1.88 -1.94 -1.99 -2.04 -2.08 -2.12 -2.15 -2.17 -2.20 -2.21 -2.22 -2.22 -2.22 -2.21 -2.20 -2.18 -2.17 -2.16 -2.15 -2.14 -2.14 -2.14 -2.14 -2.14 -2.14 -2.14 -2.13 -2.11 -2.10 -2.07 -2.04 -2.01 -1.97 -1.93 -1.89 -1.85 -1.80 -1.76 -1.72 -1.68 -1.64 -1.60
-2.14 -2.14 -2.13 -2.12 -2.11 -2.08 -2.05 -2.01 -1.97 -1.92 -1.87 -1.81 -1.75 -1.69 -1.63 -1.57 -1.51 -1.45 -1.39 -1.33 -1.28 -1.24 -1.20 -1.18 -1.17 -1.17 -1.20 -1.25 -1.30 -1.37 -1.44 -1.52 -1.60 -1.67 -1.74 -1.81 -1.88 -1.93 -1.99 -2.03 -2.08 -2.11 -2.14 -2.17 -2.19 -2.20 -2.21 -2.21 -2.20 -2.19 -2.18 -2.17 -2.16 -2.15 -2.14 -2.14 -2.14 -2.14 -2.14 -2.14 -2.14 -2.13 -2.12 -2.10 -2.08 -2.05 -2.02 -1.99 -1.95 -1.91 -1.88 -1.85 -1.81 -1.78 -1.75 -1.72 -1.69
-2.14 -2.14 -2.13 -2.12 -2.10 -2.08 -2.04 -2.00 -1.96 -1.91 -1.85 -1.79 -1.73 -1.66 -1.60 -1.53 -1.46 -1.40 -1.33 -1.27 -1.21 -1.15 -1.11 -1.07 -1.05 -1.06 -1.09 -1.13 -1.20 -1.27 -1.36 -1.44 -1.52 -1.60 -1.68 -1.75 -1.82 -1.88 -1.94 -1.99 -2.04 -2.08 -2.11 -2.14 -2.16 -2.18 -2.19 -2.19 -2.19 -2.18 -2.17 -2.16 -2.15 -2.15 -2.14 -2.14 -2.14 -2.14 -2.14 -2.14 -2.14 -2.13 -2.12 -2.11 -2.09 -2.06 -2.03 -2.00 -1.97 -1.95 -1.93 -1.90 -1.88 -1.86 -1.84 -1.82 -1.80
-2.14 -2.14 -2.13 -2.12 -2.10 -2.07 -2.04 -2.00 -1.95 -1.90 -1.84 -1.78 -1.71 -1.64 -1.57 -1.50 -1.43 -1.36 -1.28 -1.21 -1.14 -1.08 -1.02 -0.97 -0.94 -0.94 -0.97 -1.03 -1.10 -1.19 -1.27 -1.36 -1.45 -1.54 -1.62 -1.70 -1.77 -1.83 -1.90 -1.95 -2.00 -2.04 -2.08 -2.11 -2.14 -2.16 -2.17 -2.18 -2.18 -2.17 -2.16 -2.16 -2.15 -2.14 -2.14 -2.14 -2.14 -2.14 -2.14 -2.14 -2.14 -2.14 -2.13 -2.11 -2.10 -2.07 -2.05 -2.03 -2.01 -2.00 -1.98 -1.97 -1.96 -1.95 -1.94 -1.93 -1.92
-2.14 -2.14 -2.13 -2.12 -2.09 -2.07 -2.03 -1.99 -1.94 -1.89 -1.83 -1.77 -1.70 -1.63 -1.55 -1.48 -1.40 -1.32 -1.25 -1.17 -1.09 -1.01 -0.94 -0.88 -0.83 -0.82 -0.86 -0.93 -1.02 -1.11 -1.21 -1.30 -1.39 -1.48 -1.57 -1.65 -1.72 -1.79 -1.86 -1.92 -1.97 -2.02 -2.06 -2.09 -2.12 -2.14 -2.16 -2.17 -2.17 -2.17 -2.16 -2.15 -2.14 -2.14 -2.14 -2.14 -2.14 -2.15 -2.15 -2.15 -2.15 -2.15 -2.14 -2.13 -2.11 -2.09 -2.08 -2.07 -2.06 -2.05 -2.05 -2.05 -2.05 -2.05 -2.05 -2.05 -2.05
