speedsAfterKrig/residues/output_residuos_60_2009.asc
NCOLS          173       
NROWS          329       
XLLCENTER      510425.00 
YLLCENTER      8547775.00
DX             50.00     
DY             50.00     
NODATA_VALUE   -999.00   
[rows 228 to 265 of 329, columns 84 to 167 of 173]
0.27 0.28 0.28 0.29 0.30 0.30 0.31 0.31 0.32 0.32 0.34 0.35 0.37 0.39 0.41 0.43 0.45 0.48 0.50 0.51 0.53 0.54 0.55 0.56 0.56 0.56 0.55 0.55 0.54 0.53 0.51 0.50 0.48 0.46 0.44 0.42 0.41 0.39 0.38 0.36 0.35 0.34 0.33 0.32 0.31 0.31 0.30 0.29 0.28 0.27 0.26 0.25 0.24 0.23 0.22 0.21 0.20 0.19 0.19 0.18 0.18 0.18 0.18 0.19 0.19 0.20 0.20 0.21 0.22 0.23 0.23 0.24 0.25 0.26 0.26 0.27 0.27 0.28 0.28 0.29 0.29 0.29 0.29 0.29
0.27 0.27 0.28 0.28 0.29 0.30 0.30 0.31 0.32 0.33 0.34 0.36 0.38 0.41 0.43 0.46 0.48 0.50 0.53 0.55 0.56 0.58 0.59 0.60 0.60 0.60 0.60 0.59 0.58 0.57 0.55 0.54 0.52 0.50 0.48 0.46 0.44 0.42 0.40 0.38 0.36 0.35 0.33 0.32 0.31 0.31 0.30 0.29 0.28 0.27 0.26 0.25 0.24 0.23 0.22 0.21 0.20 0.19 0.19 0.19 0.18 0.18 0.19 0.19 0.19 0.20 0.21 0.21 0.22 0.23 0.24 0.24 0.25 0.26 0.27 0.27 0.28 0.28 0.29 0.29 0.30 0.30 0.30 0.30
0.26 0.26 0.27 0.27 0.28 0.29 0.30 0.31 0.32 0.34 0.36 0.38 0.41 0.43 0.46 0.49 0.52 0.54 0.57 0.59 0.61 0.63 0.64 0.65 0.65 0.66 0.65 0.65 0.64 0.62 0.61 0.59 0.57 0.55 0.52 0.50 0.48 0.45 0.43 0.41 0.38 0.36 0.34 0.33 0.31 0.31 0.30 0.29 0.28 0.27 0.26 0.25 0.24 0.23 0.22 0.21 0.20 0.20 0.19 0.19 0.19 0.19 0.19 0.19 0.19 0.20 0.21 0.22 0.22 0.23 0.24 0.25 0.26 0.26 0.27 0.28 0.28 0.29 0.30 0.30 0.30 0.31 0.31 0.31
0.25 0.25 0.26 0.27 0.27 0.28 0.29 0.31 0.33 0.35 0.38 0.41 0.44 0.47 0.50 0.53 0.56 0.59 0.62 0.65 0.67 0.69 0.70 0.71 0.72 0.72 0.72 0.71 0.70 0.69 0.67 0.65 0.63 0.60 0.58 0.55 0.52 0.49 0.46 0.44 0.41 0.38 0.36 0.34 0.32 0.31 0.30 0.29 0.28 0.27 0.26 0.25 0.24 0.23 0.22 0.21 0.20 0.20 0.19 0.19 0.19 0.19 0.19 0.19 0.20 0.20 0.21 0.22 0.22 0.23 0.24 0.25 0.26 0.27 0.28 0.28 0.29 0.30 0.30 0.31 0.31 0.31 0.32 0.32
0.23 0.24 0.25 0.26 0.27 0.28 0.29 0.32 0.34 0.37 0.40 0.44 0.47 0.51 0.55 0.59 0.62 0.66 0.69 0.72 0.74 0.76 0.78 0.79 0.80 0.80 0.80 0.79 0.78 0.77 0.75 0.72 0.70 0.67 0.64 0.60 0.57 0.54 0.50 0.47 0.44 0.40 0.38 0.35 0.33 0.31 0.30 0.29 0.28 0.27 0.25 0.24 0.23 0.23 0.22 0.21 0.20 0.20 0.19 0.19 0.19 0.19 0.19 0.19 0.20 0.20 0.21 0.22 0.23 0.23 0.24 0.25 0.26 0.27 0.28 0.29 0.29 0.30 0.31 0.31 0.32 0.32 0.32 0.32
0.22 0.23 0.24 0.25 0.26 0.28 0.30 0.33 0.36 0.39 0.43 0.47 0.51 0.56 0.60 0.64 0.68 0.72 0.76 0.79 0.82 0.84 0.86 0.88 0.89 0.89 0.89 0.88 0.87 0.85 0.83 0.80 0.77 0.74 0.70 0.66 0.63 0.59 0.55 0.51 0.47 0.43 0.40 0.37 0.34 0.32 0.30 0.28 0.27 0.26 0.25 0.24 0.23 0.22 0.22 0.21 0.20 0.19 0.19 0.19 0.19 0.19 0.19 0.19 0.20 0.20 0.21 0.22 0.23 0.23 0.24 0.25 0.26 0.27 0.28 0.29 0.30 0.30 0.31 0.32 0.32 0.32 0.33 0.33
0.21 0.22 0.23 0.24 0.26 0.28 0.31 0.34 0.38 0.42 0.46 0.51 0.56 0.61 0.66 0.70 0.75 0.79 0.83 0.87 0.90 0.93 0.95 0.97 0.98 0.98 0.98 0.97 0.96 0.94 0.91 0.88 0.85 0.81 0.77 0.73 0.68 0.64 0.59 0.55 0.51 0.46 0.42 0.39 0.35 0.33 0.30 0.29 0.27 0.26 0.25 0.24 0.23 0.22 0.21 0.21 0.20 0.19 0.19 0.19 0.18 0.18 0.19 0.19 0.19 0.20 0.21 0.22 0.23 0.23 0.24 0.26 0.26 0.27 0.28 0.29 0.30 0.31 0.31 0.32 0.32 0.33 0.33 0.33
0.20 0.21 0.22 0.24 0.26 0.29 0.32 0.36 0.40 0.45 0.50 0.55 0.61 0.66 0.71 0.77 0.82 0.87 0.92 0.96 0.99 1.02 1.05 1.07 1.08 1.08 1.08 1.07 1.05 1.03 1.00 0.97 0.93 0.89 0.84 0.79 0.74 0.69 0.64 0.59 0.55 0.50 0.45 0.41 0.37 0.34 0.31 0.29 0.27 0.26 0.25 0.24 0.23 0.22 0.21 0.20 0.20 0.19 0.19 0.18 0.18 0.18 0.18 0.19 0.19 0.20 0.21 0.22 0.22 0.23 0.24 0.26 0.27 0.28 0.29 0.29 0.30 0.31 0.32 0.32 0.33 0.33 0.34 0.34
0.19 0.20 0.22 0.24 0.26 0.30 0.33 0.38 0.43 0.48 0.54 0.59 0.65 0.72 0.78 0.84 0.89 0.95 1.00 1.05 1.09 1.12 1.15 1.17 1.18 1.19 1.18 1.17 1.15 1.13 1.10 1.06 1.01 0.97 0.92 0.86 0.81 0.75 0.70 0.64 0.59 0.53 0.48 0.44 0.39 0.36 0.32 0.30 0.27 0.26 0.25 0.24 0.23 0.22 0.21 0.20 0.19 0.19 0.18 0.18 0.18 0.18 0.18 0.18 0.19 0.20 0.21 0.21 0.22 0.23 0.24 0.25 0.27 0.28 0.29 0.30 0.30 0.31 0.32 0.33 0.33 0.34 0.34 0.34
0.18 0.20 0.21 0.24 0.27 0.31 0.35 0.40 0.45 0.51 0.57 0.64 0.70 0.77 0.84 0.90 0.97 1.03 1.09 1.14 1.18 1.22 1.25 1.28 1.29 1.30 1.29 1.28 1.26 1.23 1.19 1.15 1.10 1.05 0.99 0.94 0.87 0.81 0.75 0.69 0.63 0.57 0.52 0.46 0.42 0.37 0.34 0.30 0.28 0.26 0.25 0.24 0.23 0.22 0.21 0.20 0.19 0.18 0.18 0.18 0.17 0.17 0.18 0.18 0.19 0.20 0.20 0.21 0.22 0.23 0.24 0.25 0.27 0.28 0.29 0.30 0.30 0.31 0.32 0.33 0.33 0.34 0.34 0.34
0.18 0.19 0.21 0.24 0.28 0.32 0.37 0.42 0.48 0.55 0.61 0.68 0.76 0.83 0.90 0.97 1.04 1.11 1.18 1.23 1.28 1.33 1.36 1.39 1.41 1.41 1.41 1.39 1.37 1.34 1.30 1.25 1.19 1.14 1.07 1.01 0.94 0.87 0.81 0.74 0.67 0.61 0.55 0.49 0.44 0.39 0.35 0.31 0.28 0.26 0.25 0.24 0.23 0.22 0.21 0.20 0.19 0.18 0.17 0.17 0.17 0.17 0.17 0.18 0.18 0.19 0.20 0.21 0.22 0.23 0.24 0.25 0.27 0.28 0.29 0.30 0.30 0.31 0.32 0.33 0.33 0.34 0.34 0.34
0.17 0.19 0.21 0.24 0.29 0.33 0.39 0.45 0.51 0.58 0.65 0.73 0.81 0.89 0.97 1.04 1.12 1.20 1.27 1.33 1.39 1.44 1.48 1.50 1.52 1.53 1.53 1.51 1.48 1.45 1.40 1.35 1.29 1.22 1.15 1.08 1.01 0.93 0.86 0.79 0.72 0.65 0.58 0.52 0.46 0.41 0.37 0.33 0.29 0.27 0.25 0.24 0.23 0.21 0.20 0.19 0.18 0.18 0.17 0.17 0.16 0.17 0.17 0.17 0.18 0.19 0.20 0.21 0.22 0.23 0.24 0.25 0.27 0.28 0.29 0.30 0.30 0.31 0.32 0.33 0.33 0.34 0.34 0.34
0.17 0.19 0.21 0.25 0.30 0.35 0.41 0.47 0.54 0.61 0.69 0.77 0.86 0.94 1.03 1.11 1.20 1.28 1.36 1.43 1.49 1.55 1.59 1.62 1.65 1.65 1.65 1.63 1.60 1.56 1.51 1.45 1.38 1.31 1.23 1.15 1.07 0.99 0.91 0.84 0.76 0.69 0.61 0.55 0.49 0.43 0.38 0.34 0.30 0.27 0.25 0.24 0.22 0.21 0.20 0.19 0.18 0.17 0.16 0.16 0.16 0.16 0.16 0.17 0.18 0.19 0.20 0.21 0.22 0.23 0.24 0.25 0.27 0.28 0.29 0.30 0.30 0.31 0.32 0.33 0.33 0.34 0.34 0.34
0.16 0.19 0.22 0.26 0.31 0.36 0.43 0.49 0.57 0.65 0.73 0.82 0.91 1.00 1.09 1.18 1.27 1.36 1.45 1.52 1.59 1.66 1.71 1.75 1.77 1.78 1.77 1.75 1.72 1.67 1.61 1.54 1.47 1.39 1.31 1.23 1.14 1.05 0.97 0.88 0.80 0.72 0.65 0.58 0.51 0.45 0.40 0.35 0.31 0.28 0.25 0.23 0.22 0.21 0.20 0.19 0.18 0.17 0.16 0.15 0.15 0.15 0.16 0.17 0.18 0.19 0.20 0.21 0.22 0.23 0.24 0.25 0.27 0.28 0.29 0.29 0.30 0.31 0.32 0.32 0.33 0.34 0.34 0.34
0.16 0.19 0.22 0.27 0.32 0.38 0.44 0.52 0.60 0.68 0.77 0.86 0.95 1.05 1.15 1.25 1.34 1.44 1.53 1.62 1.70 1.77 1.83 1.87 1.90 1.91 1.90 1.88 1.84 1.78 1.72 1.64 1.56 1.47 1.38 1.29 1.20 1.11 1.02 0.93 0.84 0.76 0.68 0.60 0.53 0.47 0.41 0.36 0.32 0.28 0.25 0.23 0.22 0.21 0.20 0.19 0.18 0.16 0.15 0.15 0.14 0.15 0.15 0.16 0.17 0.19 0.20 0.21 0.22 0.23 0.24 0.25 0.27 0.28 0.29 0.29 0.30 0.31 0.32 0.32 0.33 0.34 0.34 0.34
0.16 0.19 0.23 0.27 0.33 0.39 0.46 0.54 0.62 0.71 0.80 0.90 1.00 1.10 1.20 1.31 1.41 1.51 1.61 1.71 1.80 1.88 1.94 1.99 2.03 2.04 2.03 2.00 1.96 1.89 1.82 1.74 1.65 1.55 1.46 1.36 1.26 1.16 1.06 0.97 0.88 0.79 0.70 0.63 0.55 0.49 0.43 0.37 0.33 0.29 0.26 0.24 0.22 0.21 0.20 0.19 0.17 0.16 0.15 0.14 0.13 0.14 0.15 0.16 0.17 0.19 0.20 0.21 0.22 0.23 0.24 0.26 0.27 0.28 0.29 0.29 0.30 0.31 0.32 0.32 0.33 0.33 0.34 0.34
0.16 0.19 0.23 0.28 0.34 0.40 0.48 0.56 0.64 0.73 0.83 0.93 1.04 1.14 1.25 1.36 1.47 1.58 1.69 1.80 1.89 1.98 2.06 2.12 2.16 2.18 2.17 2.13 2.08 2.00 1.92 1.83 1.73 1.62 1.52 1.41 1.31 1.21 1.10 1.00 0.91 0.82 0.73 0.65 0.57 0.50 0.44 0.38 0.33 0.29 0.26 0.24 0.22 0.21 0.20 0.19 0.18 0.16 0.15 0.14 0.13 0.14 0.15 0.16 0.17 0.19 0.20 0.21 0.22 0.23 0.25 0.26 0.27 0.28 0.29 0.29 0.30 0.31 0.32 0.32 0.33 0.33 0.34 0.34
0.16 0.19 0.24 0.29 0.35 0.42 0.49 0.57 0.66 0.76 0.86 0.96 1.07 1.18 1.29 1.41 1.53 1.64 1.76 1.87 1.98 2.08 2.17 2.24 2.29 2.31 2.30 2.26 2.19 2.11 2.01 1.91 1.80 1.69 1.58 1.46 1.35 1.25 1.14 1.04 0.94 0.84 0.75 0.67 0.59 0.52 0.45 0.39 0.34 0.30 0.27 0.24 0.22 0.21 0.20 0.19 0.18 0.17 0.16 0.15 0.14 0.14 0.15 0.17 0.18 0.19 0.20 0.21 0.22 0.24 0.25 0.26 0.27 0.28 0.29 0.29 0.30 0.31 0.32 0.32 0.33 0.33 0.34 0.34
0.16 0.20 0.24 0.29 0.35 0.42 0.50 0.59 0.68 0.77 0.88 0.98 1.10 1.21 1.33 1.45 1.57 1.70 1.82 1.94 2.06 2.17 2.27 2.36 2.42 2.45 2.43 2.38 2.30 2.20 2.09 1.98 1.86 1.74 1.62 1.51 1.39 1.28 1.17 1.06 0.96 0.86 0.77 0.68 0.60 0.53 0.46 0.40 0.35 0.31 0.27 0.24 0.23 0.22 0.21 0.19 0.18 0.17 0.16 0.16 0.15 0.16 0.16 0.17 0.18 0.19 0.21 0.22 0.23 0.24 0.25 0.26 0.27 0.28 0.29 0.30 0.30 0.31 0.32 0.32 0.33 0.34 0.34 0.34
0.16 0.20 0.24 0.30 0.36 0.43 0.51 0.60 0.69 0.79 0.89 1.00 1.12 1.23 1.36 1.48 1.61 1.73 1.86 1.99 2.12 2.24 2.36 2.47 2.55 2.59 2.57 2.49 2.39 2.28 2.15 2.03 1.91 1.78 1.66 1.54 1.42 1.30 1.19 1.08 0.98 0.88 0.78 0.70 0.61 0.54 0.47 0.41 0.36 0.31 0.27 0.25 0.23 0.22 0.21 0.20 0.19 0.18 0.17 0.17 0.17 0.17 0.17 0.18 0.19 0.20 0.21 0.22 0.23 0.24 0.25 0.26 0.27 0.28 0.29 0.30 0.30 0.31 0.32 0.32 0.33 0.34 0.34 0.34
0.16 0.20 0.24 0.30 0.36 0.44 0.52 0.60 0.70 0.80 0.90 1.01 1.13 1.25 1.37 1.50 1.63 1.76 1.89 2.03 2.16 2.30 2.43 2.56 2.67 2.73 2.69 2.59 2.46 2.33 2.20 2.07 1.94 1.81 1.68 1.56 1.44 1.32 1.21 1.10 0.99 0.89 0.79 0.71 0.62 0.55 0.48 0.42 0.36 0.32 0.28 0.25 0.24 0.23 0.22 0.21 0.20 0.19 0.18 0.18 0.18 0.18 0.18 0.19 0.20 0.20 0.21 0.22 0.23 0.24 0.25 0.26 0.27 0.28 0.29 0.30 0.31 0.31 0.32 0.33 0.33 0.34 0.34 0.34
0.16 0.20 0.25 0.30 0.37 0.44 0.52 0.61 0.70 0.80 0.91 1.02 1.14 1.26 1.38 1.51 1.64 1.77 1.90 2.04 2.18 2.32 2.46 2.60 2.74 2.87 2.77 2.63 2.49 2.35 2.22 2.08 1.95 1.82 1.69 1.57 1.45 1.33 1.21 1.10 1.00 0.90 0.80 0.71 0.63 0.55 0.48 0.42 0.37 0.32 0.28 0.26 0.24 0.23 0.22 0.21 0.20 0.20 0.19 0.19 0.19 0.19 0.19 0.20 0.20 0.21 0.22 0.23 0.24 0.25 0.26 0.27 0.28 0.28 0.29 0.30 0.31 0.32 0.32 0.33 0.33 0.34 0.34 0.34
0.16 0.20 0.25 0.30 0.37 0.44 0.52 0.61 0.70 0.80 0.91 1.02 1.13 1.25 1.38 1.50 1.63 1.76 1.90 2.03 2.17 2.31 2.44 2.58 2.70 2.78 2.73 2.61 2.48 2.34 2.21 2.08 1.94 1.81 1.69 1.56 1.44 1.32 1.21 1.10 1.00 0.89 0.80 0.71 0.63 0.55 0.48 0.42 0.37 0.32 0.29 0.26 0.25 0.24 0.23 0.22 0.21 0.21 0.20 0.20 0.20 0.20 0.20 0.20 0.21 0.22 0.22 0.23 0.24 0.25 0.26 0.27 0.28 0.29 0.29 0.30 0.31 0.32 0.32 0.33 0.33 0.34 0.34 0.35
0.16 0.20 0.24 0.30 0.36 0.44 0.52 0.60 0.70 0.80 0.90 1.01 1.12 1.24 1.36 1.49 1.62 1.74 1.87 2.01 2.14 2.27 2.39 2.50 2.60 2.64 2.61 2.53 2.42 2.30 2.17 2.05 1.92 1.79 1.67 1.55 1.43 1.31 1.20 1.09 0.99 0.89 0.80 0.71 0.63 0.55 0.48 0.42 0.37 0.33 0.29 0.27 0.25 0.24 0.23 0.23 0.22 0.21 0.21 0.20 0.20 0.20 0.21 0.21 0.21 0.22 0.23 0.24 0.24 0.25 0.26 0.27 0.28 0.29 0.30 0.30 0.31 0.32 0.33 0.33 0.34 0.34 0.34 0.35
0.16 0.20 0.24 0.30 0.36 0.43 0.51 0.60 0.69 0.78 0.89 0.99 1.11 1.22 1.34 1.46 1.59 1.71 1.83 1.96 2.08 2.20 2.31 2.40 2.47 2.50 2.48 2.42 2.33 2.23 2.12 2.00 1.88 1.76 1.64 1.52 1.41 1.29 1.18 1.08 0.97 0.88 0.79 0.70 0.62 0.55 0.48 0.42 0.37 0.33 0.29 0.27 0.25 0.25 0.24 0.23 0.22 0.22 0.21 0.21 0.21 0.21 0.21 0.22 0.22 0.23 0.23 0.24 0.25 0.26 0.26 0.27 0.28 0.29 0.30 0.31 0.31 0.32 0.33 0.33 0.34 0.34 0.34 0.35
0.16 0.20 0.24 0.30 0.36 0.43 0.50 0.59 0.67 0.77 0.87 0.97 1.08 1.19 1.31 1.43 1.54 1.66 1.78 1.90 2.01 2.11 2.21 2.29 2.34 2.36 2.35 2.30 2.23 2.14 2.04 1.93 1.82 1.71 1.60 1.48 1.37 1.26 1.16 1.05 0.96 0.86 0.77 0.69 0.61 0.54 0.48 0.42 0.37 0.33 0.30 0.27 0.26 0.25 0.24 0.24 0.23 0.23 0.22 0.22 0.22 0.22 0.22 0.22 0.22 0.23 0.24 0.24 0.25 0.26 0.27 0.27 0.28 0.29 0.30 0.31 0.31 0.32 0.33 0.33 0.34 0.34 0.35 0.35
0.17 0.20 0.24 0.29 0.35 0.42 0.49 0.57 0.66 0.75 0.85 0.95 1.05 1.16 1.27 1.38 1.49 1.60 1.71 1.82 1.92 2.02 2.10 2.17 2.21 2.23 2.22 2.18 2.12 2.04 1.95 1.86 1.75 1.65 1.54 1.44 1.33 1.23 1.12 1.03 0.93 0.84 0.75 0.67 0.60 0.53 0.47 0.41 0.37 0.33 0.30 0.28 0.26 0.26 0.25 0.24 0.24 0.23 0.23 0.22 0.22 0.22 0.22 0.23 0.23 0.23 0.24 0.25 0.25 0.26 0.27 0.28 0.28 0.29 0.30 0.31 0.32 0.32 0.33 0.33 0.34 0.34 0.35 0.35
0.18 0.21 0.24 0.29 0.35 0.41 0.48 0.56 0.64 0.73 0.82 0.92 1.02 1.12 1.22 1.33 1.43 1.54 1.64 1.74 1.83 1.91 1.98 2.04 2.08 2.09 2.08 2.05 2.00 1.94 1.86 1.77 1.68 1.58 1.48 1.38 1.28 1.18 1.09 0.99 0.90 0.81 0.73 0.66 0.58 0.52 0.46 0.41 0.36 0.32 0.30 0.28 0.27 0.26 0.25 0.25 0.24 0.23 0.23 0.23 0.23 0.23 0.23 0.23 0.23 0.24 0.24 0.25 0.25 0.26 0.27 0.28 0.29 0.29 0.30 0.31 0.32 0.32 0.33 0.34 0.34 0.34 0.35 0.35
0.18 0.21 0.24 0.29 0.34 0.40 0.47 0.54 0.62 0.70 0.79 0.88 0.97 1.07 1.17 1.27 1.37 1.46 1.56 1.65 1.73 1.81 1.87 1.92 1.95 1.96 1.95 1.92 1.88 1.82 1.76 1.68 1.59 1.50 1.41 1.32 1.23 1.13 1.04 0.95 0.87 0.79 0.71 0.63 0.57 0.50 0.45 0.40 0.36 0.32 0.30 0.28 0.27 0.26 0.26 0.25 0.24 0.24 0.23 0.23 0.23 0.23 0.23 0.23 0.23 0.24 0.24 0.25 0.26 0.26 0.27 0.28 0.29 0.29 0.30 0.31 0.32 0.32 0.33 0.34 0.34 0.34 0.35 0.35
0.19 0.22 0.25 0.29 0.33 0.39 0.45 0.52 0.59 0.67 0.75 0.84 0.93 1.02 1.11 1.20 1.30 1.39 1.47 1.55 1.63 1.69 1.75 1.79 1.82 1.83 1.82 1.80 1.76 1.71 1.65 1.58 1.50 1.42 1.34 1.25 1.17 1.08 0.99 0.91 0.83 0.75 0.68 0.61 0.55 0.49 0.43 0.39 0.35 0.32 0.29 0.28 0.27 0.27 0.26 0.25 0.25 0.24 0.24 0.23 0.23 0.23 0.23 0.23 0.24 0.24 0.24 0.25 0.26 0.26 0.27 0.28 0.29 0.29 0.30 0.31 0.32 0.32 0.33 0.33 0.34 0.34 0.35 0.35
0.21 0.22 0.25 0.28 0.33 0.38 0.43 0.50 0.57 0.64 0.72 0.80 0.88 0.97 1.05 1.14 1.22 1.30 1.38 1.46 1.53 1.58 1.63 1.67 1.69 1.70 1.70 1.68 1.64 1.60 1.54 1.48 1.41 1.34 1.26 1.18 1.10 1.02 0.94 0.87 0.79 0.72 0.65 0.58 0.52 0.47 0.42 0.38 0.34 0.31 0.29 0.28 0.28 0.27 0.26 0.25 0.25 0.24 0.24 0.24 0.23 0.23 0.23 0.23 0.24 0.24 0.24 0.25 0.26 0.26 0.27 0.28 0.28 0.29 0.30 0.31 0.32 0.32 0.33 0.33 0.34 0.34 0.35 0.35
0.22 0.23 0.25 0.28 0.32 0.37 0.42 0.48 0.54 0.61 0.68 0.75 0.83 0.91 0.99 1.07 1.15 1.22 1.29 1.36 1.42 1.47 1.52 1.55 1.57 1.58 1.57 1.55 1.53 1.49 1.44 1.38 1.32 1.25 1.18 1.11 1.04 0.96 0.89 0.82 0.75 0.68 0.62 0.56 0.50 0.45 0.40 0.37 0.33 0.31 0.29 0.28 0.28 0.27 0.26 0.26 0.25 0.24 0.24 0.24 0.23 0.23 0.23 0.23 0.24 0.24 0.24 0.25 0.26 0.26 0.27 0.28 0.28 0.29 0.30 0.31 0.31 0.32 0.33 0.33 0.34 0.34 0.35 0.35
0.23 0.24 0.25 0.28 0.31 0.35 0.40 0.45 0.51 0.57 0.64 0.71 0.78 0.85 0.93 1.00 1.07 1.14 1.20 1.26 1.32 1.37 1.40 1.43 1.45 1.46 1.45 1.44 1.41 1.38 1.33 1.28 1.23 1.17 1.10 1.04 0.97 0.90 0.83 0.77 0.70 0.64 0.58 0.53 0.48 0.43 0.39 0.35 0.33 0.31 0.29 0.29 0.28 0.27 0.26 0.26 0.25 0.25 0.24 0.24 0.23 0.23 0.23 0.23 0.24 0.24 0.24 0.25 0.25 0.26 0.27 0.27 0.28 0.29 0.30 0.31 0.31 0.32 0.33 0.33 0.34 0.34 0.34 0.35
0.24 0.25 0.26 0.28 0.31 0.34 0.38 0.43 0.48 0.54 0.60 0.66 0.73 0.79 0.86 0.93 0.99 1.06 1.12 1.17 1.22 1.26 1.29 1.32 1.33 1.34 1.34 1.32 1.30 1.27 1.23 1.19 1.14 1.08 1.02 0.96 0.90 0.84 0.78 0.72 0.66 0.60 0.55 0.50 0.45 0.41 0.37 0.34 0.32 0.30 0.29 0.29 0.28 0.27 0.26 0.26 0.25 0.25 0.24 0.24 0.23 0.23 0.23 0.23 0.23 0.24 0.24 0.25 0.25 0.26 0.27 0.27 0.28 0.29 0.30 0.30 0.31 0.32 0.32 0.33 0.33 0.34 0.34 0.34
0.25 0.26 0.26 0.28 0.30 0.33 0.37 0.41 0.46 0.51 0.56 0.62 0.68 0.74 0.80 0.86 0.92 0.98 1.03 1.08 1.12 1.16 1.19 1.21 1.22 1.23 1.23 1.21 1.19 1.17 1.13 1.09 1.05 1.00 0.95 0.90 0.84 0.79 0.73 0.68 0.62 0.57 0.52 0.47 0.43 0.39 0.36 0.33 0.31 0.30 0.29 0.29 0.28 0.27 0.26 0.26 0.25 0.24 0.24 0.23 0.23 0.23 0.23 0.23 0.23 0.23 0.24 0.24 0.25 0.26 0.26 0.27 0.28 0.29 0.29 0.30 0.31 0.31 0.32 0.33 0.33 0.34 0.34 0.34
0.26 0.27 0.27 0.28 0.30 0.32 0.35 0.39 0.43 0.47 0.52 0.57 0.63 0.68 0.74 0.79 0.85 0.90 0.94 0.99 1.03 1.06 1.09 1.10 1.12 1.12 1.12 1.11 1.09 1.07 1.04 1.01 0.98 0.94 0.90 0.85 0.81 0.76 0.71 0.66 0.61 0.56 0.51 0.46 0.42 0.38 0.35 0.33 0.31 0.30 0.29 0.29 0.28 0.27 0.26 0.26 0.25 0.24 0.24 0.23 0.23 0.23 0.23 0.23 0.23 0.23 0.23 0.24 0.25 0.25 0.26 0.27 0.27 0.28 0.29 0.30 0.31 0.31 0.32 0.32 0.33 0.33 0.34 0.34
0.27 0.27 0.28 0.28 0.30 0.31 0.34 0.37 0.41 0.44 0.49 0.53 0.58 0.63 0.68 0.73 0.78 0.82 0.86 0.90 0.94 0.97 0.99 1.01 1.02 1.02 1.02 1.02 1.01 0.99 0.98 0.96 0.93 0.90 0.87 0.83 0.79 0.74 0.70 0.65 0.61 0.56 0.51 0.47 0.43 0.39 0.36 0.33 0.32 0.30 0.29 0.29 0.28 0.27 0.26 0.25 0.25 0.24 0.23 0.23 0.23 0.22 0.22 0.22 0.22 0.23 0.23 0.24 0.24 0.25 0.26 0.26 0.27 0.28 0.29 0.29 0.30 0.31 0.32 0.32 0.33 0.33 0.34 0.34
0.28 0.28 0.29 0.29 0.30 0.31 0.33 0.35 0.38 0.42 0.45 0.49 0.54 0.58 0.62 0.67 0.71 0.75 0.79 0.82 0.85 0.88 0.90 0.91 0.92 0.93 0.94 0.94 0.94 0.94 0.93 0.92 0.90 0.88 0.85 0.82 0.79 0.75 0.71 0.67 0.63 0.58 0.54 0.49 0.45 0.42 0.39 0.36 0.34 0.32 0.30 0.29 0.28 0.27 0.26 0.25 0.24 0.24 0.23 0.23 0.22 0.22 0.22 0.22 0.22 0.22 0.22 0.23 0.24 0.24 0.25 0.26 0.27 0.28 0.28 0.29 0.30 0.31 0.31 0.32 0.32 0.33 0.33 0.34
