speedsAfterKrig/residues/output_residuos_60_2009.asc
NCOLS          173       
NROWS          329       
XLLCENTER      510425.00 
YLLCENTER      8547775.00
DX             50.00     
DY             50.00     
NODATA_VALUE   -999.00   
[rows 266 to 303 of 329, columns 84 to 167 of 173]
0.29 0.29 0.29 0.30 0.30 0.31 0.32 0.34 0.37 0.39 0.43 0.46 0.50 0.53 0.57 0.61 0.65 0.68 0.71 0.74 0.77 0.79 0.81 0.83 0.85 0.86 0.88 0.89 0.90 0.90 0.90 0.90 0.89 0.87 0.86 0.83 0.81 0.77 0.74 0.70 0.66 0.62 0.58 0.54 0.50 0.46 0.43 0.40 0.37 0.35 0.32 0.30 0.28 0.27 0.26 0.25 0.24 0.23 0.23 0.22 0.22 0.21 0.21 0.21 0.21 0.21 0.22 0.22 0.23 0.24 0.25 0.25 0.26 0.27 0.28 0.29 0.30 0.30 0.31 0.32 0.32 0.33 0.33 0.34
0.30 0.30 0.30 0.30 0.31 0.31 0.32 0.33 0.35 0.37 0.40 0.43 0.46 0.49 0.52 0.56 0.59 0.62 0.65 0.67 0.70 0.72 0.74 0.76 0.79 0.81 0.83 0.85 0.87 0.88 0.89 0.90 0.90 0.89 0.88 0.86 0.84 0.82 0.79 0.76 0.72 0.68 0.64 0.60 0.56 0.52 0.49 0.45 0.42 0.39 0.35 0.32 0.30 0.27 0.26 0.25 0.24 0.23 0.22 0.21 0.21 0.21 0.20 0.20 0.20 0.21 0.21 0.22 0.23 0.23 0.24 0.25 0.26 0.27 0.28 0.28 0.29 0.30 0.31 0.31 0.32 0.32 0.33 0.33
0.30 0.31 0.31 0.31 0.31 0.32 0.32 0.33 0.34 0.36 0.38 0.40 0.43 0.45 0.48 0.51 0.53 0.56 0.59 0.61 0.63 0.65 0.68 0.72 0.75 0.78 0.81 0.84 0.86 0.89 0.90 0.92 0.92 0.93 0.92 0.91 0.90 0.88 0.86 0.83 0.79 0.76 0.72 0.68 0.64 0.60 0.56 0.52 0.48 0.44 0.40 0.36 0.32 0.29 0.26 0.25 0.23 0.22 0.22 0.21 0.20 0.20 0.19 0.19 0.19 0.20 0.20 0.21 0.22 0.23 0.24 0.25 0.25 0.26 0.27 0.28 0.29 0.30 0.30 0.31 0.32 0.32 0.33 0.33
0.31 0.31 0.31 0.32 0.32 0.32 0.32 0.33 0.34 0.35 0.36 0.38 0.40 0.42 0.44 0.47 0.49 0.51 0.53 0.55 0.58 0.61 0.65 0.69 0.73 0.77 0.80 0.84 0.88 0.91 0.93 0.96 0.97 0.98 0.99 0.98 0.98 0.96 0.94 0.92 0.89 0.85 0.81 0.77 0.73 0.69 0.65 0.60 0.55 0.50 0.45 0.40 0.36 0.32 0.28 0.25 0.23 0.22 0.21 0.20 0.19 0.19 0.18 0.18 0.18 0.19 0.19 0.20 0.21 0.22 0.23 0.24 0.25 0.26 0.27 0.28 0.29 0.29 0.30 0.31 0.32 0.32 0.33 0.33
0.32 0.32 0.32 0.32 0.32 0.33 0.33 0.33 0.33 0.34 0.35 0.36 0.38 0.39 0.41 0.43 0.45 0.46 0.48 0.51 0.54 0.58 0.63 0.67 0.72 0.77 0.82 0.86 0.91 0.95 0.98 1.01 1.04 1.05 1.07 1.07 1.07 1.06 1.05 1.02 1.00 0.96 0.93 0.89 0.84 0.79 0.74 0.69 0.63 0.57 0.51 0.46 0.40 0.35 0.31 0.27 0.24 0.21 0.20 0.19 0.18 0.17 0.17 0.17 0.17 0.18 0.18 0.19 0.20 0.21 0.22 0.23 0.24 0.25 0.26 0.27 0.28 0.29 0.30 0.31 0.31 0.32 0.33 0.33
0.32 0.32 0.33 0.33 0.33 0.33 0.33 0.34 0.34 0.34 0.34 0.35 0.36 0.37 0.39 0.40 0.41 0.43 0.45 0.48 0.52 0.57 0.62 0.67 0.73 0.79 0.84 0.90 0.95 1.00 1.05 1.09 1.12 1.15 1.17 1.18 1.18 1.18 1.17 1.15 1.13 1.10 1.06 1.01 0.96 0.91 0.85 0.78 0.72 0.65 0.58 0.52 0.45 0.39 0.34 0.29 0.25 0.22 0.19 0.18 0.17 0.16 0.16 0.15 0.16 0.16 0.17 0.18 0.19 0.21 0.22 0.23 0.24 0.25 0.26 0.27 0.28 0.29 0.30 0.31 0.31 0.32 0.33 0.33
0.33 0.33 0.33 0.33 0.33 0.34 0.34 0.34 0.34 0.34 0.35 0.35 0.35 0.36 0.37 0.38 0.39 0.41 0.43 0.47 0.52 0.57 0.63 0.69 0.76 0.82 0.89 0.95 1.02 1.07 1.13 1.18 1.22 1.26 1.28 1.30 1.32 1.32 1.31 1.30 1.27 1.24 1.20 1.15 1.09 1.03 0.96 0.89 0.82 0.74 0.66 0.59 0.51 0.44 0.38 0.32 0.27 0.23 0.20 0.17 0.16 0.15 0.14 0.14 0.14 0.15 0.16 0.17 0.19 0.20 0.21 0.22 0.24 0.25 0.26 0.27 0.28 0.29 0.30 0.30 0.31 0.32 0.33 0.33
0.33 0.33 0.33 0.34 0.34 0.34 0.34 0.34 0.34 0.35 0.35 0.35 0.35 0.35 0.36 0.36 0.37 0.40 0.43 0.48 0.53 0.59 0.66 0.73 0.80 0.87 0.95 1.02 1.09 1.16 1.23 1.29 1.34 1.38 1.42 1.45 1.47 1.47 1.47 1.46 1.43 1.40 1.35 1.30 1.23 1.16 1.09 1.00 0.92 0.83 0.75 0.66 0.58 0.50 0.43 0.36 0.30 0.25 0.21 0.17 0.15 0.14 0.13 0.12 0.13 0.14 0.16 0.17 0.18 0.19 0.21 0.22 0.23 0.24 0.25 0.27 0.28 0.29 0.30 0.30 0.31 0.32 0.32 0.33
0.34 0.34 0.34 0.34 0.34 0.34 0.34 0.34 0.35 0.35 0.35 0.35 0.35 0.35 0.35 0.36 0.37 0.40 0.44 0.49 0.55 0.62 0.69 0.77 0.85 0.94 1.02 1.11 1.19 1.27 1.34 1.41 1.47 1.53 1.57 1.61 1.63 1.65 1.65 1.63 1.60 1.56 1.51 1.45 1.38 1.30 1.21 1.12 1.03 0.93 0.84 0.74 0.65 0.56 0.48 0.40 0.33 0.27 0.22 0.18 0.15 0.14 0.13 0.12 0.13 0.14 0.15 0.16 0.18 0.19 0.20 0.21 0.23 0.24 0.25 0.26 0.27 0.28 0.29 0.30 0.31 0.32 0.33 0.33
0.34 0.34 0.34 0.34 0.34 0.34 0.34 0.34 0.35 0.35 0.35 0.35 0.35 0.35 0.35 0.36 0.39 0.42 0.47 0.52 0.59 0.66 0.75 0.83 0.92 1.02 1.11 1.21 1.30 1.39 1.47 1.55 1.63 1.69 1.74 1.79 1.82 1.83 1.83 1.81 1.78 1.74 1.68 1.61 1.53 1.44 1.35 1.25 1.15 1.04 0.93 0.83 0.73 0.63 0.53 0.45 0.37 0.30 0.24 0.19 0.16 0.14 0.13 0.13 0.13 0.14 0.15 0.16 0.17 0.19 0.20 0.21 0.22 0.24 0.25 0.26 0.27 0.28 0.29 0.30 0.31 0.32 0.33 0.33
0.34 0.34 0.34 0.34 0.34 0.34 0.34 0.34 0.34 0.35 0.35 0.35 0.35 0.35 0.35 0.37 0.40 0.45 0.50 0.57 0.64 0.72 0.81 0.90 1.00 1.11 1.21 1.32 1.42 1.52 1.62 1.71 1.79 1.86 1.93 1.97 2.01 2.02 2.02 2.00 1.97 1.92 1.86 1.78 1.69 1.59 1.49 1.38 1.26 1.15 1.03 0.92 0.80 0.70 0.59 0.50 0.41 0.34 0.27 0.21 0.17 0.14 0.13 0.13 0.13 0.14 0.15 0.16 0.17 0.18 0.20 0.21 0.22 0.23 0.25 0.26 0.27 0.28 0.29 0.30 0.31 0.32 0.33 0.33
0.34 0.34 0.34 0.34 0.34 0.34 0.34 0.34 0.34 0.34 0.34 0.34 0.35 0.35 0.36 0.39 0.42 0.48 0.54 0.61 0.69 0.78 0.88 0.99 1.09 1.21 1.32 1.44 1.55 1.66 1.77 1.87 1.96 2.05 2.11 2.17 2.20 2.22 2.22 2.20 2.17 2.11 2.04 1.95 1.85 1.75 1.63 1.51 1.38 1.26 1.13 1.00 0.88 0.77 0.65 0.55 0.46 0.37 0.30 0.24 0.19 0.15 0.14 0.14 0.14 0.14 0.15 0.16 0.17 0.18 0.19 0.21 0.22 0.23 0.25 0.26 0.27 0.28 0.29 0.30 0.31 0.32 0.33 0.33
0.33 0.33 0.33 0.33 0.33 0.33 0.34 0.34 0.34 0.34 0.34 0.34 0.34 0.35 0.37 0.40 0.45 0.51 0.58 0.66 0.75 0.85 0.95 1.07 1.18 1.31 1.43 1.56 1.68 1.81 1.92 2.04 2.14 2.23 2.31 2.37 2.41 2.43 2.43 2.41 2.37 2.30 2.22 2.13 2.02 1.90 1.77 1.64 1.50 1.37 1.23 1.09 0.96 0.84 0.72 0.60 0.50 0.41 0.33 0.26 0.21 0.17 0.14 0.14 0.14 0.14 0.15 0.16 0.17 0.18 0.19 0.21 0.22 0.23 0.24 0.26 0.27 0.28 0.29 0.30 0.31 0.32 0.33 0.33
0.33 0.33 0.33 0.33 0.33 0.33 0.33 0.33 0.33 0.33 0.34 0.34 0.34 0.35 0.38 0.42 0.47 0.54 0.61 0.70 0.80 0.91 1.02 1.15 1.27 1.41 1.54 1.68 1.81 1.95 2.08 2.20 2.32 2.42 2.50 2.57 2.62 2.64 2.65 2.62 2.57 2.50 2.41 2.31 2.18 2.05 1.91 1.77 1.62 1.47 1.33 1.18 1.04 0.91 0.78 0.66 0.55 0.45 0.36 0.28 0.22 0.18 0.15 0.14 0.14 0.15 0.15 0.16 0.17 0.18 0.19 0.20 0.22 0.23 0.24 0.26 0.27 0.28 0.29 0.30 0.31 0.32 0.33 0.33
0.32 0.32 0.32 0.32 0.32 0.32 0.33 0.33 0.33 0.33 0.33 0.33 0.34 0.35 0.38 0.43 0.49 0.56 0.65 0.74 0.85 0.97 1.09 1.22 1.36 1.50 1.65 1.79 1.94 2.09 2.23 2.37 2.49 2.61 2.70 2.78 2.84 2.87 2.87 2.84 2.78 2.70 2.60 2.48 2.35 2.21 2.05 1.90 1.74 1.58 1.42 1.27 1.12 0.97 0.84 0.71 0.59 0.48 0.39 0.31 0.24 0.19 0.16 0.14 0.14 0.15 0.15 0.16 0.17 0.18 0.19 0.20 0.22 0.23 0.24 0.25 0.27 0.28 0.29 0.30 0.31 0.32 0.33 0.33
0.32 0.32 0.32 0.32 0.32 0.32 0.32 0.32 0.32 0.32 0.33 0.33 0.33 0.36 0.39 0.45 0.51 0.59 0.68 0.79 0.90 1.02 1.15 1.29 1.44 1.59 1.75 1.90 2.06 2.22 2.38 2.53 2.67 2.79 2.90 2.99 3.06 3.09 3.09 3.06 3.00 2.91 2.79 2.66 2.51 2.35 2.19 2.02 1.85 1.68 1.51 1.35 1.19 1.03 0.89 0.76 0.63 0.52 0.42 0.33 0.26 0.21 0.17 0.15 0.14 0.15 0.15 0.16 0.17 0.18 0.19 0.20 0.22 0.23 0.24 0.25 0.27 0.28 0.29 0.30 0.31 0.32 0.33 0.33
0.31 0.31 0.31 0.31 0.31 0.31 0.31 0.31 0.32 0.32 0.32 0.32 0.33 0.36 0.40 0.46 0.53 0.62 0.71 0.82 0.94 1.07 1.21 1.36 1.51 1.67 1.84 2.01 2.18 2.35 2.52 2.68 2.83 2.98 3.10 3.21 3.28 3.32 3.32 3.28 3.21 3.11 2.98 2.83 2.66 2.49 2.31 2.13 1.95 1.77 1.59 1.42 1.25 1.09 0.94 0.80 0.67 0.55 0.45 0.35 0.28 0.22 0.17 0.15 0.14 0.15 0.15 0.16 0.17 0.18 0.19 0.20 0.22 0.23 0.24 0.25 0.27 0.28 0.29 0.30 0.31 0.32 0.33 0.33
0.30 0.30 0.30 0.30 0.30 0.30 0.31 0.31 0.31 0.31 0.32 0.32 0.33 0.36 0.41 0.47 0.55 0.64 0.74 0.85 0.98 1.12 1.26 1.42 1.58 1.75 1.92 2.10 2.28 2.46 2.64 2.82 2.99 3.15 3.30 3.42 3.51 3.55 3.56 3.51 3.42 3.30 3.15 2.99 2.81 2.62 2.43 2.24 2.04 1.85 1.67 1.48 1.31 1.14 0.99 0.84 0.70 0.58 0.47 0.37 0.29 0.23 0.18 0.15 0.14 0.15 0.15 0.16 0.17 0.18 0.19 0.20 0.21 0.23 0.24 0.25 0.27 0.28 0.29 0.30 0.31 0.32 0.33 0.33
0.30 0.30 0.30 0.30 0.30 0.30 0.30 0.30 0.30 0.31 0.31 0.31 0.33 0.36 0.41 0.48 0.56 0.65 0.76 0.88 1.01 1.15 1.31 1.47 1.63 1.81 1.99 2.18 2.37 2.56 2.76 2.95 3.14 3.32 3.48 3.62 3.73 3.79 3.79 3.74 3.63 3.49 3.32 3.13 2.94 2.73 2.53 2.33 2.12 1.92 1.73 1.54 1.36 1.19 1.02 0.87 0.73 0.60 0.49 0.39 0.30 0.24 0.19 0.15 0.14 0.14 0.15 0.16 0.17 0.18 0.19 0.20 0.21 0.23 0.24 0.25 0.27 0.28 0.29 0.30 0.31 0.32 0.33 0.33
0.29 0.29 0.29 0.29 0.29 0.29 0.29 0.29 0.30 0.30 0.30 0.31 0.33 0.36 0.42 0.49 0.57 0.67 0.78 0.90 1.04 1.18 1.34 1.50 1.68 1.86 2.05 2.24 2.44 2.65 2.85 3.06 3.26 3.46 3.65 3.82 3.95 4.03 4.03 3.96 3.83 3.66 3.46 3.26 3.05 2.83 2.61 2.40 2.19 1.98 1.78 1.59 1.40 1.22 1.05 0.90 0.75 0.62 0.50 0.40 0.31 0.24 0.19 0.16 0.14 0.14 0.15 0.16 0.17 0.18 0.19 0.20 0.21 0.23 0.24 0.25 0.27 0.28 0.29 0.30 0.31 0.32 0.33 0.33
0.28 0.28 0.28 0.28 0.28 0.28 0.28 0.29 0.29 0.29 0.30 0.30 0.32 0.36 0.42 0.49 0.58 0.68 0.79 0.92 1.06 1.20 1.36 1.53 1.71 1.90 2.09 2.29 2.50 2.71 2.92 3.14 3.36 3.58 3.79 3.99 4.16 4.26 4.27 4.17 4.00 3.80 3.58 3.36 3.13 2.90 2.68 2.45 2.24 2.02 1.82 1.62 1.43 1.25 1.08 0.92 0.77 0.64 0.51 0.41 0.32 0.25 0.19 0.16 0.14 0.14 0.15 0.16 0.17 0.18 0.19 0.20 0.21 0.23 0.24 0.25 0.27 0.28 0.29 0.30 0.31 0.32 0.33 0.33
0.27 0.27 0.27 0.27 0.27 0.27 0.27 0.28 0.28 0.28 0.29 0.30 0.32 0.36 0.42 0.49 0.58 0.68 0.80 0.93 1.07 1.22 1.38 1.55 1.73 1.92 2.12 2.32 2.53 2.75 2.97 3.19 3.42 3.65 3.89 4.11 4.33 4.49 4.50 4.34 4.13 3.90 3.66 3.42 3.18 2.95 2.72 2.49 2.27 2.05 1.84 1.64 1.45 1.26 1.09 0.93 0.78 0.64 0.52 0.41 0.32 0.25 0.19 0.15 0.14 0.14 0.15 0.15 0.17 0.18 0.19 0.20 0.22 0.23 0.24 0.25 0.27 0.28 0.29 0.30 0.31 0.32 0.33 0.33
0.26 0.26 0.26 0.26 0.26 0.26 0.26 0.27 0.27 0.27 0.28 0.29 0.31 0.36 0.41 0.49 0.58 0.68 0.80 0.93 1.07 1.22 1.38 1.56 1.74 1.93 2.13 2.33 2.54 2.76 2.99 3.21 3.45 3.68 3.92 4.17 4.41 4.65 4.68 4.43 4.18 3.93 3.69 3.45 3.20 2.97 2.73 2.50 2.28 2.06 1.85 1.65 1.45 1.27 1.10 0.93 0.78 0.64 0.52 0.41 0.32 0.24 0.19 0.15 0.13 0.14 0.14 0.15 0.16 0.18 0.19 0.20 0.22 0.23 0.24 0.26 0.27 0.28 0.29 0.30 0.31 0.32 0.33 0.33
0.25 0.25 0.25 0.25 0.25 0.25 0.25 0.26 0.26 0.27 0.27 0.28 0.31 0.35 0.41 0.48 0.57 0.67 0.79 0.92 1.06 1.21 1.38 1.55 1.73 1.92 2.12 2.32 2.53 2.75 2.97 3.20 3.43 3.66 3.90 4.13 4.35 4.52 4.53 4.36 4.14 3.90 3.67 3.43 3.19 2.95 2.72 2.49 2.27 2.05 1.84 1.64 1.45 1.27 1.09 0.93 0.78 0.64 0.52 0.41 0.31 0.24 0.18 0.15 0.13 0.13 0.14 0.15 0.16 0.18 0.19 0.20 0.22 0.23 0.24 0.26 0.27 0.28 0.29 0.30 0.31 0.32 0.33 0.33
0.24 0.23 0.23 0.23 0.24 0.24 0.24 0.24 0.25 0.26 0.26 0.27 0.30 0.34 0.40 0.47 0.56 0.66 0.78 0.91 1.05 1.20 1.36 1.53 1.71 1.90 2.09 2.30 2.50 2.72 2.93 3.15 3.37 3.59 3.81 4.01 4.18 4.30 4.30 4.19 4.02 3.81 3.59 3.37 3.14 2.91 2.68 2.46 2.24 2.03 1.82 1.62 1.43 1.25 1.08 0.92 0.77 0.63 0.51 0.40 0.31 0.23 0.17 0.14 0.12 0.13 0.14 0.15 0.17 0.18 0.19 0.21 0.22 0.23 0.25 0.26 0.27 0.28 0.29 0.30 0.31 0.32 0.33 0.33
0.22 0.22 0.22 0.22 0.22 0.22 0.23 0.23 0.24 0.24 0.25 0.26 0.29 0.33 0.38 0.46 0.55 0.65 0.76 0.89 1.03 1.17 1.33 1.50 1.68 1.86 2.05 2.25 2.45 2.66 2.86 3.07 3.28 3.48 3.67 3.84 3.98 4.06 4.06 3.98 3.85 3.67 3.48 3.27 3.06 2.84 2.62 2.41 2.20 1.99 1.79 1.59 1.41 1.23 1.06 0.90 0.75 0.62 0.49 0.39 0.29 0.22 0.16 0.13 0.12 0.13 0.14 0.15 0.17 0.18 0.19 0.21 0.22 0.23 0.25 0.26 0.27 0.28 0.29 0.30 0.31 0.32 0.33 0.33
0.21 0.21 0.21 0.21 0.21 0.21 0.21 0.22 0.23 0.23 0.24 0.25 0.27 0.31 0.37 0.44 0.53 0.62 0.74 0.86 1.00 1.14 1.30 1.46 1.63 1.81 2.00 2.19 2.38 2.57 2.77 2.97 3.16 3.34 3.51 3.65 3.76 3.82 3.82 3.76 3.65 3.51 3.34 3.15 2.95 2.75 2.54 2.34 2.13 1.93 1.74 1.55 1.37 1.19 1.03 0.87 0.73 0.60 0.48 0.37 0.28 0.20 0.15 0.12 0.12 0.13 0.14 0.16 0.17 0.18 0.20 0.21 0.22 0.24 0.25 0.26 0.27 0.28 0.29 0.30 0.31 0.32 0.33 0.33
0.20 0.19 0.19 0.19 0.19 0.20 0.20 0.21 0.21 0.22 0.23 0.24 0.26 0.30 0.35 0.42 0.50 0.60 0.71 0.83 0.96 1.10 1.25 1.41 1.58 1.75 1.93 2.11 2.29 2.48 2.66 2.84 3.01 3.18 3.33 3.45 3.54 3.59 3.59 3.54 3.45 3.32 3.17 3.00 2.82 2.64 2.44 2.25 2.06 1.86 1.68 1.50 1.32 1.15 0.99 0.84 0.70 0.58 0.46 0.36 0.27 0.19 0.14 0.12 0.12 0.13 0.15 0.16 0.17 0.19 0.20 0.21 0.23 0.24 0.25 0.26 0.28 0.29 0.30 0.31 0.31 0.32 0.33 0.33
0.18 0.18 0.18 0.18 0.18 0.18 0.19 0.19 0.20 0.21 0.22 0.23 0.25 0.28 0.33 0.40 0.48 0.57 0.67 0.79 0.92 1.05 1.20 1.35 1.51 1.67 1.84 2.02 2.19 2.36 2.53 2.70 2.86 3.00 3.13 3.24 3.31 3.35 3.35 3.31 3.23 3.13 3.00 2.84 2.68 2.51 2.33 2.15 1.97 1.78 1.61 1.43 1.27 1.11 0.95 0.81 0.68 0.55 0.44 0.34 0.26 0.19 0.15 0.13 0.13 0.14 0.15 0.17 0.18 0.19 0.20 0.22 0.23 0.24 0.26 0.27 0.28 0.29 0.30 0.31 0.31 0.32 0.33 0.33
0.17 0.16 0.16 0.16 0.16 0.17 0.17 0.18 0.19 0.20 0.21 0.22 0.24 0.27 0.31 0.38 0.45 0.54 0.64 0.75 0.87 1.00 1.14 1.28 1.44 1.59 1.75 1.91 2.08 2.24 2.40 2.55 2.69 2.82 2.93 3.02 3.09 3.12 3.12 3.09 3.02 2.93 2.81 2.68 2.53 2.37 2.20 2.04 1.87 1.70 1.53 1.36 1.20 1.05 0.91 0.77 0.64 0.53 0.42 0.33 0.26 0.20 0.15 0.14 0.14 0.15 0.16 0.17 0.19 0.20 0.21 0.22 0.24 0.25 0.26 0.27 0.28 0.29 0.30 0.31 0.32 0.32 0.33 0.33
0.16 0.15 0.14 0.14 0.14 0.15 0.16 0.17 0.18 0.19 0.20 0.21 0.23 0.25 0.30 0.35 0.42 0.50 0.60 0.70 0.82 0.94 1.07 1.21 1.36 1.50 1.65 1.81 1.96 2.11 2.25 2.39 2.52 2.63 2.73 2.81 2.87 2.89 2.89 2.86 2.81 2.73 2.62 2.50 2.37 2.22 2.07 1.92 1.76 1.60 1.44 1.29 1.14 0.99 0.86 0.73 0.61 0.50 0.40 0.32 0.25 0.20 0.16 0.15 0.15 0.16 0.17 0.18 0.19 0.20 0.22 0.23 0.24 0.25 0.26 0.27 0.28 0.29 0.30 0.31 0.32 0.32 0.33 0.33
0.15 0.14 0.13 0.12 0.13 0.14 0.15 0.16 0.17 0.18 0.19 0.21 0.22 0.24 0.28 0.33 0.39 0.47 0.56 0.66 0.76 0.88 1.00 1.13 1.27 1.41 1.55 1.69 1.83 1.97 2.10 2.22 2.34 2.44 2.53 2.60 2.65 2.67 2.67 2.65 2.60 2.53 2.43 2.33 2.20 2.07 1.93 1.79 1.64 1.49 1.35 1.20 1.06 0.93 0.80 0.68 0.57 0.47 0.38 0.31 0.25 0.20 0.17 0.16 0.17 0.17 0.18 0.19 0.20 0.21 0.22 0.23 0.25 0.26 0.27 0.28 0.29 0.29 0.30 0.31 0.32 0.32 0.33 0.34
0.14 0.13 0.12 0.11 0.12 0.13 0.14 0.15 0.16 0.18 0.19 0.20 0.21 0.23 0.26 0.31 0.36 0.43 0.51 0.61 0.71 0.82 0.93 1.05 1.18 1.31 1.44 1.57 1.70 1.83 1.95 2.06 2.16 2.26 2.33 2.40 2.44 2.46 2.46 2.44 2.39 2.33 2.25 2.15 2.04 1.92 1.79 1.66 1.53 1.39 1.25 1.12 0.99 0.86 0.75 0.63 0.53 0.44 0.36 0.29 0.24 0.20 0.18 0.18 0.18 0.19 0.19 0.20 0.21 0.22 0.23 0.24 0.25 0.26 0.27 0.28 0.29 0.30 0.30 0.31 0.32 0.33 0.33 0.34
0.13 0.12 0.11 0.11 0.11 0.12 0.13 0.14 0.16 0.17 0.18 0.19 0.21 0.22 0.25 0.28 0.34 0.40 0.47 0.56 0.65 0.75 0.86 0.97 1.09 1.21 1.33 1.45 1.57 1.68 1.79 1.89 1.99 2.07 2.14 2.19 2.23 2.25 2.25 2.23 2.19 2.13 2.06 1.97 1.88 1.77 1.65 1.53 1.41 1.28 1.16 1.03 0.91 0.80 0.69 0.59 0.49 0.41 0.34 0.28 0.24 0.21 0.19 0.19 0.19 0.20 0.20 0.21 0.22 0.23 0.24 0.25 0.26 0.27 0.27 0.28 0.29 0.30 0.31 0.31 0.32 0.33 0.33 0.34
0.13 0.12 0.11 0.11 0.11 0.12 0.13 0.14 0.15 0.16 0.18 0.19 0.20 0.22 0.23 0.27 0.31 0.37 0.43 0.51 0.59 0.69 0.79 0.89 1.00 1.11 1.22 1.33 1.44 1.54 1.64 1.73 1.82 1.89 1.95 2.00 2.03 2.05 2.05 2.03 2.00 1.95 1.88 1.80 1.71 1.62 1.51 1.40 1.29 1.17 1.06 0.95 0.84 0.73 0.63 0.54 0.46 0.38 0.32 0.27 0.23 0.21 0.20 0.20 0.21 0.21 0.22 0.22 0.23 0.24 0.24 0.25 0.26 0.27 0.28 0.29 0.30 0.30 0.31 0.32 0.32 0.33 0.33 0.34
0.13 0.12 0.12 0.11 0.12 0.12 0.13 0.14 0.15 0.16 0.17 0.19 0.20 0.21 0.23 0.25 0.29 0.34 0.39 0.46 0.54 0.62 0.71 0.81 0.91 1.01 1.11 1.21 1.31 1.40 1.49 1.57 1.65 1.71 1.77 1.81 1.84 1.86 1.86 1.84 1.81 1.76 1.71 1.64 1.56 1.47 1.37 1.27 1.17 1.07 0.96 0.86 0.76 0.67 0.58 0.49 0.42 0.36 0.30 0.26 0.23 0.22 0.21 0.22 0.22 0.22 0.23 0.23 0.24 0.24 0.25 0.26 0.27 0.28 0.28 0.29 0.30 0.31 0.31 0.32 0.33 0.33 0.34 0.34
0.13 0.12 0.12 0.11 0.12 0.12 0.13 0.14 0.15 0.16 0.17 0.18 0.20 0.21 0.22 0.24 0.27 0.31 0.36 0.42 0.49 0.56 0.64 0.73 0.82 0.91 1.00 1.09 1.18 1.27 1.35 1.42 1.49 1.55 1.59 1.63 1.66 1.67 1.67 1.66 1.63 1.59 1.54 1.47 1.40 1.32 1.24 1.15 1.05 0.96 0.87 0.77 0.69 0.60 0.52 0.45 0.39 0.33 0.29 0.25 0.23 0.23 0.23 0.23 0.23 0.23 0.24 0.24 0.25 0.25 0.26 0.27 0.27 0.28 0.29 0.30 0.30 0.31 0.32 0.32 0.33 0.33 0.34 0.34
0.13 0.12 0.12 0.12 0.12 0.12 0.13 0.13 0.14 0.16 0.17 0.18 0.19 0.21 0.22 0.23 0.25 0.29 0.33 0.38 0.44 0.51 0.58 0.65 0.73 0.82 0.90 0.98 1.06 1.14 1.21 1.27 1.33 1.38 1.43 1.46 1.48 1.49 1.49 1.48 1.46 1.42 1.37 1.32 1.25 1.18 1.11 1.03 0.94 0.86 0.78 0.69 0.61 0.54 0.47 0.41 0.36 0.31 0.28 0.25 0.24 0.24 0.24 0.24 0.24 0.24 0.25 0.25 0.26 0.26 0.27 0.27 0.28 0.29 0.29 0.30 0.31 0.31 0.32 0.33 0.33 0.34 0.34 0.34
