speedsAfterKrig/residues/output_residuos_76_2011.asc
NCOLS          173       
NROWS          329       
XLLCENTER      510425.00 
YLLCENTER      8547775.00
DX             50.00     
DY             50.00     
NODATA_VALUE   -999.00   
[rows 272 to 305 of 329, columns 77 to 153 of 173]
-2.12 -2.13 -2.15 -2.18 -2.20 -2.23 -2.26 -2.30 -2.34 -2.37 -2.41 -2.45 -2.49 -2.53 -2.56 -2.59 -2.62 -2.63 -2.64 -2.64 -2.64 -2.65 -2.67 -2.69 -2.72 -2.75 -2.78 -2.80 -2.82 -2.83 -2.85 -2.87 -2.90 -2.92 -2.94 -2.96 -2.96 -2.96 -2.95 -2.94 -2.91 -2.89 -2.86 -2.82 -2.79 -2.76 -2.73 -2.69 -2.63 -2.56 -2.48 -2.39 -2.29 -2.19 -2.09 -1.99 -1.90 -1.82 -1.75 -1.69 -1.63 -1.56 -1.49 -1.42 -1.35 -1.27 -1.20 -1.13 -1.06 -1.00 -0.97 -1.00 -1.06 -1.13 -1.21 -1.28 -1.35
-2.15 -2.17 -2.19 -2.21 -2.24 -2.27 -2.30 -2.34 -2.38 -2.42 -2.46 -2.50 -2.54 -2.58 -2.61 -2.65 -2.67 -2.69 -2.69 -2.69 -2.68 -2.66 -2.65 -2.64 -2.64 -2.64 -2.65 -2.65 -2.65 -2.67 -2.70 -2.74 -2.79 -2.83 -2.88 -2.92 -2.96 -2.99 -3.01 -3.02 -3.03 -3.04 -3.04 -3.04 -3.03 -3.02 -2.98 -2.93 -2.87 -2.78 -2.68 -2.57 -2.46 -2.34 -2.21 -2.09 -1.97 -1.86 -1.77 -1.68 -1.61 -1.54 -1.47 -1.40 -1.32 -1.25 -1.17 -1.10 -1.02 -0.94 -0.87 -0.95 -1.02 -1.10 -1.18 -1.26 -1.33
-2.17 -2.19 -2.22 -2.24 -2.27 -2.30 -2.34 -2.38 -2.42 -2.46 -2.50 -2.54 -2.58 -2.62 -2.66 -2.69 -2.72 -2.74 -2.74 -2.74 -2.73 -2.71 -2.68 -2.65 -2.62 -2.59 -2.57 -2.56 -2.57 -2.60 -2.65 -2.71 -2.77 -2.84 -2.91 -2.98 -3.05 -3.11 -3.16 -3.21 -3.25 -3.29 -3.32 -3.33 -3.33 -3.31 -3.27 -3.22 -3.13 -3.04 -2.92 -2.79 -2.66 -2.51 -2.37 -2.22 -2.08 -1.94 -1.81 -1.70 -1.60 -1.53 -1.46 -1.38 -1.31 -1.23 -1.15 -1.08 -1.01 -0.95 -0.92 -0.95 -1.02 -1.09 -1.17 -1.24 -1.32
-2.19 -2.21 -2.24 -2.27 -2.30 -2.33 -2.37 -2.40 -2.44 -2.49 -2.53 -2.57 -2.62 -2.66 -2.70 -2.73 -2.76 -2.79 -2.80 -2.79 -2.78 -2.75 -2.72 -2.68 -2.64 -2.60 -2.57 -2.56 -2.59 -2.63 -2.69 -2.77 -2.85 -2.95 -3.04 -3.14 -3.24 -3.33 -3.41 -3.49 -3.56 -3.62 -3.65 -3.67 -3.67 -3.65 -3.60 -3.53 -3.44 -3.33 -3.19 -3.05 -2.89 -2.72 -2.55 -2.38 -2.21 -2.04 -1.89 -1.75 -1.62 -1.52 -1.44 -1.37 -1.29 -1.22 -1.15 -1.08 -1.02 -0.98 -0.96 -0.98 -1.03 -1.09 -1.16 -1.24 -1.31
-2.20 -2.23 -2.25 -2.28 -2.31 -2.34 -2.38 -2.42 -2.46 -2.50 -2.54 -2.59 -2.63 -2.68 -2.72 -2.77 -2.80 -2.83 -2.85 -2.84 -2.82 -2.79 -2.76 -2.71 -2.67 -2.63 -2.62 -2.64 -2.68 -2.74 -2.82 -2.92 -3.03 -3.15 -3.27 -3.39 -3.52 -3.63 -3.74 -3.84 -3.92 -3.98 -4.02 -4.05 -4.04 -4.02 -3.96 -3.89 -3.78 -3.65 -3.50 -3.33 -3.15 -2.96 -2.76 -2.56 -2.36 -2.17 -1.99 -1.82 -1.67 -1.54 -1.44 -1.36 -1.29 -1.22 -1.15 -1.09 -1.04 -1.01 -1.00 -1.01 -1.05 -1.11 -1.17 -1.24 -1.31
-2.21 -2.23 -2.25 -2.28 -2.31 -2.34 -2.38 -2.42 -2.46 -2.50 -2.54 -2.59 -2.64 -2.69 -2.74 -2.79 -2.83 -2.87 -2.89 -2.89 -2.87 -2.83 -2.79 -2.74 -2.69 -2.67 -2.69 -2.73 -2.79 -2.88 -2.99 -3.11 -3.25 -3.39 -3.54 -3.68 -3.83 -3.97 -4.10 -4.21 -4.30 -4.38 -4.43 -4.45 -4.45 -4.42 -4.36 -4.27 -4.15 -4.00 -3.83 -3.64 -3.44 -3.22 -3.00 -2.77 -2.54 -2.32 -2.11 -1.91 -1.73 -1.58 -1.45 -1.36 -1.29 -1.22 -1.16 -1.11 -1.07 -1.04 -1.03 -1.04 -1.08 -1.12 -1.18 -1.25 -1.31
-2.20 -2.22 -2.24 -2.27 -2.30 -2.33 -2.36 -2.40 -2.44 -2.49 -2.53 -2.58 -2.63 -2.68 -2.74 -2.79 -2.85 -2.90 -2.93 -2.93 -2.89 -2.85 -2.80 -2.75 -2.72 -2.73 -2.76 -2.83 -2.92 -3.03 -3.17 -3.32 -3.48 -3.65 -3.82 -4.00 -4.17 -4.33 -4.48 -4.61 -4.72 -4.80 -4.86 -4.89 -4.89 -4.85 -4.78 -4.68 -4.54 -4.38 -4.19 -3.98 -3.75 -3.50 -3.25 -2.99 -2.73 -2.48 -2.24 -2.02 -1.82 -1.64 -1.49 -1.37 -1.29 -1.23 -1.17 -1.12 -1.09 -1.07 -1.06 -1.07 -1.10 -1.14 -1.19 -1.25 -1.32
-2.19 -2.21 -2.23 -2.25 -2.28 -2.31 -2.34 -2.38 -2.42 -2.46 -2.51 -2.56 -2.61 -2.67 -2.72 -2.78 -2.84 -2.90 -2.96 -2.94 -2.90 -2.85 -2.80 -2.77 -2.76 -2.79 -2.85 -2.94 -3.06 -3.20 -3.36 -3.53 -3.72 -3.92 -4.12 -4.32 -4.52 -4.71 -4.88 -5.03 -5.16 -5.26 -5.32 -5.36 -5.35 -5.31 -5.23 -5.12 -4.97 -4.78 -4.57 -4.33 -4.07 -3.79 -3.51 -3.22 -2.94 -2.66 -2.39 -2.14 -1.91 -1.71 -1.54 -1.40 -1.30 -1.23 -1.18 -1.14 -1.11 -1.09 -1.08 -1.09 -1.12 -1.16 -1.21 -1.26 -1.33
-2.18 -2.20 -2.21 -2.23 -2.26 -2.28 -2.32 -2.35 -2.39 -2.43 -2.48 -2.53 -2.58 -2.63 -2.69 -2.75 -2.81 -2.86 -2.91 -2.90 -2.87 -2.83 -2.79 -2.77 -2.80 -2.85 -2.94 -3.06 -3.20 -3.37 -3.55 -3.76 -3.97 -4.20 -4.43 -4.66 -4.89 -5.10 -5.30 -5.47 -5.62 -5.73 -5.81 -5.85 -5.85 -5.80 -5.71 -5.58 -5.41 -5.20 -4.96 -4.69 -4.40 -4.10 -3.79 -3.47 -3.16 -2.85 -2.56 -2.28 -2.02 -1.80 -1.60 -1.44 -1.31 -1.24 -1.19 -1.15 -1.12 -1.10 -1.10 -1.11 -1.14 -1.17 -1.22 -1.27 -1.33
-2.16 -2.17 -2.19 -2.21 -2.23 -2.25 -2.28 -2.32 -2.35 -2.39 -2.44 -2.49 -2.54 -2.59 -2.64 -2.70 -2.75 -2.80 -2.83 -2.84 -2.82 -2.79 -2.77 -2.78 -2.83 -2.91 -3.03 -3.17 -3.34 -3.54 -3.75 -3.98 -4.23 -4.49 -4.75 -5.01 -5.26 -5.51 -5.73 -5.93 -6.10 -6.23 -6.32 -6.37 -6.36 -6.31 -6.20 -6.06 -5.86 -5.63 -5.36 -5.06 -4.74 -4.41 -4.07 -3.72 -3.38 -3.04 -2.72 -2.42 -2.14 -1.89 -1.67 -1.49 -1.34 -1.25 -1.19 -1.16 -1.13 -1.11 -1.11 -1.12 -1.15 -1.18 -1.23 -1.28 -1.34
-2.13 -2.15 -2.16 -2.18 -2.19 -2.21 -2.24 -2.27 -2.31 -2.35 -2.39 -2.43 -2.48 -2.53 -2.58 -2.64 -2.68 -2.72 -2.75 -2.76 -2.75 -2.74 -2.74 -2.78 -2.86 -2.97 -3.11 -3.28 -3.48 -3.70 -3.95 -4.21 -4.48 -4.77 -5.06 -5.36 -5.64 -5.92 -6.17 -6.40 -6.60 -6.75 -6.86 -6.91 -6.90 -6.84 -6.72 -6.55 -6.33 -6.07 -5.77 -5.44 -5.09 -4.72 -4.35 -3.97 -3.60 -3.24 -2.89 -2.56 -2.26 -1.99 -1.74 -1.54 -1.38 -1.26 -1.20 -1.16 -1.14 -1.12 -1.12 -1.13 -1.16 -1.19 -1.23 -1.29 -1.35
-2.11 -2.12 -2.13 -2.14 -2.15 -2.17 -2.19 -2.22 -2.25 -2.29 -2.33 -2.37 -2.42 -2.47 -2.51 -2.56 -2.61 -2.64 -2.67 -2.68 -2.68 -2.68 -2.71 -2.78 -2.88 -3.02 -3.19 -3.39 -3.62 -3.86 -4.14 -4.43 -4.73 -5.05 -5.37 -5.70 -6.02 -6.33 -6.62 -6.88 -7.11 -7.28 -7.41 -7.47 -7.46 -7.39 -7.25 -7.06 -6.81 -6.51 -6.18 -5.82 -5.43 -5.03 -4.63 -4.22 -3.82 -3.43 -3.06 -2.71 -2.38 -2.08 -1.82 -1.60 -1.41 -1.28 -1.20 -1.16 -1.14 -1.12 -1.12 -1.14 -1.16 -1.19 -1.24 -1.29 -1.35
-2.08 -2.09 -2.09 -2.10 -2.11 -2.12 -2.14 -2.16 -2.19 -2.23 -2.26 -2.30 -2.35 -2.39 -2.44 -2.48 -2.52 -2.56 -2.58 -2.60 -2.61 -2.62 -2.68 -2.77 -2.90 -3.06 -3.26 -3.48 -3.74 -4.02 -4.31 -4.63 -4.97 -5.32 -5.67 -6.03 -6.39 -6.74 -7.07 -7.36 -7.62 -7.83 -7.97 -8.05 -8.04 -7.95 -7.79 -7.57 -7.28 -6.95 -6.58 -6.18 -5.76 -5.33 -4.89 -4.46 -4.03 -3.62 -3.22 -2.84 -2.50 -2.18 -1.89 -1.65 -1.45 -1.30 -1.20 -1.16 -1.13 -1.12 -1.12 -1.14 -1.16 -1.20 -1.24 -1.29 -1.35
-2.04 -2.05 -2.05 -2.06 -2.06 -2.07 -2.08 -2.10 -2.13 -2.16 -2.19 -2.23 -2.27 -2.31 -2.36 -2.40 -2.44 -2.47 -2.50 -2.52 -2.53 -2.57 -2.64 -2.76 -2.91 -3.10 -3.32 -3.57 -3.85 -4.15 -4.48 -4.82 -5.19 -5.57 -5.96 -6.35 -6.75 -7.13 -7.50 -7.84 -8.14 -8.38 -8.55 -8.64 -8.63 -8.53 -8.34 -8.08 -7.75 -7.38 -6.97 -6.53 -6.08 -5.61 -5.15 -4.68 -4.23 -3.79 -3.37 -2.97 -2.60 -2.27 -1.97 -1.70 -1.49 -1.32 -1.21 -1.15 -1.12 -1.11 -1.11 -1.13 -1.16 -1.19 -1.24 -1.29 -1.35
-2.01 -2.01 -2.01 -2.01 -2.01 -2.01 -2.02 -2.03 -2.06 -2.08 -2.11 -2.15 -2.19 -2.23 -2.27 -2.31 -2.35 -2.38 -2.41 -2.43 -2.46 -2.51 -2.61 -2.74 -2.91 -3.12 -3.36 -3.64 -3.94 -4.27 -4.62 -4.99 -5.38 -5.79 -6.21 -6.64 -7.08 -7.50 -7.92 -8.31 -8.65 -8.94 -9.14 -9.25 -9.24 -9.11 -8.89 -8.58 -8.21 -7.79 -7.34 -6.86 -6.37 -5.87 -5.38 -4.89 -4.41 -3.95 -3.51 -3.09 -2.70 -2.35 -2.03 -1.75 -1.52 -1.34 -1.21 -1.14 -1.11 -1.10 -1.10 -1.12 -1.15 -1.19 -1.24 -1.29 -1.36
-1.98 -1.97 -1.97 -1.97 -1.96 -1.96 -1.96 -1.96 -1.98 -2.00 -2.03 -2.06 -2.10 -2.14 -2.18 -2.22 -2.26 -2.29 -2.32 -2.35 -2.38 -2.45 -2.56 -2.72 -2.91 -3.14 -3.40 -3.69 -4.01 -4.37 -4.74 -5.14 -5.55 -5.99 -6.44 -6.90 -7.37 -7.84 -8.30 -8.74 -9.14 -9.48 -9.73 -9.86 -9.85 -9.70 -9.43 -9.06 -8.64 -8.16 -7.67 -7.15 -6.63 -6.10 -5.58 -5.06 -4.57 -4.08 -3.63 -3.19 -2.79 -2.42 -2.09 -1.79 -1.55 -1.35 -1.21 -1.12 -1.09 -1.08 -1.09 -1.11 -1.14 -1.18 -1.23 -1.29 -1.36
-1.94 -1.93 -1.93 -1.92 -1.91 -1.90 -1.89 -1.89 -1.90 -1.92 -1.95 -1.98 -2.01 -2.05 -2.09 -2.13 -2.17 -2.20 -2.24 -2.27 -2.31 -2.39 -2.52 -2.69 -2.89 -3.14 -3.42 -3.73 -4.07 -4.44 -4.83 -5.25 -5.69 -6.15 -6.63 -7.12 -7.62 -8.13 -8.64 -9.14 -9.60 -10.01 -10.32 -10.49 -10.47 -10.28 -9.94 -9.51 -9.02 -8.49 -7.95 -7.40 -6.84 -6.29 -5.75 -5.21 -4.70 -4.20 -3.72 -3.28 -2.86 -2.48 -2.13 -1.83 -1.57 -1.36 -1.20 -1.11 -1.07 -1.06 -1.07 -1.09 -1.12 -1.17 -1.23 -1.29 -1.36
-1.91 -1.90 -1.88 -1.87 -1.85 -1.83 -1.82 -1.81 -1.82 -1.83 -1.85 -1.88 -1.91 -1.95 -1.99 -2.03 -2.08 -2.12 -2.15 -2.19 -2.24 -2.33 -2.47 -2.65 -2.87 -3.13 -3.42 -3.74 -4.10 -4.49 -4.90 -5.33 -5.79 -6.27 -6.77 -7.29 -7.82 -8.36 -8.91 -9.46 -9.99 -10.48 -10.89 -11.12 -11.09 -10.82 -10.40 -9.89 -9.33 -8.76 -8.17 -7.59 -7.01 -6.44 -5.87 -5.32 -4.79 -4.28 -3.80 -3.34 -2.92 -2.52 -2.17 -1.85 -1.58 -1.36 -1.20 -1.09 -1.04 -1.03 -1.04 -1.07 -1.11 -1.16 -1.22 -1.29 -1.36
-1.88 -1.86 -1.84 -1.81 -1.79 -1.76 -1.74 -1.73 -1.73 -1.74 -1.75 -1.78 -1.81 -1.85 -1.89 -1.93 -1.98 -2.02 -2.07 -2.11 -2.16 -2.27 -2.42 -2.61 -2.84 -3.10 -3.41 -3.74 -4.11 -4.51 -4.93 -5.38 -5.85 -6.35 -6.86 -7.40 -7.95 -8.52 -9.10 -9.69 -10.28 -10.86 -11.38 -11.74 -11.70 -11.30 -10.76 -10.16 -9.55 -8.94 -8.32 -7.71 -7.12 -6.53 -5.96 -5.40 -4.86 -4.34 -3.85 -3.39 -2.95 -2.55 -2.19 -1.87 -1.59 -1.36 -1.19 -1.07 -1.01 -1.00 -1.01 -1.04 -1.09 -1.15 -1.22 -1.29 -1.36
-1.85 -1.82 -1.79 -1.76 -1.72 -1.69 -1.66 -1.64 -1.63 -1.63 -1.65 -1.67 -1.70 -1.74 -1.79 -1.83 -1.88 -1.93 -1.98 -2.02 -2.09 -2.20 -2.36 -2.56 -2.79 -3.07 -3.38 -3.72 -4.09 -4.50 -4.93 -5.39 -5.87 -6.37 -6.90 -7.44 -8.00 -8.59 -9.19 -9.80 -10.43 -11.06 -11.69 -12.29 -12.19 -11.58 -10.94 -10.30 -9.66 -9.02 -8.39 -7.77 -7.16 -6.57 -5.99 -5.43 -4.89 -4.37 -3.88 -3.41 -2.97 -2.57 -2.21 -1.88 -1.60 -1.36 -1.18 -1.05 -0.98 -0.96 -0.98 -1.02 -1.08 -1.15 -1.22 -1.29 -1.37
-1.81 -1.78 -1.74 -1.70 -1.66 -1.61 -1.58 -1.55 -1.53 -1.53 -1.54 -1.56 -1.59 -1.63 -1.68 -1.73 -1.78 -1.84 -1.89 -1.94 -2.01 -2.13 -2.29 -2.50 -2.74 -3.02 -3.33 -3.68 -4.06 -4.46 -4.90 -5.36 -5.84 -6.35 -6.87 -7.42 -7.98 -8.56 -9.16 -9.77 -10.39 -11.01 -11.61 -12.10 -12.03 -11.50 -10.89 -10.26 -9.63 -9.00 -8.37 -7.75 -7.15 -6.55 -5.98 -5.42 -4.88 -4.36 -3.87 -3.41 -2.98 -2.58 -2.21 -1.89 -1.60 -1.36 -1.17 -1.03 -0.95 -0.92 -0.95 -1.01 -1.08 -1.15 -1.23 -1.31 -1.38
-1.78 -1.74 -1.69 -1.64 -1.59 -1.54 -1.49 -1.45 -1.42 -1.41 -1.42 -1.44 -1.48 -1.52 -1.57 -1.63 -1.68 -1.74 -1.80 -1.86 -1.93 -2.05 -2.22 -2.43 -2.67 -2.95 -3.27 -3.62 -3.99 -4.40 -4.84 -5.29 -5.78 -6.28 -6.79 -7.33 -7.88 -8.45 -9.03 -9.61 -10.18 -10.73 -11.20 -11.49 -11.46 -11.12 -10.63 -10.07 -9.47 -8.87 -8.26 -7.66 -7.07 -6.48 -5.92 -5.37 -4.84 -4.33 -3.84 -3.39 -2.96 -2.57 -2.21 -1.89 -1.61 -1.37 -1.18 -1.04 -0.95 -0.87 -0.94 -1.02 -1.10 -1.17 -1.25 -1.32 -1.40
-1.75 -1.70 -1.64 -1.58 -1.52 -1.46 -1.40 -1.35 -1.32 -1.30 -1.30 -1.32 -1.36 -1.41 -1.46 -1.52 -1.59 -1.65 -1.72 -1.78 -1.85 -1.98 -2.14 -2.35 -2.60 -2.88 -3.19 -3.54 -3.91 -4.31 -4.74 -5.19 -5.67 -6.16 -6.66 -7.18 -7.71 -8.26 -8.80 -9.34 -9.85 -10.30 -10.67 -10.87 -10.85 -10.61 -10.22 -9.74 -9.21 -8.65 -8.08 -7.50 -6.93 -6.37 -5.81 -5.28 -4.76 -4.26 -3.79 -3.34 -2.93 -2.54 -2.19 -1.88 -1.61 -1.38 -1.20 -1.07 -1.00 -0.97 -1.00 -1.06 -1.13 -1.20 -1.27 -1.35 -1.42
-1.72 -1.66 -1.59 -1.53 -1.46 -1.38 -1.32 -1.26 -1.21 -1.18 -1.18 -1.20 -1.24 -1.30 -1.36 -1.43 -1.50 -1.57 -1.63 -1.70 -1.78 -1.90 -2.06 -2.27 -2.51 -2.79 -3.10 -3.44 -3.81 -4.20 -4.62 -5.06 -5.52 -6.00 -6.48 -6.98 -7.49 -7.99 -8.50 -8.98 -9.42 -9.80 -10.09 -10.24 -10.22 -10.05 -9.74 -9.33 -8.86 -8.35 -7.82 -7.28 -6.74 -6.20 -5.67 -5.15 -4.65 -4.17 -3.71 -3.28 -2.88 -2.51 -2.17 -1.87 -1.62 -1.40 -1.24 -1.13 -1.08 -1.06 -1.07 -1.12 -1.18 -1.24 -1.31 -1.38 -1.44
-1.70 -1.63 -1.55 -1.48 -1.40 -1.31 -1.24 -1.16 -1.11 -1.06 -1.05 -1.08 -1.13 -1.19 -1.26 -1.34 -1.41 -1.49 -1.56 -1.63 -1.71 -1.82 -1.98 -2.18 -2.42 -2.69 -2.99 -3.33 -3.69 -4.07 -4.48 -4.90 -5.34 -5.80 -6.26 -6.73 -7.21 -7.68 -8.13 -8.56 -8.95 -9.27 -9.50 -9.62 -9.60 -9.47 -9.21 -8.87 -8.46 -8.00 -7.52 -7.02 -6.51 -6.00 -5.49 -5.00 -4.52 -4.05 -3.61 -3.20 -2.81 -2.46 -2.14 -1.86 -1.62 -1.43 -1.28 -1.19 -1.15 -1.14 -1.15 -1.19 -1.23 -1.29 -1.35 -1.41 -1.47
-1.67 -1.60 -1.52 -1.43 -1.34 -1.25 -1.17 -1.08 -1.01 -0.95 -0.93 -0.96 -1.03 -1.10 -1.18 -1.26 -1.33 -1.41 -1.49 -1.56 -1.64 -1.75 -1.90 -2.09 -2.32 -2.58 -2.88 -3.20 -3.55 -3.92 -4.31 -4.72 -5.14 -5.57 -6.01 -6.45 -6.89 -7.32 -7.73 -8.11 -8.44 -8.72 -8.91 -9.00 -8.99 -8.88 -8.67 -8.38 -8.02 -7.61 -7.17 -6.71 -6.24 -5.76 -5.28 -4.82 -4.36 -3.92 -3.50 -3.11 -2.74 -2.41 -2.11 -1.84 -1.62 -1.45 -1.32 -1.26 -1.23 -1.22 -1.23 -1.25 -1.29 -1.34 -1.39 -1.45 -1.50
-1.65 -1.57 -1.48 -1.39 -1.30 -1.20 -1.11 -1.02 -0.94 -0.87 -0.80 -0.87 -0.95 -1.03 -1.11 -1.19 -1.27 -1.35 -1.43 -1.51 -1.58 -1.68 -1.82 -2.00 -2.22 -2.47 -2.76 -3.07 -3.40 -3.76 -4.13 -4.51 -4.91 -5.32 -5.73 -6.14 -6.54 -6.93 -7.30 -7.63 -7.93 -8.16 -8.32 -8.40 -8.39 -8.30 -8.12 -7.87 -7.55 -7.19 -6.80 -6.38 -5.94 -5.50 -5.05 -4.61 -4.19 -3.77 -3.38 -3.01 -2.66 -2.35 -2.07 -1.83 -1.63 -1.47 -1.37 -1.32 -1.30 -1.29 -1.30 -1.32 -1.35 -1.39 -1.44 -1.49 -1.54
-1.63 -1.55 -1.46 -1.36 -1.26 -1.16 -1.07 -0.98 -0.90 -0.84 -0.81 -0.84 -0.90 -0.97 -1.05 -1.13 -1.21 -1.29 -1.38 -1.46 -1.53 -1.62 -1.75 -1.92 -2.13 -2.36 -2.63 -2.93 -3.24 -3.58 -3.93 -4.30 -4.67 -5.05 -5.43 -5.80 -6.17 -6.52 -6.85 -7.15 -7.41 -7.61 -7.75 -7.81 -7.81 -7.73 -7.58 -7.36 -7.08 -6.76 -6.41 -6.02 -5.62 -5.22 -4.81 -4.40 -4.00 -3.61 -3.25 -2.90 -2.58 -2.29 -2.03 -1.81 -1.64 -1.50 -1.42 -1.39 -1.37 -1.36 -1.37 -1.39 -1.41 -1.45 -1.49 -1.53 -1.58
-1.62 -1.53 -1.44 -1.34 -1.24 -1.14 -1.05 -0.96 -0.89 -0.84 -0.82 -0.84 -0.88 -0.94 -1.01 -1.09 -1.17 -1.25 -1.33 -1.41 -1.49 -1.58 -1.69 -1.84 -2.03 -2.25 -2.51 -2.78 -3.08 -3.40 -3.73 -4.07 -4.42 -4.77 -5.12 -5.46 -5.79 -6.11 -6.40 -6.67 -6.89 -7.07 -7.19 -7.24 -7.24 -7.17 -7.04 -6.85 -6.61 -6.32 -6.00 -5.66 -5.30 -4.92 -4.55 -4.17 -3.80 -3.45 -3.11 -2.79 -2.49 -2.23 -2.00 -1.80 -1.65 -1.54 -1.48 -1.45 -1.44 -1.43 -1.44 -1.45 -1.47 -1.50 -1.54 -1.58 -1.62
-1.60 -1.51 -1.42 -1.32 -1.22 -1.12 -1.03 -0.95 -0.89 -0.85 -0.83 -0.84 -0.87 -0.92 -0.99 -1.06 -1.14 -1.22 -1.30 -1.38 -1.46 -1.54 -1.64 -1.78 -1.95 -2.15 -2.38 -2.64 -2.92 -3.22 -3.53 -3.84 -4.16 -4.48 -4.80 -5.11 -5.41 -5.69 -5.95 -6.19 -6.38 -6.54 -6.64 -6.69 -6.69 -6.63 -6.51 -6.35 -6.14 -5.89 -5.60 -5.29 -4.96 -4.63 -4.28 -3.94 -3.60 -3.27 -2.96 -2.67 -2.41 -2.17 -1.96 -1.79 -1.66 -1.58 -1.54 -1.52 -1.50 -1.50 -1.50 -1.52 -1.54 -1.56 -1.59 -1.63 -1.67
-1.59 -1.50 -1.40 -1.30 -1.20 -1.11 -1.02 -0.95 -0.89 -0.86 -0.84 -0.85 -0.87 -0.92 -0.97 -1.04 -1.11 -1.19 -1.27 -1.36 -1.44 -1.52 -1.60 -1.72 -1.87 -2.06 -2.27 -2.51 -2.76 -3.03 -3.32 -3.61 -3.90 -4.19 -4.48 -4.76 -5.02 -5.28 -5.51 -5.72 -5.89 -6.03 -6.12 -6.16 -6.16 -6.10 -6.00 -5.86 -5.68 -5.45 -5.20 -4.93 -4.63 -4.33 -4.01 -3.70 -3.40 -3.10 -2.82 -2.56 -2.32 -2.11 -1.93 -1.79 -1.68 -1.62 -1.60 -1.58 -1.57 -1.57 -1.57 -1.58 -1.60 -1.62 -1.65 -1.68 -1.71
-1.58 -1.49 -1.39 -1.29 -1.19 -1.10 -1.02 -0.95 -0.90 -0.87 -0.85 -0.85 -0.87 -0.91 -0.96 -1.03 -1.10 -1.18 -1.26 -1.34 -1.42 -1.50 -1.58 -1.68 -1.81 -1.98 -2.17 -2.38 -2.61 -2.86 -3.11 -3.38 -3.64 -3.91 -4.16 -4.41 -4.65 -4.88 -5.08 -5.26 -5.42 -5.53 -5.61 -5.65 -5.65 -5.60 -5.52 -5.39 -5.23 -5.03 -4.81 -4.56 -4.30 -4.03 -3.75 -3.47 -3.19 -2.93 -2.68 -2.45 -2.24 -2.06 -1.91 -1.79 -1.71 -1.68 -1.66 -1.64 -1.63 -1.63 -1.63 -1.64 -1.66 -1.68 -1.70 -1.73 -1.76
-1.58 -1.48 -1.38 -1.28 -1.19 -1.10 -1.02 -0.96 -0.91 -0.87 -0.86 -0.86 -0.88 -0.91 -0.96 -1.02 -1.09 -1.17 -1.25 -1.33 -1.41 -1.50 -1.58 -1.66 -1.77 -1.91 -2.07 -2.26 -2.47 -2.69 -2.92 -3.16 -3.39 -3.63 -3.86 -4.08 -4.29 -4.49 -4.67 -4.83 -4.96 -5.07 -5.14 -5.17 -5.17 -5.12 -5.05 -4.94 -4.79 -4.62 -4.42 -4.21 -3.97 -3.73 -3.48 -3.23 -2.99 -2.76 -2.54 -2.34 -2.16 -2.01 -1.89 -1.80 -1.75 -1.73 -1.71 -1.70 -1.69 -1.69 -1.69 -1.70 -1.71 -1.73 -1.75 -1.78 -1.80
-1.57 -1.48 -1.38 -1.28 -1.18 -1.10 -1.02 -0.96 -0.91 -0.88 -0.86 -0.86 -0.88 -0.91 -0.96 -1.02 -1.09 -1.16 -1.24 -1.32 -1.41 -1.49 -1.57 -1.65 -1.74 -1.85 -1.99 -2.15 -2.33 -2.53 -2.73 -2.94 -3.15 -3.36 -3.56 -3.76 -3.94 -4.12 -4.28 -4.42 -4.53 -4.62 -4.68 -4.71 -4.71 -4.67 -4.60 -4.50 -4.37 -4.22 -4.05 -3.86 -3.65 -3.44 -3.22 -3.01 -2.79 -2.59 -2.41 -2.24 -2.09 -1.97 -1.88 -1.82 -1.80 -1.78 -1.77 -1.76 -1.75 -1.75 -1.75 -1.76 -1.77 -1.78 -1.80 -1.82 -1.85
