speedsAfterKrig/residues/output_residuos_76_2011.asc
NCOLS          173       
NROWS          329       
XLLCENTER      510425.00 
YLLCENTER      8547775.00
DX             50.00     
DY             50.00     
NODATA_VALUE   -999.00   
[rows 34 to 67 of 329, columns 0 to 76 of 173]
-1.63 -1.57 -1.50 -1.44 -1.37 -1.31 -1.25 -1.20 -1.15 -1.11 -1.09 -1.09 -1.11 -1.14 -1.19 -1.25 -1.31 -1.36 -1.42 -1.47 -1.51 -1.55 -1.59 -1.62 -1.64 -1.66 -1.66 -1.65 -1.64 -1.61 -1.58 -1.54 -1.50 -1.45 -1.40 -1.34 -1.29 -1.25 -1.21 -1.18 -1.15 -1.14 -1.13 -1.13 -1.14 -1.15 -1.17 -1.20 -1.23 -1.26 -1.30 -1.34 -1.38 -1.41 -1.43 -1.45 -1.46 -1.46 -1.46 -1.45 -1.43 -1.41 -1.39 -1.36 -1.34 -1.31 -1.28 -1.25 -1.21 -1.18 -1.14 -1.11 -1.08 -1.07 -1.06 -1.08 -1.11
-1.61 -1.54 -1.47 -1.40 -1.33 -1.26 -1.20 -1.14 -1.08 -1.04 -1.01 -1.01 -1.03 -1.07 -1.13 -1.20 -1.26 -1.33 -1.39 -1.45 -1.50 -1.55 -1.59 -1.62 -1.65 -1.67 -1.67 -1.67 -1.65 -1.63 -1.60 -1.57 -1.53 -1.48 -1.43 -1.37 -1.32 -1.27 -1.23 -1.19 -1.16 -1.14 -1.12 -1.12 -1.12 -1.13 -1.15 -1.17 -1.21 -1.24 -1.28 -1.33 -1.37 -1.41 -1.44 -1.46 -1.48 -1.48 -1.48 -1.48 -1.47 -1.45 -1.43 -1.41 -1.39 -1.36 -1.34 -1.31 -1.28 -1.24 -1.21 -1.19 -1.17 -1.15 -1.15 -1.17 -1.20
-1.59 -1.52 -1.45 -1.38 -1.30 -1.23 -1.15 -1.08 -1.02 -0.97 -0.94 -0.93 -0.95 -1.01 -1.08 -1.16 -1.23 -1.30 -1.37 -1.43 -1.49 -1.54 -1.59 -1.63 -1.66 -1.68 -1.69 -1.69 -1.68 -1.66 -1.63 -1.60 -1.56 -1.51 -1.46 -1.40 -1.34 -1.29 -1.25 -1.20 -1.17 -1.14 -1.12 -1.10 -1.10 -1.11 -1.12 -1.15 -1.18 -1.22 -1.27 -1.32 -1.36 -1.41 -1.44 -1.47 -1.49 -1.50 -1.51 -1.51 -1.50 -1.49 -1.47 -1.46 -1.44 -1.41 -1.39 -1.37 -1.34 -1.31 -1.28 -1.26 -1.24 -1.24 -1.24 -1.26 -1.28
-1.58 -1.51 -1.43 -1.36 -1.28 -1.20 -1.12 -1.04 -0.97 -0.91 -0.88 -0.87 -0.91 -0.97 -1.05 -1.13 -1.21 -1.29 -1.36 -1.43 -1.49 -1.55 -1.60 -1.64 -1.67 -1.69 -1.71 -1.71 -1.70 -1.68 -1.66 -1.62 -1.58 -1.54 -1.48 -1.43 -1.37 -1.32 -1.26 -1.22 -1.17 -1.14 -1.11 -1.09 -1.08 -1.08 -1.09 -1.12 -1.16 -1.20 -1.25 -1.30 -1.36 -1.41 -1.45 -1.48 -1.51 -1.52 -1.53 -1.53 -1.53 -1.52 -1.51 -1.49 -1.48 -1.46 -1.44 -1.42 -1.40 -1.37 -1.35 -1.33 -1.32 -1.31 -1.32 -1.33 -1.36
-1.57 -1.50 -1.42 -1.35 -1.27 -1.18 -1.10 -1.02 -0.94 -0.87 -0.82 -0.84 -0.89 -0.96 -1.04 -1.12 -1.20 -1.28 -1.36 -1.43 -1.49 -1.55 -1.61 -1.65 -1.69 -1.71 -1.73 -1.73 -1.72 -1.71 -1.69 -1.65 -1.61 -1.57 -1.51 -1.46 -1.40 -1.34 -1.28 -1.23 -1.18 -1.14 -1.10 -1.07 -1.05 -1.05 -1.06 -1.08 -1.13 -1.18 -1.23 -1.29 -1.35 -1.41 -1.45 -1.49 -1.52 -1.54 -1.55 -1.55 -1.55 -1.55 -1.54 -1.53 -1.52 -1.50 -1.48 -1.47 -1.45 -1.43 -1.41 -1.39 -1.38 -1.38 -1.39 -1.40 -1.43
-1.57 -1.50 -1.42 -1.35 -1.27 -1.18 -1.10 -1.02 -0.94 -0.85 -0.77 -0.83 -0.90 -0.97 -1.04 -1.12 -1.20 -1.28 -1.36 -1.44 -1.50 -1.57 -1.62 -1.67 -1.71 -1.73 -1.75 -1.76 -1.75 -1.74 -1.71 -1.68 -1.65 -1.60 -1.55 -1.49 -1.42 -1.36 -1.30 -1.25 -1.19 -1.14 -1.10 -1.06 -1.03 -1.01 -1.02 -1.05 -1.09 -1.15 -1.22 -1.28 -1.35 -1.41 -1.46 -1.50 -1.53 -1.55 -1.56 -1.57 -1.57 -1.57 -1.57 -1.56 -1.55 -1.54 -1.52 -1.51 -1.49 -1.48 -1.46 -1.45 -1.44 -1.44 -1.45 -1.46 -1.49
-1.58 -1.51 -1.43 -1.36 -1.28 -1.20 -1.12 -1.04 -0.96 -0.90 -0.86 -0.88 -0.93 -1.00 -1.07 -1.14 -1.22 -1.30 -1.37 -1.45 -1.52 -1.58 -1.64 -1.69 -1.73 -1.76 -1.77 -1.78 -1.78 -1.77 -1.75 -1.72 -1.68 -1.63 -1.58 -1.52 -1.45 -1.39 -1.33 -1.27 -1.21 -1.15 -1.10 -1.05 -1.00 -0.97 -0.97 -1.00 -1.06 -1.13 -1.21 -1.28 -1.35 -1.41 -1.46 -1.50 -1.53 -1.55 -1.57 -1.58 -1.59 -1.59 -1.59 -1.58 -1.57 -1.57 -1.55 -1.54 -1.53 -1.52 -1.50 -1.49 -1.49 -1.49 -1.50 -1.51 -1.54
-1.58 -1.51 -1.44 -1.37 -1.29 -1.22 -1.15 -1.08 -1.02 -0.97 -0.94 -0.95 -0.99 -1.05 -1.11 -1.18 -1.25 -1.32 -1.40 -1.47 -1.54 -1.60 -1.66 -1.71 -1.75 -1.78 -1.80 -1.81 -1.81 -1.80 -1.78 -1.75 -1.71 -1.66 -1.61 -1.55 -1.48 -1.42 -1.36 -1.29 -1.23 -1.17 -1.11 -1.05 -0.99 -0.94 -0.92 -0.97 -1.04 -1.12 -1.20 -1.28 -1.35 -1.41 -1.46 -1.50 -1.53 -1.56 -1.58 -1.59 -1.60 -1.60 -1.60 -1.60 -1.60 -1.59 -1.58 -1.57 -1.56 -1.55 -1.54 -1.53 -1.53 -1.53 -1.54 -1.56 -1.58
-1.59 -1.52 -1.45 -1.38 -1.31 -1.25 -1.18 -1.12 -1.08 -1.04 -1.03 -1.03 -1.06 -1.11 -1.16 -1.22 -1.29 -1.36 -1.43 -1.49 -1.56 -1.63 -1.69 -1.74 -1.78 -1.81 -1.83 -1.84 -1.84 -1.83 -1.81 -1.78 -1.74 -1.70 -1.64 -1.58 -1.52 -1.45 -1.39 -1.32 -1.26 -1.19 -1.13 -1.06 -1.00 -0.94 -0.87 -0.96 -1.04 -1.12 -1.21 -1.28 -1.35 -1.41 -1.46 -1.50 -1.53 -1.56 -1.58 -1.60 -1.61 -1.61 -1.61 -1.61 -1.61 -1.60 -1.60 -1.59 -1.58 -1.57 -1.57 -1.56 -1.56 -1.56 -1.57 -1.59 -1.61
-1.59 -1.53 -1.46 -1.40 -1.33 -1.27 -1.22 -1.17 -1.13 -1.11 -1.10 -1.11 -1.14 -1.18 -1.22 -1.28 -1.34 -1.40 -1.46 -1.53 -1.59 -1.65 -1.71 -1.76 -1.81 -1.84 -1.86 -1.87 -1.87 -1.86 -1.84 -1.81 -1.77 -1.73 -1.67 -1.61 -1.55 -1.49 -1.42 -1.36 -1.29 -1.23 -1.17 -1.10 -1.04 -0.99 -0.97 -1.00 -1.07 -1.15 -1.22 -1.29 -1.35 -1.41 -1.46 -1.50 -1.53 -1.56 -1.58 -1.60 -1.61 -1.62 -1.62 -1.62 -1.62 -1.61 -1.61 -1.60 -1.59 -1.59 -1.58 -1.58 -1.58 -1.58 -1.59 -1.61 -1.63
-1.59 -1.53 -1.47 -1.41 -1.35 -1.30 -1.25 -1.21 -1.18 -1.17 -1.17 -1.18 -1.21 -1.25 -1.29 -1.34 -1.40 -1.46 -1.51 -1.57 -1.63 -1.69 -1.74 -1.79 -1.83 -1.86 -1.88 -1.89 -1.89 -1.89 -1.87 -1.84 -1.81 -1.76 -1.71 -1.65 -1.59 -1.52 -1.46 -1.40 -1.34 -1.27 -1.21 -1.16 -1.10 -1.07 -1.06 -1.08 -1.13 -1.19 -1.25 -1.30 -1.36 -1.41 -1.45 -1.50 -1.53 -1.56 -1.58 -1.60 -1.61 -1.61 -1.62 -1.62 -1.61 -1.61 -1.61 -1.60 -1.60 -1.59 -1.59 -1.58 -1.59 -1.59 -1.61 -1.62 -1.65
-1.58 -1.53 -1.47 -1.41 -1.36 -1.32 -1.28 -1.25 -1.23 -1.23 -1.23 -1.25 -1.28 -1.32 -1.36 -1.41 -1.47 -1.52 -1.57 -1.62 -1.68 -1.73 -1.78 -1.83 -1.86 -1.89 -1.91 -1.92 -1.92 -1.91 -1.90 -1.87 -1.84 -1.79 -1.74 -1.68 -1.62 -1.56 -1.50 -1.44 -1.38 -1.32 -1.27 -1.22 -1.18 -1.15 -1.14 -1.15 -1.19 -1.23 -1.28 -1.32 -1.37 -1.41 -1.45 -1.49 -1.53 -1.55 -1.57 -1.59 -1.60 -1.61 -1.61 -1.61 -1.61 -1.60 -1.60 -1.59 -1.59 -1.59 -1.58 -1.58 -1.58 -1.59 -1.61 -1.63 -1.65
-1.58 -1.52 -1.47 -1.42 -1.38 -1.34 -1.31 -1.29 -1.28 -1.28 -1.29 -1.31 -1.35 -1.39 -1.43 -1.48 -1.53 -1.59 -1.64 -1.69 -1.73 -1.78 -1.83 -1.87 -1.90 -1.92 -1.94 -1.95 -1.95 -1.94 -1.92 -1.90 -1.86 -1.82 -1.77 -1.72 -1.66 -1.60 -1.55 -1.49 -1.43 -1.38 -1.33 -1.28 -1.25 -1.23 -1.22 -1.23 -1.25 -1.28 -1.32 -1.35 -1.39 -1.43 -1.46 -1.49 -1.52 -1.54 -1.56 -1.58 -1.59 -1.59 -1.59 -1.59 -1.59 -1.59 -1.58 -1.58 -1.57 -1.57 -1.57 -1.57 -1.57 -1.59 -1.60 -1.63 -1.66
-1.56 -1.51 -1.46 -1.42 -1.39 -1.36 -1.34 -1.33 -1.33 -1.33 -1.35 -1.38 -1.41 -1.45 -1.50 -1.55 -1.60 -1.66 -1.71 -1.75 -1.80 -1.84 -1.88 -1.91 -1.94 -1.96 -1.98 -1.98 -1.98 -1.97 -1.95 -1.92 -1.89 -1.85 -1.80 -1.75 -1.69 -1.64 -1.59 -1.53 -1.48 -1.43 -1.39 -1.35 -1.32 -1.30 -1.29 -1.30 -1.31 -1.33 -1.36 -1.39 -1.41 -1.44 -1.47 -1.49 -1.52 -1.54 -1.55 -1.56 -1.57 -1.57 -1.57 -1.57 -1.56 -1.56 -1.56 -1.55 -1.55 -1.55 -1.54 -1.55 -1.56 -1.57 -1.60 -1.62 -1.65
-1.54 -1.50 -1.45 -1.42 -1.39 -1.37 -1.36 -1.36 -1.37 -1.38 -1.41 -1.44 -1.48 -1.52 -1.57 -1.62 -1.67 -1.73 -1.78 -1.82 -1.86 -1.90 -1.93 -1.97 -1.99 -2.01 -2.02 -2.02 -2.01 -1.99 -1.97 -1.95 -1.91 -1.87 -1.82 -1.78 -1.73 -1.68 -1.63 -1.58 -1.53 -1.49 -1.45 -1.41 -1.39 -1.37 -1.36 -1.36 -1.37 -1.39 -1.40 -1.42 -1.44 -1.46 -1.48 -1.50 -1.52 -1.53 -1.54 -1.55 -1.55 -1.55 -1.55 -1.54 -1.54 -1.53 -1.52 -1.52 -1.52 -1.52 -1.52 -1.52 -1.54 -1.56 -1.58 -1.61 -1.65
-1.52 -1.48 -1.44 -1.42 -1.40 -1.39 -1.38 -1.39 -1.40 -1.43 -1.46 -1.49 -1.54 -1.59 -1.64 -1.69 -1.74 -1.80 -1.84 -1.89 -1.93 -1.97 -2.00 -2.02 -2.04 -2.05 -2.06 -2.06 -2.05 -2.03 -2.00 -1.97 -1.93 -1.89 -1.85 -1.80 -1.76 -1.71 -1.67 -1.62 -1.58 -1.54 -1.50 -1.47 -1.45 -1.44 -1.43 -1.43 -1.43 -1.44 -1.45 -1.46 -1.47 -1.49 -1.50 -1.51 -1.52 -1.52 -1.53 -1.53 -1.53 -1.53 -1.52 -1.51 -1.50 -1.50 -1.49 -1.48 -1.48 -1.48 -1.48 -1.49 -1.51 -1.53 -1.56 -1.60 -1.64
-1.50 -1.46 -1.43 -1.41 -1.40 -1.40 -1.40 -1.42 -1.44 -1.47 -1.50 -1.55 -1.60 -1.65 -1.70 -1.76 -1.81 -1.86 -1.91 -1.96 -2.00 -2.03 -2.06 -2.08 -2.10 -2.11 -2.11 -2.10 -2.08 -2.06 -2.03 -2.00 -1.96 -1.92 -1.87 -1.83 -1.79 -1.75 -1.71 -1.67 -1.63 -1.59 -1.56 -1.54 -1.52 -1.50 -1.50 -1.49 -1.49 -1.49 -1.50 -1.50 -1.51 -1.51 -1.52 -1.52 -1.52 -1.52 -1.52 -1.52 -1.51 -1.50 -1.49 -1.48 -1.47 -1.46 -1.45 -1.44 -1.44 -1.44 -1.44 -1.46 -1.48 -1.51 -1.54 -1.58 -1.62
-1.47 -1.44 -1.41 -1.40 -1.40 -1.40 -1.42 -1.44 -1.47 -1.51 -1.55 -1.60 -1.65 -1.71 -1.77 -1.82 -1.88 -1.93 -1.98 -2.03 -2.07 -2.10 -2.13 -2.14 -2.15 -2.16 -2.15 -2.14 -2.13 -2.10 -2.07 -2.03 -1.99 -1.95 -1.90 -1.86 -1.83 -1.79 -1.75 -1.71 -1.68 -1.65 -1.62 -1.60 -1.58 -1.57 -1.56 -1.55 -1.55 -1.55 -1.54 -1.54 -1.54 -1.54 -1.54 -1.54 -1.53 -1.52 -1.51 -1.50 -1.49 -1.48 -1.46 -1.45 -1.43 -1.41 -1.40 -1.39 -1.39 -1.39 -1.40 -1.42 -1.44 -1.48 -1.52 -1.56 -1.61
-1.43 -1.41 -1.39 -1.39 -1.39 -1.40 -1.42 -1.46 -1.49 -1.54 -1.59 -1.65 -1.70 -1.77 -1.83 -1.89 -1.95 -2.00 -2.05 -2.10 -2.14 -2.17 -2.19 -2.20 -2.21 -2.21 -2.20 -2.19 -2.17 -2.14 -2.10 -2.06 -2.02 -1.98 -1.94 -1.90 -1.86 -1.83 -1.79 -1.76 -1.73 -1.70 -1.68 -1.66 -1.64 -1.63 -1.62 -1.61 -1.60 -1.60 -1.59 -1.58 -1.58 -1.57 -1.56 -1.55 -1.54 -1.53 -1.51 -1.49 -1.47 -1.45 -1.43 -1.41 -1.39 -1.37 -1.35 -1.34 -1.33 -1.33 -1.35 -1.37 -1.40 -1.44 -1.49 -1.54 -1.59
-1.40 -1.38 -1.37 -1.37 -1.38 -1.40 -1.43 -1.47 -1.52 -1.57 -1.63 -1.69 -1.76 -1.82 -1.89 -1.95 -2.01 -2.07 -2.12 -2.16 -2.20 -2.23 -2.25 -2.27 -2.27 -2.26 -2.25 -2.23 -2.21 -2.18 -2.14 -2.09 -2.05 -2.01 -1.97 -1.93 -1.90 -1.86 -1.83 -1.80 -1.78 -1.75 -1.73 -1.71 -1.70 -1.69 -1.68 -1.67 -1.66 -1.65 -1.64 -1.63 -1.61 -1.60 -1.59 -1.57 -1.55 -1.53 -1.51 -1.49 -1.46 -1.43 -1.40 -1.37 -1.34 -1.31 -1.29 -1.27 -1.27 -1.27 -1.29 -1.32 -1.36 -1.41 -1.46 -1.51 -1.56
-1.35 -1.34 -1.33 -1.34 -1.36 -1.39 -1.43 -1.48 -1.53 -1.59 -1.66 -1.73 -1.80 -1.87 -1.95 -2.01 -2.08 -2.13 -2.19 -2.23 -2.27 -2.30 -2.32 -2.32 -2.32 -2.32 -2.30 -2.28 -2.25 -2.21 -2.17 -2.13 -2.09 -2.05 -2.01 -1.97 -1.93 -1.90 -1.87 -1.85 -1.82 -1.80 -1.78 -1.77 -1.76 -1.75 -1.73 -1.72 -1.71 -1.70 -1.68 -1.67 -1.65 -1.63 -1.61 -1.59 -1.57 -1.54 -1.51 -1.48 -1.45 -1.41 -1.37 -1.33 -1.30 -1.26 -1.23 -1.21 -1.20 -1.20 -1.23 -1.27 -1.31 -1.37 -1.42 -1.48 -1.54
-1.31 -1.29 -1.30 -1.31 -1.34 -1.37 -1.42 -1.48 -1.55 -1.62 -1.69 -1.77 -1.85 -1.93 -2.00 -2.07 -2.14 -2.20 -2.25 -2.30 -2.33 -2.36 -2.38 -2.38 -2.38 -2.36 -2.34 -2.32 -2.28 -2.25 -2.20 -2.16 -2.12 -2.08 -2.04 -2.00 -1.97 -1.94 -1.91 -1.89 -1.87 -1.85 -1.83 -1.82 -1.81 -1.80 -1.79 -1.77 -1.76 -1.74 -1.73 -1.71 -1.69 -1.66 -1.64 -1.61 -1.58 -1.55 -1.52 -1.48 -1.44 -1.40 -1.35 -1.31 -1.26 -1.21 -1.17 -1.13 -1.12 -1.13 -1.17 -1.21 -1.27 -1.33 -1.39 -1.46 -1.52
-1.25 -1.24 -1.25 -1.27 -1.30 -1.35 -1.41 -1.48 -1.55 -1.64 -1.72 -1.81 -1.89 -1.98 -2.06 -2.13 -2.20 -2.26 -2.32 -2.36 -2.39 -2.42 -2.43 -2.44 -2.43 -2.41 -2.38 -2.35 -2.32 -2.28 -2.24 -2.20 -2.16 -2.12 -2.08 -2.04 -2.01 -1.98 -1.95 -1.93 -1.91 -1.90 -1.88 -1.87 -1.86 -1.85 -1.84 -1.82 -1.81 -1.79 -1.77 -1.75 -1.72 -1.70 -1.67 -1.64 -1.60 -1.57 -1.53 -1.49 -1.44 -1.39 -1.34 -1.28 -1.22 -1.17 -1.11 -1.06 -1.05 -1.06 -1.11 -1.17 -1.23 -1.30 -1.37 -1.43 -1.50
-1.19 -1.19 -1.20 -1.23 -1.27 -1.32 -1.39 -1.47 -1.56 -1.65 -1.75 -1.84 -1.94 -2.03 -2.11 -2.19 -2.26 -2.33 -2.38 -2.42 -2.45 -2.48 -2.49 -2.49 -2.47 -2.45 -2.42 -2.39 -2.35 -2.31 -2.27 -2.23 -2.19 -2.15 -2.11 -2.07 -2.04 -2.01 -1.99 -1.97 -1.95 -1.94 -1.93 -1.92 -1.91 -1.90 -1.89 -1.87 -1.85 -1.83 -1.81 -1.79 -1.76 -1.73 -1.70 -1.66 -1.63 -1.59 -1.54 -1.50 -1.44 -1.39 -1.33 -1.27 -1.20 -1.13 -1.06 -1.00 -0.97 -1.00 -1.06 -1.13 -1.21 -1.28 -1.35 -1.42 -1.49
-1.13 -1.12 -1.14 -1.17 -1.22 -1.29 -1.37 -1.46 -1.56 -1.66 -1.77 -1.87 -1.98 -2.07 -2.17 -2.25 -2.32 -2.39 -2.44 -2.48 -2.51 -2.53 -2.54 -2.53 -2.52 -2.49 -2.45 -2.42 -2.38 -2.34 -2.30 -2.26 -2.22 -2.18 -2.14 -2.11 -2.07 -2.05 -2.02 -2.00 -1.99 -1.98 -1.97 -1.96 -1.95 -1.94 -1.93 -1.91 -1.90 -1.87 -1.85 -1.82 -1.80 -1.76 -1.73 -1.69 -1.65 -1.61 -1.56 -1.51 -1.46 -1.40 -1.33 -1.27 -1.20 -1.12 -1.05 -0.97 -0.89 -0.97 -1.05 -1.12 -1.20 -1.27 -1.34 -1.41 -1.48
-1.06 -1.05 -1.07 -1.11 -1.17 -1.25 -1.35 -1.45 -1.56 -1.68 -1.79 -1.90 -2.02 -2.12 -2.22 -2.31 -2.38 -2.45 -2.50 -2.54 -2.57 -2.58 -2.58 -2.57 -2.55 -2.52 -2.49 -2.44 -2.40 -2.37 -2.33 -2.28 -2.25 -2.21 -2.17 -2.13 -2.10 -2.08 -2.05 -2.04 -2.02 -2.01 -2.00 -2.00 -1.99 -1.98 -1.97 -1.95 -1.94 -1.91 -1.89 -1.86 -1.83 -1.80 -1.76 -1.72 -1.68 -1.63 -1.58 -1.53 -1.47 -1.41 -1.35 -1.28 -1.21 -1.13 -1.06 -1.00 -0.97 -1.00 -1.06 -1.13 -1.21 -1.28 -1.35 -1.42 -1.49
-0.98 -0.98 -1.00 -1.04 -1.12 -1.21 -1.32 -1.44 -1.56 -1.69 -1.81 -1.93 -2.05 -2.17 -2.27 -2.36 -2.44 -2.51 -2.56 -2.59 -2.62 -2.63 -2.62 -2.61 -2.59 -2.56 -2.52 -2.47 -2.43 -2.39 -2.35 -2.31 -2.27 -2.23 -2.19 -2.16 -2.13 -2.10 -2.08 -2.07 -2.05 -2.05 -2.04 -2.03 -2.03 -2.02 -2.01 -1.99 -1.97 -1.95 -1.93 -1.90 -1.86 -1.83 -1.79 -1.75 -1.71 -1.66 -1.61 -1.55 -1.49 -1.43 -1.37 -1.30 -1.23 -1.17 -1.11 -1.06 -1.05 -1.06 -1.11 -1.17 -1.23 -1.30 -1.37 -1.43 -1.50
-0.91 -0.89 -0.91 -0.97 -1.06 -1.17 -1.29 -1.42 -1.56 -1.69 -1.83 -1.96 -2.09 -2.21 -2.32 -2.42 -2.50 -2.57 -2.62 -2.65 -2.67 -2.67 -2.66 -2.65 -2.62 -2.59 -2.54 -2.50 -2.45 -2.41 -2.36 -2.32 -2.29 -2.25 -2.21 -2.18 -2.15 -2.13 -2.11 -2.09 -2.08 -2.07 -2.07 -2.06 -2.06 -2.05 -2.04 -2.03 -2.01 -1.98 -1.96 -1.93 -1.90 -1.86 -1.82 -1.78 -1.73 -1.68 -1.63 -1.58 -1.52 -1.46 -1.39 -1.33 -1.27 -1.21 -1.17 -1.13 -1.12 -1.13 -1.17 -1.21 -1.27 -1.33 -1.39 -1.46 -1.52
-0.83 -0.81 -0.82 -0.89 -1.00 -1.13 -1.27 -1.41 -1.56 -1.71 -1.85 -1.99 -2.13 -2.26 -2.37 -2.48 -2.56 -2.63 -2.67 -2.70 -2.71 -2.71 -2.70 -2.68 -2.65 -2.61 -2.57 -2.52 -2.47 -2.42 -2.38 -2.34 -2.30 -2.26 -2.23 -2.20 -2.17 -2.15 -2.13 -2.11 -2.10 -2.10 -2.09 -2.09 -2.08 -2.08 -2.07 -2.06 -2.04 -2.02 -1.99 -1.96 -1.93 -1.89 -1.85 -1.81 -1.76 -1.71 -1.66 -1.61 -1.55 -1.49 -1.43 -1.37 -1.32 -1.27 -1.23 -1.21 -1.20 -1.21 -1.23 -1.27 -1.32 -1.37 -1.43 -1.49 -1.55
-0.78 -0.73 -0.73 -0.82 -0.95 -1.10 -1.25 -1.41 -1.57 -1.72 -1.87 -2.02 -2.16 -2.30 -2.43 -2.53 -2.62 -2.69 -2.73 -2.75 -2.75 -2.75 -2.73 -2.71 -2.68 -2.64 -2.59 -2.54 -2.49 -2.44 -2.39 -2.35 -2.31 -2.27 -2.24 -2.21 -2.18 -2.16 -2.14 -2.13 -2.12 -2.11 -2.11 -2.11 -2.11 -2.10 -2.09 -2.08 -2.06 -2.04 -2.02 -1.99 -1.95 -1.92 -1.88 -1.84 -1.79 -1.74 -1.69 -1.63 -1.58 -1.52 -1.47 -1.42 -1.37 -1.33 -1.30 -1.28 -1.27 -1.28 -1.30 -1.33 -1.37 -1.42 -1.47 -1.52 -1.58
-0.76 -0.69 -0.63 -0.78 -0.94 -1.10 -1.26 -1.42 -1.58 -1.74 -1.89 -2.05 -2.20 -2.34 -2.48 -2.59 -2.69 -2.75 -2.78 -2.80 -2.79 -2.78 -2.76 -2.73 -2.70 -2.66 -2.61 -2.55 -2.50 -2.45 -2.40 -2.36 -2.32 -2.28 -2.25 -2.22 -2.19 -2.17 -2.15 -2.14 -2.13 -2.13 -2.13 -2.12 -2.12 -2.12 -2.11 -2.10 -2.09 -2.06 -2.04 -2.01 -1.98 -1.94 -1.90 -1.86 -1.82 -1.77 -1.72 -1.67 -1.62 -1.57 -1.52 -1.47 -1.43 -1.39 -1.37 -1.35 -1.34 -1.35 -1.37 -1.39 -1.43 -1.47 -1.52 -1.57 -1.62
-0.79 -0.74 -0.74 -0.83 -0.97 -1.12 -1.28 -1.44 -1.60 -1.76 -1.92 -2.08 -2.23 -2.38 -2.52 -2.66 -2.76 -2.82 -2.84 -2.84 -2.83 -2.81 -2.78 -2.75 -2.71 -2.67 -2.62 -2.56 -2.51 -2.46 -2.41 -2.36 -2.32 -2.28 -2.25 -2.22 -2.19 -2.17 -2.16 -2.14 -2.14 -2.14 -2.13 -2.13 -2.13 -2.13 -2.13 -2.12 -2.10 -2.08 -2.06 -2.03 -2.00 -1.97 -1.93 -1.89 -1.84 -1.80 -1.75 -1.70 -1.66 -1.61 -1.57 -1.52 -1.49 -1.46 -1.43 -1.42 -1.41 -1.42 -1.43 -1.46 -1.49 -1.52 -1.57 -1.61 -1.66
-0.86 -0.83 -0.85 -0.93 -1.04 -1.18 -1.32 -1.48 -1.63 -1.79 -1.95 -2.10 -2.26 -2.41 -2.56 -2.71 -2.83 -2.88 -2.87 -2.86 -2.85 -2.82 -2.80 -2.76 -2.72 -2.68 -2.62 -2.57 -2.51 -2.46 -2.41 -2.37 -2.33 -2.29 -2.25 -2.22 -2.20 -2.17 -2.16 -2.15 -2.14 -2.14 -2.14 -2.14 -2.14 -2.14 -2.13 -2.13 -2.11 -2.10 -2.07 -2.05 -2.02 -1.98 -1.95 -1.91 -1.87 -1.83 -1.78 -1.74 -1.70 -1.66 -1.62 -1.58 -1.55 -1.52 -1.50 -1.49 -1.48 -1.49 -1.50 -1.52 -1.55 -1.58 -1.62 -1.66 -1.70
-0.94 -0.93 -0.96 -1.03 -1.12 -1.24 -1.38 -1.52 -1.67 -1.82 -1.97 -2.13 -2.28 -2.43 -2.58 -2.72 -2.84 -2.88 -2.88 -2.87 -2.85 -2.83 -2.80 -2.77 -2.72 -2.68 -2.63 -2.57 -2.52 -2.47 -2.42 -2.37 -2.33 -2.29 -2.26 -2.23 -2.20 -2.18 -2.16 -2.15 -2.14 -2.14 -2.14 -2.14 -2.14 -2.14 -2.14 -2.13 -2.12 -2.10 -2.08 -2.06 -2.03 -2.00 -1.97 -1.93 -1.90 -1.86 -1.82 -1.78 -1.74 -1.70 -1.67 -1.63 -1.61 -1.58 -1.57 -1.55 -1.55 -1.55 -1.57 -1.58 -1.61 -1.63 -1.67 -1.70 -1.74
