speedsAfterKrig/residues/output_residuos_63_2010.asc
NCOLS          173       
NROWS          329       
XLLCENTER      510425.00 
YLLCENTER      8547775.00
DX             50.00     
DY             50.00     
NODATA_VALUE   -999.00   
[rows 114 to 151 of 329, columns 0 to 83 of 173]
0.35 0.34 0.34 0.33 0.32 0.31 0.31 0.30 0.29 0.28 0.27 0.27 0.26 0.25 0.24 0.23 0.22 0.22 0.21 0.20 0.19 0.18 0.18 0.17 0.17 0.16 0.16 0.15 0.15 0.15 0.15 0.15 0.15 0.15 0.15 0.15 0.15 0.15 0.16 0.16 0.16 0.17 0.17 0.18 0.18 0.19 0.19 0.20 0.20 0.21 0.22 0.23 0.23 0.24 0.25 0.26 0.27 0.28 0.29 0.30 0.31 0.32 0.33 0.34 0.35 0.36 0.37 0.38 0.39 0.40 0.41 0.42 0.43 0.44 0.45 0.45 0.46 0.47 0.48 0.48 0.49 0.49 0.49 0.49
0.35 0.34 0.34 0.33 0.32 0.32 0.31 0.30 0.29 0.29 0.28 0.27 0.26 0.25 0.24 0.24 0.23 0.22 0.21 0.20 0.20 0.19 0.18 0.18 0.17 0.17 0.16 0.16 0.16 0.15 0.15 0.15 0.15 0.15 0.15 0.15 0.15 0.15 0.15 0.16 0.16 0.16 0.17 0.17 0.18 0.18 0.19 0.19 0.20 0.21 0.22 0.22 0.23 0.24 0.25 0.26 0.27 0.28 0.29 0.30 0.31 0.32 0.33 0.34 0.35 0.36 0.37 0.38 0.39 0.41 0.42 0.43 0.44 0.44 0.45 0.46 0.47 0.48 0.49 0.49 0.50 0.51 0.51 0.51
0.35 0.35 0.34 0.33 0.33 0.32 0.31 0.31 0.30 0.29 0.28 0.27 0.27 0.26 0.25 0.24 0.23 0.23 0.22 0.21 0.20 0.20 0.19 0.18 0.18 0.17 0.17 0.16 0.16 0.16 0.15 0.15 0.15 0.15 0.15 0.15 0.15 0.15 0.15 0.16 0.16 0.16 0.17 0.17 0.17 0.18 0.18 0.19 0.20 0.20 0.21 0.22 0.23 0.24 0.25 0.26 0.27 0.28 0.29 0.30 0.31 0.32 0.33 0.34 0.35 0.36 0.37 0.39 0.40 0.41 0.42 0.43 0.44 0.45 0.46 0.47 0.48 0.48 0.49 0.50 0.51 0.52 0.52 0.52
0.36 0.35 0.34 0.34 0.33 0.32 0.32 0.31 0.30 0.29 0.29 0.28 0.27 0.26 0.25 0.25 0.24 0.23 0.22 0.22 0.21 0.20 0.19 0.19 0.18 0.18 0.17 0.17 0.16 0.16 0.16 0.15 0.15 0.15 0.15 0.15 0.15 0.15 0.15 0.15 0.16 0.16 0.16 0.17 0.17 0.18 0.18 0.19 0.19 0.20 0.21 0.22 0.23 0.23 0.24 0.25 0.26 0.27 0.28 0.30 0.31 0.32 0.33 0.34 0.35 0.36 0.38 0.39 0.40 0.41 0.42 0.43 0.44 0.45 0.46 0.47 0.48 0.49 0.50 0.51 0.52 0.52 0.53 0.53
0.36 0.35 0.35 0.34 0.33 0.33 0.32 0.31 0.31 0.30 0.29 0.28 0.27 0.27 0.26 0.25 0.24 0.24 0.23 0.22 0.21 0.21 0.20 0.19 0.19 0.18 0.18 0.17 0.17 0.16 0.16 0.16 0.15 0.15 0.15 0.15 0.15 0.15 0.15 0.15 0.15 0.16 0.16 0.16 0.17 0.17 0.18 0.18 0.19 0.20 0.20 0.21 0.22 0.23 0.24 0.25 0.26 0.27 0.28 0.29 0.30 0.32 0.33 0.34 0.35 0.36 0.38 0.39 0.40 0.41 0.42 0.43 0.44 0.46 0.46 0.47 0.48 0.49 0.50 0.51 0.52 0.53 0.53 0.53
0.36 0.36 0.35 0.34 0.34 0.33 0.32 0.32 0.31 0.30 0.29 0.29 0.28 0.27 0.26 0.26 0.25 0.24 0.23 0.23 0.22 0.21 0.21 0.20 0.19 0.19 0.18 0.18 0.17 0.17 0.16 0.16 0.16 0.15 0.15 0.15 0.15 0.15 0.15 0.15 0.15 0.15 0.16 0.16 0.16 0.17 0.17 0.18 0.19 0.19 0.20 0.21 0.22 0.23 0.24 0.25 0.26 0.27 0.28 0.29 0.30 0.31 0.33 0.34 0.35 0.36 0.38 0.39 0.40 0.41 0.42 0.44 0.45 0.46 0.47 0.48 0.48 0.49 0.50 0.51 0.52 0.52 0.53 0.52
0.37 0.36 0.35 0.35 0.34 0.33 0.33 0.32 0.31 0.31 0.30 0.29 0.28 0.28 0.27 0.26 0.25 0.25 0.24 0.23 0.22 0.22 0.21 0.20 0.20 0.19 0.19 0.18 0.18 0.17 0.17 0.16 0.16 0.15 0.15 0.15 0.15 0.15 0.15 0.15 0.15 0.15 0.15 0.16 0.16 0.16 0.17 0.17 0.18 0.19 0.20 0.20 0.21 0.22 0.23 0.24 0.25 0.27 0.28 0.29 0.30 0.31 0.32 0.34 0.35 0.36 0.37 0.39 0.40 0.41 0.42 0.43 0.45 0.46 0.47 0.48 0.48 0.49 0.50 0.51 0.52 0.52 0.52 0.52
0.37 0.36 0.36 0.35 0.34 0.34 0.33 0.32 0.32 0.31 0.30 0.30 0.29 0.28 0.27 0.27 0.26 0.25 0.24 0.24 0.23 0.22 0.22 0.21 0.20 0.20 0.19 0.18 0.18 0.17 0.17 0.16 0.16 0.16 0.15 0.15 0.15 0.15 0.15 0.15 0.15 0.15 0.15 0.15 0.16 0.16 0.16 0.17 0.18 0.18 0.19 0.20 0.21 0.22 0.23 0.24 0.25 0.26 0.27 0.28 0.30 0.31 0.32 0.33 0.35 0.36 0.37 0.39 0.40 0.41 0.42 0.43 0.44 0.45 0.46 0.47 0.48 0.49 0.50 0.51 0.51 0.52 0.52 0.52
0.37 0.37 0.36 0.35 0.35 0.34 0.34 0.33 0.32 0.32 0.31 0.30 0.29 0.29 0.28 0.27 0.27 0.26 0.25 0.24 0.24 0.23 0.22 0.21 0.21 0.20 0.19 0.19 0.18 0.18 0.17 0.17 0.16 0.16 0.16 0.15 0.15 0.15 0.15 0.15 0.15 0.15 0.15 0.15 0.15 0.15 0.16 0.16 0.17 0.18 0.19 0.20 0.21 0.22 0.23 0.24 0.25 0.26 0.27 0.28 0.29 0.30 0.32 0.33 0.34 0.36 0.37 0.38 0.40 0.41 0.42 0.43 0.44 0.45 0.46 0.47 0.48 0.49 0.50 0.50 0.51 0.51 0.51 0.51
0.37 0.37 0.36 0.36 0.35 0.35 0.34 0.33 0.33 0.32 0.31 0.31 0.30 0.29 0.29 0.28 0.27 0.26 0.26 0.25 0.24 0.23 0.23 0.22 0.21 0.21 0.20 0.19 0.19 0.18 0.18 0.17 0.17 0.16 0.16 0.15 0.15 0.15 0.15 0.15 0.14 0.14 0.14 0.15 0.15 0.15 0.15 0.16 0.16 0.17 0.18 0.19 0.20 0.21 0.22 0.23 0.24 0.25 0.27 0.28 0.29 0.30 0.31 0.33 0.34 0.35 0.37 0.38 0.39 0.41 0.42 0.43 0.44 0.45 0.46 0.47 0.48 0.48 0.49 0.50 0.50 0.51 0.51 0.51
0.38 0.37 0.37 0.36 0.36 0.35 0.34 0.34 0.33 0.33 0.32 0.31 0.30 0.30 0.29 0.28 0.28 0.27 0.26 0.25 0.25 0.24 0.23 0.22 0.22 0.21 0.20 0.20 0.19 0.19 0.18 0.17 0.17 0.16 0.16 0.16 0.15 0.15 0.15 0.14 0.14 0.14 0.14 0.14 0.14 0.14 0.15 0.15 0.16 0.17 0.18 0.19 0.20 0.21 0.22 0.23 0.24 0.25 0.26 0.27 0.28 0.30 0.31 0.32 0.34 0.35 0.36 0.38 0.39 0.40 0.41 0.42 0.44 0.45 0.45 0.46 0.47 0.48 0.49 0.49 0.50 0.50 0.50 0.50
0.38 0.38 0.37 0.37 0.36 0.35 0.35 0.34 0.34 0.33 0.32 0.32 0.31 0.30 0.30 0.29 0.28 0.27 0.27 0.26 0.25 0.24 0.24 0.23 0.22 0.21 0.21 0.20 0.20 0.19 0.18 0.18 0.17 0.17 0.16 0.16 0.15 0.15 0.15 0.14 0.14 0.14 0.14 0.14 0.14 0.14 0.14 0.14 0.15 0.16 0.17 0.18 0.19 0.20 0.21 0.23 0.24 0.25 0.26 0.27 0.28 0.29 0.31 0.32 0.33 0.35 0.36 0.37 0.39 0.40 0.41 0.42 0.43 0.44 0.45 0.46 0.47 0.47 0.48 0.49 0.49 0.49 0.50 0.50
0.38 0.38 0.38 0.37 0.36 0.36 0.35 0.35 0.34 0.33 0.33 0.32 0.32 0.31 0.30 0.29 0.29 0.28 0.27 0.26 0.26 0.25 0.24 0.23 0.23 0.22 0.21 0.21 0.20 0.19 0.19 0.18 0.17 0.17 0.16 0.16 0.16 0.15 0.15 0.15 0.14 0.14 0.14 0.14 0.14 0.13 0.13 0.14 0.14 0.16 0.17 0.18 0.19 0.20 0.21 0.22 0.23 0.24 0.26 0.27 0.28 0.29 0.30 0.32 0.33 0.34 0.36 0.37 0.38 0.39 0.41 0.42 0.43 0.44 0.45 0.45 0.46 0.47 0.47 0.48 0.48 0.49 0.49 0.49
0.39 0.38 0.38 0.37 0.37 0.36 0.36 0.35 0.35 0.34 0.33 0.33 0.32 0.31 0.31 0.30 0.29 0.28 0.28 0.27 0.26 0.25 0.25 0.24 0.23 0.22 0.22 0.21 0.20 0.20 0.19 0.18 0.18 0.17 0.17 0.16 0.16 0.15 0.15 0.15 0.14 0.14 0.14 0.14 0.13 0.13 0.13 0.13 0.14 0.15 0.16 0.17 0.19 0.20 0.21 0.22 0.23 0.24 0.25 0.27 0.28 0.29 0.30 0.31 0.33 0.34 0.35 0.37 0.38 0.39 0.40 0.41 0.42 0.43 0.44 0.45 0.46 0.46 0.47 0.47 0.48 0.48 0.48 0.48
0.39 0.39 0.38 0.38 0.37 0.37 0.36 0.36 0.35 0.34 0.34 0.33 0.32 0.32 0.31 0.30 0.30 0.29 0.28 0.27 0.27 0.26 0.25 0.24 0.24 0.23 0.22 0.21 0.21 0.20 0.19 0.19 0.18 0.18 0.17 0.16 0.16 0.16 0.15 0.15 0.14 0.14 0.14 0.14 0.13 0.13 0.13 0.13 0.14 0.15 0.16 0.17 0.18 0.19 0.21 0.22 0.23 0.24 0.25 0.26 0.27 0.29 0.30 0.31 0.32 0.34 0.35 0.36 0.37 0.38 0.40 0.41 0.42 0.43 0.43 0.44 0.45 0.46 0.46 0.47 0.47 0.48 0.48 0.48
0.39 0.39 0.39 0.38 0.38 0.37 0.37 0.36 0.36 0.35 0.34 0.34 0.33 0.32 0.32 0.31 0.30 0.29 0.29 0.28 0.27 0.26 0.26 0.25 0.24 0.23 0.23 0.22 0.21 0.20 0.20 0.19 0.18 0.18 0.17 0.17 0.16 0.16 0.15 0.15 0.15 0.14 0.14 0.14 0.14 0.13 0.13 0.14 0.14 0.15 0.16 0.17 0.18 0.19 0.20 0.22 0.23 0.24 0.25 0.26 0.27 0.28 0.30 0.31 0.32 0.33 0.35 0.36 0.37 0.38 0.39 0.40 0.41 0.42 0.43 0.44 0.44 0.45 0.46 0.46 0.47 0.47 0.47 0.47
0.40 0.39 0.39 0.39 0.38 0.38 0.37 0.37 0.36 0.35 0.35 0.34 0.33 0.33 0.32 0.31 0.31 0.30 0.29 0.28 0.28 0.27 0.26 0.25 0.25 0.24 0.23 0.22 0.22 0.21 0.20 0.20 0.19 0.18 0.18 0.17 0.17 0.16 0.16 0.15 0.15 0.14 0.14 0.14 0.14 0.14 0.14 0.14 0.15 0.15 0.16 0.17 0.18 0.19 0.20 0.21 0.22 0.24 0.25 0.26 0.27 0.28 0.29 0.30 0.32 0.33 0.34 0.35 0.36 0.37 0.38 0.39 0.40 0.41 0.42 0.43 0.44 0.44 0.45 0.45 0.46 0.46 0.46 0.47
0.40 0.40 0.39 0.39 0.38 0.38 0.38 0.37 0.36 0.36 0.35 0.35 0.34 0.33 0.33 0.32 0.31 0.30 0.30 0.29 0.28 0.27 0.27 0.26 0.25 0.24 0.24 0.23 0.22 0.21 0.21 0.20 0.19 0.19 0.18 0.17 0.17 0.16 0.16 0.15 0.15 0.15 0.14 0.14 0.14 0.14 0.14 0.14 0.15 0.16 0.16 0.17 0.18 0.19 0.20 0.21 0.22 0.23 0.24 0.26 0.27 0.28 0.29 0.30 0.31 0.32 0.34 0.35 0.36 0.37 0.38 0.39 0.40 0.41 0.42 0.42 0.43 0.44 0.44 0.45 0.45 0.46 0.46 0.46
0.40 0.40 0.40 0.39 0.39 0.38 0.38 0.37 0.37 0.36 0.36 0.35 0.34 0.34 0.33 0.32 0.32 0.31 0.30 0.29 0.29 0.28 0.27 0.26 0.25 0.25 0.24 0.23 0.22 0.22 0.21 0.20 0.20 0.19 0.18 0.18 0.17 0.17 0.16 0.16 0.15 0.15 0.15 0.15 0.14 0.14 0.15 0.15 0.15 0.16 0.16 0.17 0.18 0.19 0.20 0.21 0.22 0.23 0.24 0.25 0.26 0.27 0.29 0.30 0.31 0.32 0.33 0.34 0.35 0.36 0.37 0.38 0.39 0.40 0.41 0.42 0.42 0.43 0.44 0.44 0.44 0.45 0.45 0.45
0.41 0.40 0.40 0.40 0.39 0.39 0.38 0.38 0.37 0.37 0.36 0.35 0.35 0.34 0.33 0.33 0.32 0.31 0.31 0.30 0.29 0.28 0.27 0.27 0.26 0.25 0.24 0.24 0.23 0.22 0.21 0.21 0.20 0.19 0.19 0.18 0.18 0.17 0.17 0.16 0.16 0.15 0.15 0.15 0.15 0.15 0.15 0.15 0.16 0.16 0.17 0.17 0.18 0.19 0.20 0.21 0.22 0.23 0.24 0.25 0.26 0.27 0.28 0.29 0.30 0.31 0.32 0.34 0.35 0.36 0.37 0.38 0.39 0.39 0.40 0.41 0.42 0.42 0.43 0.43 0.44 0.44 0.44 0.45
0.41 0.41 0.40 0.40 0.40 0.39 0.39 0.38 0.38 0.37 0.37 0.36 0.35 0.35 0.34 0.33 0.32 0.32 0.31 0.30 0.29 0.29 0.28 0.27 0.26 0.26 0.25 0.24 0.23 0.23 0.22 0.21 0.21 0.20 0.19 0.19 0.18 0.17 0.17 0.16 0.16 0.16 0.15 0.15 0.15 0.15 0.15 0.15 0.16 0.16 0.17 0.17 0.18 0.19 0.20 0.21 0.22 0.23 0.24 0.25 0.26 0.27 0.28 0.29 0.30 0.31 0.32 0.33 0.34 0.35 0.36 0.37 0.38 0.39 0.39 0.40 0.41 0.42 0.42 0.43 0.43 0.43 0.44 0.44
0.41 0.41 0.41 0.40 0.40 0.40 0.39 0.39 0.38 0.38 0.37 0.36 0.36 0.35 0.34 0.34 0.33 0.32 0.31 0.31 0.30 0.29 0.28 0.28 0.27 0.26 0.25 0.25 0.24 0.23 0.22 0.22 0.21 0.20 0.20 0.19 0.18 0.18 0.17 0.17 0.16 0.16 0.16 0.16 0.15 0.15 0.16 0.16 0.16 0.16 0.17 0.17 0.18 0.19 0.20 0.21 0.21 0.22 0.23 0.24 0.25 0.26 0.27 0.28 0.29 0.30 0.31 0.32 0.33 0.34 0.35 0.36 0.37 0.38 0.39 0.40 0.40 0.41 0.41 0.42 0.42 0.43 0.43 0.43
0.42 0.41 0.41 0.41 0.40 0.40 0.39 0.39 0.38 0.38 0.37 0.37 0.36 0.35 0.35 0.34 0.33 0.33 0.32 0.31 0.30 0.30 0.29 0.28 0.27 0.27 0.26 0.25 0.24 0.24 0.23 0.22 0.21 0.21 0.20 0.19 0.19 0.18 0.18 0.17 0.17 0.16 0.16 0.16 0.16 0.16 0.16 0.16 0.16 0.17 0.17 0.18 0.18 0.19 0.20 0.20 0.21 0.22 0.23 0.24 0.25 0.26 0.27 0.28 0.29 0.30 0.31 0.32 0.33 0.34 0.35 0.36 0.36 0.37 0.38 0.39 0.39 0.40 0.41 0.41 0.42 0.42 0.42 0.43
0.42 0.42 0.41 0.41 0.41 0.40 0.40 0.39 0.39 0.38 0.38 0.37 0.37 0.36 0.35 0.35 0.34 0.33 0.32 0.32 0.31 0.30 0.29 0.29 0.28 0.27 0.26 0.25 0.25 0.24 0.23 0.23 0.22 0.21 0.20 0.20 0.19 0.19 0.18 0.18 0.17 0.17 0.16 0.16 0.16 0.16 0.16 0.16 0.16 0.17 0.17 0.18 0.18 0.19 0.19 0.20 0.21 0.22 0.23 0.24 0.24 0.25 0.26 0.27 0.28 0.29 0.30 0.31 0.32 0.33 0.34 0.35 0.36 0.36 0.37 0.38 0.39 0.39 0.40 0.40 0.41 0.41 0.42 0.42
0.42 0.42 0.42 0.41 0.41 0.41 0.40 0.40 0.39 0.39 0.38 0.37 0.37 0.36 0.36 0.35 0.34 0.34 0.33 0.32 0.31 0.31 0.30 0.29 0.28 0.27 0.27 0.26 0.25 0.24 0.24 0.23 0.22 0.22 0.21 0.20 0.20 0.19 0.18 0.18 0.17 0.17 0.17 0.17 0.16 0.16 0.16 0.16 0.17 0.17 0.17 0.18 0.18 0.19 0.19 0.20 0.21 0.21 0.22 0.23 0.24 0.25 0.26 0.27 0.28 0.28 0.29 0.30 0.31 0.32 0.33 0.34 0.35 0.36 0.37 0.37 0.38 0.39 0.39 0.40 0.40 0.41 0.41 0.41
0.42 0.42 0.42 0.42 0.41 0.41 0.40 0.40 0.39 0.39 0.38 0.38 0.37 0.37 0.36 0.35 0.35 0.34 0.33 0.32 0.32 0.31 0.30 0.29 0.29 0.28 0.27 0.26 0.26 0.25 0.24 0.23 0.23 0.22 0.21 0.21 0.20 0.19 0.19 0.18 0.18 0.17 0.17 0.17 0.17 0.17 0.16 0.17 0.17 0.17 0.17 0.18 0.18 0.19 0.19 0.20 0.20 0.21 0.22 0.23 0.23 0.24 0.25 0.26 0.27 0.28 0.29 0.30 0.31 0.32 0.32 0.33 0.34 0.35 0.36 0.36 0.37 0.38 0.38 0.39 0.39 0.40 0.40 0.40
0.42 0.42 0.42 0.42 0.41 0.41 0.41 0.40 0.40 0.39 0.39 0.38 0.38 0.37 0.36 0.36 0.35 0.34 0.34 0.33 0.32 0.31 0.31 0.30 0.29 0.28 0.28 0.27 0.26 0.25 0.25 0.24 0.23 0.22 0.22 0.21 0.20 0.20 0.19 0.19 0.18 0.18 0.17 0.17 0.17 0.17 0.17 0.17 0.17 0.17 0.17 0.18 0.18 0.18 0.19 0.20 0.20 0.21 0.22 0.22 0.23 0.24 0.25 0.25 0.26 0.27 0.28 0.29 0.30 0.31 0.32 0.33 0.33 0.34 0.35 0.36 0.36 0.37 0.38 0.38 0.39 0.39 0.39 0.40
0.43 0.42 0.42 0.42 0.42 0.41 0.41 0.41 0.40 0.40 0.39 0.38 0.38 0.37 0.37 0.36 0.35 0.35 0.34 0.33 0.32 0.32 0.31 0.30 0.29 0.29 0.28 0.27 0.26 0.26 0.25 0.24 0.24 0.23 0.22 0.21 0.21 0.20 0.20 0.19 0.18 0.18 0.18 0.17 0.17 0.17 0.17 0.17 0.17 0.17 0.17 0.18 0.18 0.18 0.19 0.19 0.20 0.21 0.21 0.22 0.23 0.23 0.24 0.25 0.26 0.27 0.27 0.28 0.29 0.30 0.31 0.32 0.33 0.33 0.34 0.35 0.36 0.36 0.37 0.37 0.38 0.38 0.39 0.39
0.43 0.43 0.42 0.42 0.42 0.42 0.41 0.41 0.40 0.40 0.39 0.39 0.38 0.38 0.37 0.36 0.36 0.35 0.34 0.34 0.33 0.32 0.31 0.31 0.30 0.29 0.28 0.28 0.27 0.26 0.25 0.25 0.24 0.23 0.23 0.22 0.21 0.20 0.20 0.19 0.19 0.18 0.18 0.18 0.17 0.17 0.17 0.17 0.17 0.17 0.17 0.18 0.18 0.18 0.19 0.19 0.20 0.20 0.21 0.21 0.22 0.23 0.24 0.24 0.25 0.26 0.27 0.28 0.28 0.29 0.30 0.31 0.32 0.33 0.33 0.34 0.35 0.35 0.36 0.37 0.37 0.37 0.38 0.38
0.43 0.43 0.43 0.42 0.42 0.42 0.41 0.41 0.41 0.40 0.40 0.39 0.38 0.38 0.37 0.37 0.36 0.35 0.35 0.34 0.33 0.32 0.32 0.31 0.30 0.29 0.29 0.28 0.27 0.27 0.26 0.25 0.24 0.24 0.23 0.22 0.21 0.21 0.20 0.20 0.19 0.18 0.18 0.18 0.17 0.17 0.17 0.17 0.17 0.17 0.17 0.17 0.18 0.18 0.18 0.19 0.19 0.20 0.20 0.21 0.22 0.22 0.23 0.24 0.25 0.25 0.26 0.27 0.28 0.29 0.29 0.30 0.31 0.32 0.33 0.33 0.34 0.35 0.35 0.36 0.36 0.37 0.37 0.37
0.43 0.43 0.43 0.42 0.42 0.42 0.42 0.41 0.41 0.40 0.40 0.39 0.39 0.38 0.38 0.37 0.36 0.36 0.35 0.34 0.34 0.33 0.32 0.31 0.31 0.30 0.29 0.28 0.28 0.27 0.26 0.25 0.25 0.24 0.23 0.22 0.22 0.21 0.20 0.20 0.19 0.19 0.18 0.18 0.18 0.17 0.17 0.17 0.17 0.17 0.17 0.17 0.18 0.18 0.18 0.19 0.19 0.20 0.20 0.21 0.21 0.22 0.23 0.23 0.24 0.25 0.26 0.26 0.27 0.28 0.29 0.30 0.30 0.31 0.32 0.32 0.33 0.34 0.34 0.35 0.35 0.36 0.36 0.37
0.43 0.43 0.43 0.43 0.42 0.42 0.42 0.41 0.41 0.40 0.40 0.40 0.39 0.38 0.38 0.37 0.37 0.36 0.35 0.35 0.34 0.33 0.32 0.32 0.31 0.30 0.30 0.29 0.28 0.27 0.27 0.26 0.25 0.24 0.24 0.23 0.22 0.21 0.21 0.20 0.19 0.19 0.18 0.18 0.18 0.17 0.17 0.17 0.17 0.17 0.17 0.17 0.17 0.18 0.18 0.18 0.19 0.19 0.20 0.20 0.21 0.22 0.22 0.23 0.24 0.24 0.25 0.26 0.26 0.27 0.28 0.29 0.30 0.30 0.31 0.32 0.32 0.33 0.34 0.34 0.35 0.35 0.36 0.36
0.43 0.43 0.43 0.43 0.42 0.42 0.42 0.41 0.41 0.41 0.40 0.40 0.39 0.39 0.38 0.37 0.37 0.36 0.36 0.35 0.34 0.33 0.33 0.32 0.31 0.31 0.30 0.29 0.28 0.28 0.27 0.26 0.25 0.25 0.24 0.23 0.22 0.22 0.21 0.20 0.20 0.19 0.18 0.18 0.18 0.17 0.17 0.17 0.17 0.17 0.17 0.17 0.17 0.17 0.18 0.18 0.18 0.19 0.19 0.20 0.21 0.21 0.22 0.22 0.23 0.24 0.24 0.25 0.26 0.27 0.27 0.28 0.29 0.30 0.30 0.31 0.32 0.32 0.33 0.33 0.34 0.34 0.35 0.35
0.43 0.43 0.43 0.43 0.43 0.42 0.42 0.42 0.41 0.41 0.40 0.40 0.39 0.39 0.38 0.38 0.37 0.36 0.36 0.35 0.34 0.34 0.33 0.32 0.32 0.31 0.30 0.29 0.29 0.28 0.27 0.26 0.26 0.25 0.24 0.23 0.22 0.22 0.21 0.20 0.20 0.19 0.19 0.18 0.18 0.17 0.17 0.17 0.17 0.17 0.17 0.17 0.17 0.17 0.17 0.18 0.18 0.19 0.19 0.20 0.20 0.21 0.21 0.22 0.23 0.23 0.24 0.25 0.25 0.26 0.27 0.27 0.28 0.29 0.30 0.30 0.31 0.32 0.32 0.33 0.33 0.34 0.34 0.35
0.43 0.43 0.43 0.43 0.43 0.42 0.42 0.42 0.41 0.41 0.41 0.40 0.40 0.39 0.38 0.38 0.37 0.37 0.36 0.35 0.35 0.34 0.33 0.33 0.32 0.31 0.30 0.30 0.29 0.28 0.27 0.27 0.26 0.25 0.24 0.23 0.23 0.22 0.21 0.20 0.20 0.19 0.19 0.18 0.18 0.17 0.17 0.17 0.16 0.16 0.16 0.16 0.17 0.17 0.17 0.17 0.18 0.18 0.19 0.19 0.20 0.20 0.21 0.21 0.22 0.23 0.23 0.24 0.25 0.25 0.26 0.27 0.27 0.28 0.29 0.30 0.30 0.31 0.31 0.32 0.33 0.33 0.34 0.34
0.43 0.43 0.43 0.43 0.43 0.42 0.42 0.42 0.41 0.41 0.41 0.40 0.40 0.39 0.39 0.38 0.38 0.37 0.36 0.36 0.35 0.34 0.33 0.33 0.32 0.31 0.31 0.30 0.29 0.28 0.28 0.27 0.26 0.25 0.24 0.24 0.23 0.22 0.21 0.21 0.20 0.19 0.19 0.18 0.17 0.17 0.17 0.16 0.16 0.16 0.16 0.16 0.16 0.17 0.17 0.17 0.18 0.18 0.18 0.19 0.19 0.20 0.20 0.21 0.22 0.22 0.23 0.23 0.24 0.25 0.25 0.26 0.27 0.27 0.28 0.29 0.30 0.30 0.31 0.31 0.32 0.33 0.33 0.33
0.43 0.43 0.43 0.43 0.43 0.42 0.42 0.42 0.41 0.41 0.41 0.40 0.40 0.39 0.39 0.38 0.38 0.37 0.36 0.36 0.35 0.34 0.34 0.33 0.32 0.32 0.31 0.30 0.29 0.29 0.28 0.27 0.26 0.25 0.25 0.24 0.23 0.22 0.21 0.21 0.20 0.19 0.19 0.18 0.17 0.17 0.17 0.16 0.16 0.16 0.16 0.16 0.16 0.16 0.17 0.17 0.17 0.18 0.18 0.19 0.19 0.19 0.20 0.21 0.21 0.22 0.22 0.23 0.23 0.24 0.25 0.25 0.26 0.27 0.27 0.28 0.29 0.29 0.30 0.31 0.31 0.32 0.32 0.33
0.43 0.43 0.43 0.43 0.43 0.42 0.42 0.42 0.41 0.41 0.41 0.40 0.40 0.39 0.39 0.38 0.38 0.37 0.37 0.36 0.35 0.35 0.34 0.33 0.32 0.32 0.31 0.30 0.30 0.29 0.28 0.27 0.26 0.25 0.25 0.24 0.23 0.22 0.21 0.21 0.20 0.19 0.18 0.18 0.17 0.17 0.16 0.16 0.16 0.16 0.16 0.16 0.16 0.16 0.16 0.17 0.17 0.17 0.18 0.18 0.19 0.19 0.20 0.20 0.21 0.21 0.22 0.22 0.23 0.23 0.24 0.25 0.25 0.26 0.27 0.27 0.28 0.29 0.29 0.30 0.31 0.31 0.32 0.32
