speedsAfterKrig/residues/output_residuos_63_2010.asc
NCOLS          173       
NROWS          329       
XLLCENTER      510425.00 
YLLCENTER      8547775.00
DX             50.00     
DY             50.00     
NODATA_VALUE   -999.00   
[rows 228 to 265 of 329, columns 0 to 83 of 173]
0.39 0.38 0.38 0.37 0.36 0.36 0.35 0.35 0.34 0.33 0.32 0.32 0.31 0.30 0.29 0.28 0.27 0.26 0.26 0.25 0.24 0.23 0.22 0.21 0.20 0.19 0.18 0.17 0.16 0.15 0.14 0.14 0.13 0.13 0.12 0.12 0.12 0.12 0.12 0.11 0.11 0.11 0.10 0.10 0.10 0.09 0.09 0.08 0.08 0.07 0.06 0.06 0.05 0.04 0.04 0.03 0.02 0.02 0.01 0.00 -0.01 -0.01 -0.02 -0.02 -0.03 -0.02 -0.02 -0.01 0.01 0.03 0.05 0.08 0.11 0.14 0.18 0.22 0.27 0.31 0.37 0.42 0.48 0.54 0.60 0.67
0.39 0.38 0.38 0.37 0.36 0.36 0.35 0.34 0.34 0.33 0.32 0.32 0.31 0.30 0.29 0.28 0.27 0.26 0.25 0.25 0.24 0.23 0.22 0.21 0.20 0.19 0.18 0.17 0.16 0.15 0.14 0.13 0.13 0.13 0.12 0.12 0.12 0.12 0.12 0.12 0.11 0.11 0.11 0.10 0.10 0.09 0.09 0.08 0.08 0.07 0.06 0.06 0.05 0.04 0.04 0.03 0.02 0.01 0.01 -0.00 -0.01 -0.02 -0.02 -0.03 -0.03 -0.03 -0.02 -0.01 0.00 0.02 0.04 0.07 0.10 0.13 0.17 0.21 0.26 0.31 0.36 0.41 0.47 0.54 0.60 0.67
0.39 0.38 0.38 0.37 0.36 0.36 0.35 0.34 0.34 0.33 0.32 0.31 0.31 0.30 0.29 0.28 0.27 0.26 0.25 0.25 0.24 0.23 0.22 0.21 0.20 0.19 0.18 0.17 0.16 0.15 0.14 0.13 0.13 0.13 0.13 0.13 0.12 0.12 0.12 0.12 0.12 0.11 0.11 0.10 0.10 0.09 0.09 0.08 0.08 0.07 0.06 0.06 0.05 0.04 0.03 0.03 0.02 0.01 0.00 -0.01 -0.01 -0.02 -0.03 -0.04 -0.04 -0.04 -0.03 -0.02 -0.01 0.01 0.03 0.06 0.09 0.12 0.16 0.20 0.25 0.30 0.35 0.41 0.47 0.53 0.60 0.67
0.39 0.38 0.37 0.37 0.36 0.36 0.35 0.34 0.34 0.33 0.32 0.31 0.31 0.30 0.29 0.28 0.27 0.26 0.25 0.25 0.24 0.23 0.22 0.21 0.20 0.19 0.18 0.17 0.16 0.15 0.14 0.13 0.13 0.13 0.13 0.13 0.13 0.13 0.12 0.12 0.12 0.12 0.11 0.11 0.10 0.10 0.09 0.08 0.08 0.07 0.06 0.06 0.05 0.04 0.03 0.02 0.02 0.01 -0.00 -0.01 -0.02 -0.03 -0.04 -0.04 -0.04 -0.04 -0.04 -0.03 -0.01 0.01 0.03 0.05 0.08 0.12 0.15 0.20 0.24 0.29 0.34 0.40 0.46 0.53 0.59 0.66
0.39 0.38 0.37 0.37 0.36 0.36 0.35 0.34 0.34 0.33 0.32 0.31 0.31 0.30 0.29 0.28 0.27 0.26 0.25 0.25 0.24 0.23 0.22 0.21 0.20 0.19 0.18 0.17 0.16 0.15 0.14 0.14 0.13 0.13 0.13 0.13 0.13 0.13 0.13 0.12 0.12 0.12 0.11 0.11 0.10 0.10 0.09 0.09 0.08 0.07 0.06 0.06 0.05 0.04 0.03 0.02 0.01 0.01 -0.00 -0.01 -0.02 -0.03 -0.04 -0.05 -0.05 -0.05 -0.04 -0.03 -0.02 -0.00 0.02 0.05 0.08 0.11 0.15 0.19 0.23 0.28 0.34 0.39 0.46 0.52 0.59 0.66
0.39 0.38 0.37 0.37 0.36 0.36 0.35 0.34 0.34 0.33 0.32 0.31 0.31 0.30 0.29 0.28 0.27 0.26 0.26 0.25 0.24 0.23 0.22 0.21 0.20 0.19 0.18 0.17 0.16 0.16 0.15 0.14 0.14 0.14 0.14 0.14 0.13 0.13 0.13 0.13 0.12 0.12 0.12 0.11 0.11 0.10 0.09 0.09 0.08 0.07 0.06 0.06 0.05 0.04 0.03 0.02 0.01 0.00 -0.01 -0.02 -0.03 -0.03 -0.04 -0.05 -0.05 -0.05 -0.05 -0.04 -0.02 -0.01 0.02 0.04 0.07 0.10 0.14 0.18 0.22 0.27 0.33 0.38 0.45 0.51 0.58 0.66
0.39 0.38 0.37 0.37 0.36 0.36 0.35 0.34 0.34 0.33 0.32 0.31 0.31 0.30 0.29 0.28 0.27 0.26 0.26 0.25 0.24 0.23 0.22 0.21 0.20 0.19 0.19 0.18 0.17 0.16 0.16 0.15 0.15 0.14 0.14 0.14 0.14 0.14 0.13 0.13 0.13 0.12 0.12 0.11 0.11 0.10 0.09 0.09 0.08 0.07 0.07 0.06 0.05 0.04 0.03 0.02 0.01 0.00 -0.01 -0.02 -0.03 -0.04 -0.05 -0.05 -0.05 -0.05 -0.05 -0.04 -0.03 -0.01 0.01 0.04 0.06 0.10 0.13 0.17 0.21 0.26 0.32 0.37 0.44 0.51 0.58 0.65
0.38 0.38 0.37 0.37 0.36 0.36 0.35 0.34 0.33 0.33 0.32 0.31 0.30 0.30 0.29 0.28 0.27 0.26 0.26 0.25 0.24 0.23 0.22 0.21 0.20 0.20 0.19 0.18 0.17 0.17 0.16 0.16 0.15 0.15 0.15 0.14 0.14 0.14 0.14 0.13 0.13 0.13 0.12 0.11 0.11 0.10 0.10 0.09 0.08 0.07 0.07 0.06 0.05 0.04 0.03 0.02 0.01 -0.00 -0.01 -0.02 -0.03 -0.04 -0.05 -0.05 -0.06 -0.05 -0.05 -0.04 -0.03 -0.01 0.01 0.03 0.06 0.09 0.12 0.16 0.20 0.25 0.30 0.36 0.43 0.50 0.57 0.65
0.38 0.38 0.37 0.37 0.36 0.36 0.35 0.34 0.33 0.33 0.32 0.31 0.30 0.30 0.29 0.28 0.27 0.26 0.26 0.25 0.24 0.23 0.22 0.21 0.21 0.20 0.19 0.18 0.18 0.17 0.17 0.16 0.16 0.15 0.15 0.15 0.15 0.14 0.14 0.14 0.13 0.13 0.12 0.12 0.11 0.10 0.10 0.09 0.08 0.07 0.07 0.06 0.05 0.04 0.03 0.02 0.01 -0.00 -0.01 -0.02 -0.03 -0.04 -0.05 -0.06 -0.06 -0.05 -0.05 -0.04 -0.03 -0.01 0.01 0.03 0.05 0.08 0.12 0.15 0.19 0.24 0.29 0.35 0.42 0.49 0.56 0.64
0.38 0.38 0.37 0.37 0.36 0.35 0.35 0.34 0.33 0.33 0.32 0.31 0.30 0.30 0.29 0.28 0.27 0.27 0.26 0.25 0.24 0.23 0.22 0.22 0.21 0.20 0.19 0.19 0.18 0.18 0.17 0.17 0.16 0.16 0.16 0.15 0.15 0.15 0.14 0.14 0.13 0.13 0.12 0.12 0.11 0.11 0.10 0.09 0.08 0.07 0.07 0.06 0.05 0.04 0.03 0.02 0.01 -0.00 -0.01 -0.03 -0.04 -0.05 -0.05 -0.06 -0.06 -0.05 -0.05 -0.04 -0.03 -0.01 0.00 0.02 0.05 0.08 0.11 0.14 0.18 0.22 0.27 0.34 0.41 0.48 0.55 0.63
0.38 0.38 0.37 0.37 0.36 0.35 0.35 0.34 0.33 0.33 0.32 0.31 0.30 0.30 0.29 0.28 0.27 0.27 0.26 0.25 0.24 0.23 0.23 0.22 0.21 0.20 0.20 0.19 0.19 0.18 0.18 0.17 0.17 0.16 0.16 0.16 0.15 0.15 0.15 0.14 0.14 0.13 0.13 0.12 0.11 0.11 0.10 0.09 0.08 0.07 0.07 0.06 0.05 0.04 0.03 0.02 0.01 -0.01 -0.02 -0.03 -0.04 -0.05 -0.05 -0.06 -0.06 -0.05 -0.05 -0.04 -0.03 -0.01 0.00 0.02 0.05 0.07 0.10 0.14 0.17 0.21 0.26 0.32 0.40 0.47 0.55 0.63
0.38 0.38 0.37 0.37 0.36 0.35 0.35 0.34 0.33 0.33 0.32 0.31 0.30 0.30 0.29 0.28 0.27 0.27 0.26 0.25 0.24 0.23 0.23 0.22 0.21 0.21 0.20 0.19 0.19 0.18 0.18 0.18 0.17 0.17 0.16 0.16 0.16 0.15 0.15 0.14 0.14 0.13 0.13 0.12 0.11 0.11 0.10 0.09 0.08 0.07 0.07 0.06 0.05 0.04 0.03 0.02 0.00 -0.01 -0.02 -0.03 -0.04 -0.05 -0.05 -0.06 -0.06 -0.05 -0.05 -0.04 -0.03 -0.01 0.00 0.02 0.04 0.07 0.10 0.13 0.17 0.21 0.26 0.32 0.39 0.47 0.54 0.62
0.38 0.38 0.37 0.37 0.36 0.35 0.35 0.34 0.33 0.33 0.32 0.31 0.31 0.30 0.29 0.28 0.27 0.27 0.26 0.25 0.24 0.24 0.23 0.22 0.21 0.21 0.20 0.20 0.19 0.19 0.18 0.18 0.18 0.17 0.17 0.16 0.16 0.16 0.15 0.15 0.14 0.14 0.13 0.12 0.12 0.11 0.10 0.09 0.08 0.08 0.07 0.06 0.05 0.04 0.03 0.01 0.00 -0.01 -0.02 -0.03 -0.04 -0.05 -0.05 -0.06 -0.06 -0.05 -0.05 -0.04 -0.03 -0.01 0.00 0.02 0.04 0.07 0.10 0.13 0.17 0.21 0.26 0.32 0.39 0.46 0.54 0.62
0.38 0.38 0.37 0.37 0.36 0.35 0.35 0.34 0.33 0.33 0.32 0.31 0.31 0.30 0.29 0.28 0.27 0.27 0.26 0.25 0.24 0.24 0.23 0.22 0.22 0.21 0.20 0.20 0.19 0.19 0.19 0.18 0.18 0.17 0.17 0.17 0.16 0.16 0.15 0.15 0.14 0.14 0.13 0.12 0.12 0.11 0.10 0.09 0.08 0.08 0.07 0.06 0.05 0.04 0.02 0.01 0.00 -0.01 -0.02 -0.03 -0.04 -0.05 -0.05 -0.06 -0.06 -0.05 -0.05 -0.04 -0.03 -0.01 0.00 0.02 0.04 0.07 0.10 0.13 0.17 0.22 0.27 0.32 0.39 0.46 0.53 0.61
0.38 0.38 0.37 0.37 0.36 0.35 0.35 0.34 0.33 0.33 0.32 0.31 0.31 0.30 0.29 0.28 0.27 0.27 0.26 0.25 0.24 0.24 0.23 0.22 0.22 0.21 0.21 0.20 0.20 0.19 0.19 0.18 0.18 0.18 0.17 0.17 0.16 0.16 0.15 0.15 0.14 0.14 0.13 0.12 0.12 0.11 0.10 0.09 0.08 0.08 0.07 0.06 0.05 0.04 0.02 0.01 0.00 -0.01 -0.02 -0.03 -0.04 -0.05 -0.05 -0.06 -0.06 -0.05 -0.05 -0.04 -0.03 -0.01 0.00 0.02 0.04 0.07 0.10 0.13 0.17 0.22 0.27 0.32 0.39 0.46 0.53 0.61
0.38 0.38 0.37 0.37 0.36 0.35 0.35 0.34 0.33 0.33 0.32 0.31 0.31 0.30 0.29 0.28 0.28 0.27 0.26 0.25 0.25 0.24 0.23 0.22 0.22 0.21 0.21 0.20 0.20 0.19 0.19 0.19 0.18 0.18 0.18 0.17 0.17 0.16 0.16 0.15 0.14 0.14 0.13 0.13 0.12 0.11 0.10 0.09 0.08 0.08 0.07 0.06 0.05 0.03 0.02 0.01 0.00 -0.01 -0.02 -0.03 -0.04 -0.05 -0.05 -0.06 -0.06 -0.05 -0.05 -0.04 -0.03 -0.01 0.00 0.02 0.04 0.07 0.10 0.13 0.17 0.22 0.27 0.32 0.38 0.45 0.52 0.60
0.38 0.38 0.37 0.37 0.36 0.35 0.35 0.34 0.33 0.33 0.32 0.31 0.31 0.30 0.29 0.28 0.28 0.27 0.26 0.25 0.25 0.24 0.23 0.23 0.22 0.21 0.21 0.20 0.20 0.20 0.19 0.19 0.18 0.18 0.18 0.17 0.17 0.16 0.16 0.15 0.15 0.14 0.13 0.13 0.12 0.11 0.10 0.09 0.08 0.08 0.07 0.06 0.05 0.03 0.02 0.01 0.00 -0.01 -0.02 -0.03 -0.04 -0.05 -0.06 -0.06 -0.06 -0.05 -0.05 -0.04 -0.03 -0.01 0.00 0.02 0.04 0.07 0.10 0.13 0.17 0.21 0.26 0.32 0.38 0.44 0.51 0.59
0.38 0.38 0.37 0.37 0.36 0.35 0.35 0.34 0.33 0.33 0.32 0.31 0.31 0.30 0.29 0.28 0.27 0.27 0.26 0.25 0.25 0.24 0.23 0.23 0.22 0.21 0.21 0.21 0.20 0.20 0.19 0.19 0.19 0.18 0.18 0.17 0.17 0.16 0.16 0.15 0.15 0.14 0.13 0.13 0.12 0.11 0.10 0.09 0.08 0.08 0.07 0.06 0.05 0.03 0.02 0.01 0.00 -0.01 -0.02 -0.03 -0.04 -0.05 -0.06 -0.06 -0.06 -0.05 -0.05 -0.04 -0.03 -0.02 0.00 0.02 0.04 0.07 0.10 0.13 0.17 0.21 0.26 0.31 0.37 0.43 0.50 0.58
0.38 0.38 0.37 0.37 0.36 0.35 0.35 0.34 0.33 0.33 0.32 0.31 0.31 0.30 0.29 0.28 0.27 0.27 0.26 0.25 0.25 0.24 0.23 0.23 0.22 0.21 0.21 0.21 0.20 0.20 0.19 0.19 0.19 0.18 0.18 0.17 0.17 0.16 0.16 0.15 0.15 0.14 0.13 0.13 0.12 0.11 0.10 0.09 0.08 0.08 0.07 0.06 0.04 0.03 0.02 0.01 0.00 -0.01 -0.02 -0.03 -0.04 -0.05 -0.06 -0.06 -0.06 -0.06 -0.05 -0.04 -0.03 -0.02 -0.00 0.02 0.04 0.07 0.09 0.13 0.16 0.21 0.25 0.30 0.36 0.42 0.49 0.57
0.38 0.38 0.37 0.37 0.36 0.35 0.35 0.34 0.33 0.33 0.32 0.31 0.30 0.30 0.29 0.28 0.27 0.27 0.26 0.25 0.25 0.24 0.23 0.23 0.22 0.21 0.21 0.21 0.20 0.20 0.20 0.19 0.19 0.18 0.18 0.18 0.17 0.17 0.16 0.15 0.15 0.14 0.13 0.13 0.12 0.11 0.10 0.09 0.09 0.08 0.07 0.06 0.04 0.03 0.02 0.01 0.00 -0.01 -0.02 -0.04 -0.05 -0.05 -0.06 -0.06 -0.06 -0.06 -0.05 -0.04 -0.03 -0.02 -0.00 0.02 0.04 0.06 0.09 0.12 0.16 0.20 0.24 0.29 0.35 0.41 0.48 0.55
0.38 0.38 0.37 0.36 0.36 0.35 0.35 0.34 0.33 0.33 0.32 0.31 0.30 0.30 0.29 0.28 0.27 0.27 0.26 0.25 0.24 0.24 0.23 0.23 0.22 0.21 0.21 0.21 0.20 0.20 0.20 0.19 0.19 0.18 0.18 0.18 0.17 0.17 0.16 0.15 0.15 0.14 0.13 0.13 0.12 0.11 0.10 0.09 0.09 0.08 0.07 0.06 0.05 0.03 0.02 0.01 0.00 -0.01 -0.02 -0.04 -0.05 -0.05 -0.06 -0.06 -0.06 -0.06 -0.05 -0.05 -0.04 -0.02 -0.01 0.01 0.03 0.06 0.09 0.12 0.15 0.19 0.23 0.28 0.34 0.40 0.47 0.54
0.38 0.38 0.37 0.36 0.36 0.35 0.35 0.34 0.33 0.33 0.32 0.31 0.30 0.30 0.29 0.28 0.27 0.27 0.26 0.25 0.24 0.24 0.23 0.22 0.22 0.21 0.21 0.21 0.20 0.20 0.20 0.19 0.19 0.18 0.18 0.18 0.17 0.17 0.16 0.16 0.15 0.14 0.14 0.13 0.12 0.11 0.10 0.10 0.09 0.08 0.07 0.06 0.05 0.03 0.02 0.01 0.00 -0.01 -0.02 -0.04 -0.05 -0.06 -0.06 -0.06 -0.06 -0.06 -0.06 -0.05 -0.04 -0.03 -0.01 0.01 0.03 0.05 0.08 0.11 0.14 0.18 0.22 0.27 0.32 0.38 0.45 0.52
0.38 0.38 0.37 0.36 0.36 0.35 0.35 0.34 0.33 0.32 0.32 0.31 0.30 0.30 0.29 0.28 0.27 0.26 0.26 0.25 0.24 0.24 0.23 0.22 0.22 0.21 0.21 0.20 0.20 0.20 0.19 0.19 0.19 0.18 0.18 0.18 0.17 0.17 0.16 0.16 0.15 0.14 0.14 0.13 0.12 0.11 0.10 0.10 0.09 0.08 0.07 0.06 0.05 0.04 0.02 0.01 0.00 -0.01 -0.02 -0.04 -0.05 -0.06 -0.06 -0.07 -0.07 -0.07 -0.06 -0.05 -0.04 -0.03 -0.02 0.00 0.02 0.04 0.07 0.10 0.13 0.17 0.21 0.25 0.31 0.36 0.43 0.50
0.38 0.37 0.37 0.36 0.36 0.35 0.34 0.34 0.33 0.32 0.32 0.31 0.30 0.29 0.29 0.28 0.27 0.26 0.26 0.25 0.24 0.24 0.23 0.22 0.22 0.21 0.21 0.20 0.20 0.20 0.19 0.19 0.19 0.18 0.18 0.18 0.17 0.17 0.16 0.16 0.15 0.14 0.14 0.13 0.12 0.11 0.11 0.10 0.09 0.08 0.07 0.06 0.05 0.04 0.03 0.02 0.00 -0.01 -0.02 -0.04 -0.05 -0.06 -0.06 -0.07 -0.07 -0.07 -0.06 -0.06 -0.05 -0.04 -0.02 -0.01 0.01 0.04 0.06 0.09 0.12 0.16 0.19 0.24 0.29 0.34 0.41 0.48
0.38 0.37 0.37 0.36 0.36 0.35 0.34 0.34 0.33 0.32 0.32 0.31 0.30 0.29 0.29 0.28 0.27 0.26 0.25 0.25 0.24 0.23 0.23 0.22 0.22 0.21 0.21 0.20 0.20 0.19 0.19 0.19 0.19 0.18 0.18 0.17 0.17 0.17 0.16 0.15 0.15 0.14 0.14 0.13 0.12 0.11 0.11 0.10 0.09 0.08 0.07 0.06 0.05 0.04 0.03 0.02 0.00 -0.01 -0.02 -0.04 -0.05 -0.06 -0.07 -0.07 -0.07 -0.07 -0.07 -0.06 -0.05 -0.04 -0.03 -0.01 0.01 0.03 0.05 0.08 0.11 0.14 0.18 0.22 0.26 0.32 0.38 0.46
0.38 0.37 0.37 0.36 0.36 0.35 0.34 0.34 0.33 0.32 0.31 0.31 0.30 0.29 0.28 0.28 0.27 0.26 0.25 0.25 0.24 0.23 0.23 0.22 0.21 0.21 0.20 0.20 0.20 0.19 0.19 0.19 0.18 0.18 0.18 0.17 0.17 0.16 0.16 0.15 0.15 0.14 0.14 0.13 0.12 0.11 0.11 0.10 0.09 0.08 0.07 0.06 0.05 0.04 0.03 0.02 0.01 -0.01 -0.02 -0.04 -0.05 -0.06 -0.07 -0.07 -0.08 -0.07 -0.07 -0.07 -0.06 -0.05 -0.03 -0.02 -0.00 0.02 0.04 0.07 0.10 0.13 0.17 0.20 0.24 0.29 0.36 0.44
0.38 0.37 0.37 0.36 0.36 0.35 0.34 0.34 0.33 0.32 0.31 0.31 0.30 0.29 0.28 0.27 0.27 0.26 0.25 0.24 0.24 0.23 0.22 0.22 0.21 0.21 0.20 0.20 0.19 0.19 0.19 0.19 0.18 0.18 0.18 0.17 0.17 0.16 0.16 0.15 0.15 0.14 0.14 0.13 0.12 0.12 0.11 0.10 0.09 0.08 0.07 0.07 0.06 0.04 0.03 0.02 0.01 -0.01 -0.02 -0.04 -0.05 -0.06 -0.07 -0.08 -0.08 -0.08 -0.08 -0.07 -0.06 -0.05 -0.04 -0.03 -0.01 0.01 0.03 0.06 0.09 0.12 0.15 0.19 0.23 0.28 0.35 0.42
0.38 0.37 0.37 0.36 0.36 0.35 0.34 0.33 0.33 0.32 0.31 0.30 0.30 0.29 0.28 0.27 0.27 0.26 0.25 0.24 0.24 0.23 0.22 0.22 0.21 0.20 0.20 0.19 0.19 0.19 0.19 0.18 0.18 0.18 0.17 0.17 0.17 0.16 0.16 0.15 0.15 0.14 0.14 0.13 0.12 0.12 0.11 0.10 0.09 0.09 0.08 0.07 0.06 0.05 0.04 0.02 0.01 -0.01 -0.02 -0.04 -0.05 -0.06 -0.07 -0.08 -0.08 -0.08 -0.08 -0.08 -0.07 -0.06 -0.05 -0.04 -0.02 0.00 0.02 0.05 0.08 0.11 0.14 0.18 0.22 0.28 0.34 0.40
0.38 0.37 0.37 0.36 0.35 0.35 0.34 0.33 0.33 0.32 0.31 0.30 0.30 0.29 0.28 0.27 0.26 0.26 0.25 0.24 0.23 0.23 0.22 0.21 0.21 0.20 0.20 0.19 0.19 0.18 0.18 0.18 0.18 0.17 0.17 0.17 0.16 0.16 0.16 0.15 0.15 0.14 0.14 0.13 0.12 0.12 0.11 0.10 0.09 0.09 0.08 0.07 0.06 0.05 0.04 0.02 0.01 -0.01 -0.02 -0.04 -0.05 -0.06 -0.07 -0.08 -0.09 -0.09 -0.09 -0.08 -0.08 -0.07 -0.06 -0.04 -0.03 -0.01 0.01 0.04 0.06 0.10 0.13 0.17 0.21 0.26 0.32 0.39
0.38 0.37 0.37 0.36 0.35 0.35 0.34 0.33 0.33 0.32 0.31 0.30 0.29 0.29 0.28 0.27 0.26 0.25 0.25 0.24 0.23 0.22 0.22 0.21 0.20 0.20 0.19 0.19 0.18 0.18 0.18 0.18 0.17 0.17 0.17 0.17 0.16 0.16 0.15 0.15 0.15 0.14 0.13 0.13 0.12 0.12 0.11 0.10 0.10 0.09 0.08 0.07 0.06 0.05 0.04 0.03 0.01 -0.00 -0.02 -0.04 -0.05 -0.07 -0.08 -0.08 -0.09 -0.09 -0.09 -0.09 -0.08 -0.08 -0.07 -0.05 -0.04 -0.02 0.00 0.03 0.05 0.08 0.12 0.16 0.20 0.25 0.31 0.37
0.38 0.37 0.37 0.36 0.35 0.35 0.34 0.33 0.32 0.32 0.31 0.30 0.29 0.28 0.28 0.27 0.26 0.25 0.24 0.24 0.23 0.22 0.21 0.21 0.20 0.19 0.19 0.18 0.18 0.18 0.17 0.17 0.17 0.17 0.17 0.16 0.16 0.16 0.15 0.15 0.14 0.14 0.13 0.13 0.12 0.12 0.11 0.10 0.10 0.09 0.08 0.07 0.06 0.05 0.04 0.03 0.01 -0.00 -0.02 -0.04 -0.05 -0.07 -0.08 -0.09 -0.09 -0.10 -0.10 -0.10 -0.09 -0.08 -0.07 -0.06 -0.05 -0.03 -0.01 0.01 0.04 0.07 0.11 0.14 0.19 0.24 0.29 0.36
0.38 0.37 0.37 0.36 0.35 0.35 0.34 0.33 0.32 0.32 0.31 0.30 0.29 0.28 0.28 0.27 0.26 0.25 0.24 0.23 0.23 0.22 0.21 0.20 0.20 0.19 0.19 0.18 0.18 0.17 0.17 0.17 0.17 0.16 0.16 0.16 0.16 0.15 0.15 0.15 0.14 0.14 0.13 0.13 0.12 0.12 0.11 0.11 0.10 0.09 0.08 0.08 0.07 0.05 0.04 0.03 0.01 -0.00 -0.02 -0.04 -0.05 -0.07 -0.08 -0.09 -0.10 -0.10 -0.10 -0.10 -0.10 -0.09 -0.08 -0.07 -0.06 -0.04 -0.02 0.00 0.03 0.06 0.09 0.13 0.17 0.22 0.27 0.34
0.38 0.37 0.37 0.36 0.35 0.35 0.34 0.33 0.32 0.32 0.31 0.30 0.29 0.28 0.27 0.27 0.26 0.25 0.24 0.23 0.22 0.22 0.21 0.20 0.19 0.19 0.18 0.18 0.17 0.17 0.17 0.16 0.16 0.16 0.16 0.16 0.15 0.15 0.15 0.14 0.14 0.14 0.13 0.13 0.12 0.12 0.11 0.11 0.10 0.09 0.09 0.08 0.07 0.06 0.04 0.03 0.01 -0.00 -0.02 -0.04 -0.05 -0.07 -0.08 -0.09 -0.10 -0.11 -0.11 -0.11 -0.11 -0.10 -0.09 -0.08 -0.07 -0.05 -0.03 -0.01 0.01 0.04 0.07 0.11 0.15 0.20 0.26 0.32
0.38 0.37 0.37 0.36 0.35 0.35 0.34 0.33 0.32 0.31 0.31 0.30 0.29 0.28 0.27 0.26 0.25 0.25 0.24 0.23 0.22 0.21 0.20 0.20 0.19 0.18 0.18 0.17 0.17 0.16 0.16 0.16 0.16 0.16 0.15 0.15 0.15 0.15 0.15 0.14 0.14 0.14 0.13 0.13 0.12 0.12 0.11 0.11 0.10 0.10 0.09 0.08 0.07 0.06 0.04 0.03 0.02 0.00 -0.02 -0.03 -0.05 -0.07 -0.08 -0.09 -0.10 -0.11 -0.11 -0.11 -0.11 -0.11 -0.10 -0.09 -0.08 -0.07 -0.05 -0.03 -0.00 0.03 0.06 0.09 0.13 0.18 0.24 0.31
0.38 0.37 0.37 0.36 0.35 0.34 0.34 0.33 0.32 0.31 0.31 0.30 0.29 0.28 0.27 0.26 0.25 0.24 0.24 0.23 0.22 0.21 0.20 0.19 0.19 0.18 0.17 0.17 0.16 0.16 0.16 0.15 0.15 0.15 0.15 0.15 0.15 0.15 0.14 0.14 0.14 0.13 0.13 0.13 0.12 0.12 0.11 0.11 0.10 0.10 0.09 0.08 0.07 0.06 0.05 0.03 0.02 0.00 -0.02 -0.03 -0.05 -0.07 -0.09 -0.10 -0.11 -0.11 -0.12 -0.12 -0.12 -0.12 -0.11 -0.10 -0.09 -0.08 -0.06 -0.04 -0.02 0.01 0.04 0.07 0.11 0.17 0.22 0.29
0.38 0.37 0.37 0.36 0.35 0.34 0.34 0.33 0.32 0.31 0.31 0.30 0.29 0.28 0.27 0.26 0.25 0.24 0.23 0.22 0.22 0.21 0.20 0.19 0.18 0.17 0.17 0.16 0.16 0.15 0.15 0.15 0.15 0.15 0.15 0.15 0.14 0.14 0.14 0.14 0.14 0.13 0.13 0.13 0.12 0.12 0.11 0.11 0.10 0.10 0.09 0.08 0.07 0.06 0.05 0.03 0.02 0.00 -0.01 -0.03 -0.05 -0.07 -0.09 -0.10 -0.11 -0.12 -0.12 -0.13 -0.13 -0.13 -0.12 -0.11 -0.10 -0.09 -0.08 -0.06 -0.04 -0.01 0.02 0.05 0.10 0.15 0.21 0.27
0.38 0.37 0.36 0.36 0.35 0.34 0.34 0.33 0.32 0.31 0.30 0.30 0.29 0.28 0.27 0.26 0.25 0.24 0.23 0.22 0.21 0.20 0.20 0.19 0.18 0.17 0.16 0.16 0.15 0.15 0.14 0.14 0.14 0.14 0.14 0.14 0.14 0.14 0.14 0.14 0.13 0.13 0.13 0.13 0.12 0.12 0.12 0.11 0.11 0.10 0.09 0.08 0.07 0.06 0.05 0.03 0.02 0.00 -0.01 -0.03 -0.05 -0.07 -0.09 -0.10 -0.11 -0.12 -0.13 -0.13 -0.14 -0.14 -0.13 -0.13 -0.12 -0.11 -0.09 -0.07 -0.05 -0.03 -0.00 0.03 0.08 0.13 0.19 0.25
0.38 0.37 0.36 0.36 0.35 0.34 0.34 0.33 0.32 0.31 0.30 0.30 0.29 0.28 0.27 0.26 0.25 0.24 0.23 0.22 0.21 0.20 0.19 0.18 0.17 0.17 0.16 0.15 0.15 0.14 0.14 0.14 0.14 0.14 0.14 0.14 0.14 0.14 0.14 0.13 0.13 0.13 0.13 0.13 0.12 0.12 0.12 0.11 0.11 0.10 0.09 0.08 0.07 0.06 0.05 0.04 0.02 0.00 -0.01 -0.03 -0.05 -0.07 -0.09 -0.10 -0.12 -0.13 -0.14 -0.14 -0.14 -0.14 -0.14 -0.14 -0.13 -0.12 -0.11 -0.09 -0.07 -0.05 -0.02 0.01 0.06 0.11 0.17 0.24
