speedsAfterKrig/residues/output_residuos_31_2007.asc
NCOLS          173       
NROWS          329       
XLLCENTER      510425.00 
YLLCENTER      8547775.00
DX             50.00     
DY             50.00     
NODATA_VALUE   -999.00   
[rows 228 to 265 of 329, columns 84 to 167 of 173]
0.34 0.37 0.40 0.43 0.46 0.50 0.53 0.56 0.59 0.62 0.65 0.68 0.71 0.74 0.77 0.79 0.81 0.84 0.85 0.87 0.89 0.90 0.91 0.92 0.92 0.93 0.93 0.92 0.92 0.91 0.90 0.89 0.87 0.86 0.84 0.81 0.79 0.77 0.74 0.71 0.68 0.65 0.62 0.59 0.56 0.52 0.49 0.45 0.42 0.39 0.35 0.32 0.29 0.26 0.23 0.20 0.17 0.14 0.12 0.09 0.07 0.05 0.03 0.01 -0.00 -0.01 -0.03 -0.03 -0.04 -0.05 -0.05 -0.06 -0.06 -0.06 -0.05 -0.05 -0.05 -0.04 -0.03 -0.03 -0.02 -0.01 -0.00 0.00
0.34 0.37 0.40 0.43 0.47 0.50 0.53 0.56 0.60 0.63 0.66 0.69 0.72 0.75 0.78 0.80 0.83 0.85 0.87 0.89 0.91 0.92 0.93 0.94 0.94 0.95 0.95 0.95 0.94 0.93 0.92 0.91 0.90 0.88 0.86 0.84 0.81 0.79 0.76 0.73 0.70 0.67 0.63 0.60 0.57 0.53 0.50 0.46 0.43 0.39 0.36 0.32 0.29 0.26 0.23 0.20 0.17 0.14 0.12 0.09 0.07 0.05 0.03 0.01 -0.00 -0.02 -0.03 -0.04 -0.05 -0.05 -0.06 -0.06 -0.06 -0.06 -0.06 -0.06 -0.05 -0.04 -0.04 -0.03 -0.02 -0.01 -0.01 0.00
0.34 0.37 0.40 0.43 0.47 0.50 0.53 0.57 0.60 0.64 0.67 0.70 0.73 0.76 0.79 0.82 0.84 0.86 0.89 0.91 0.92 0.94 0.95 0.96 0.97 0.97 0.97 0.97 0.97 0.96 0.95 0.94 0.92 0.90 0.88 0.86 0.83 0.81 0.78 0.75 0.72 0.69 0.65 0.62 0.58 0.55 0.51 0.47 0.44 0.40 0.36 0.33 0.29 0.26 0.23 0.20 0.17 0.14 0.11 0.09 0.07 0.05 0.03 0.01 -0.01 -0.02 -0.03 -0.04 -0.05 -0.06 -0.06 -0.06 -0.07 -0.07 -0.06 -0.06 -0.06 -0.05 -0.04 -0.03 -0.03 -0.02 -0.01 -0.00
0.34 0.37 0.40 0.43 0.47 0.50 0.54 0.57 0.61 0.64 0.67 0.71 0.74 0.77 0.80 0.83 0.85 0.88 0.90 0.92 0.94 0.96 0.97 0.98 0.99 0.99 1.00 1.00 0.99 0.99 0.98 0.96 0.95 0.93 0.91 0.89 0.86 0.83 0.80 0.77 0.74 0.71 0.67 0.63 0.60 0.56 0.52 0.48 0.45 0.41 0.37 0.33 0.30 0.26 0.23 0.20 0.17 0.14 0.11 0.09 0.06 0.04 0.02 0.00 -0.01 -0.03 -0.04 -0.05 -0.06 -0.06 -0.07 -0.07 -0.07 -0.07 -0.07 -0.07 -0.06 -0.06 -0.05 -0.04 -0.03 -0.02 -0.01 -0.01
0.33 0.37 0.40 0.43 0.47 0.50 0.54 0.58 0.61 0.65 0.68 0.71 0.75 0.78 0.81 0.84 0.87 0.89 0.92 0.94 0.96 0.98 0.99 1.01 1.02 1.02 1.03 1.03 1.02 1.02 1.01 0.99 0.98 0.96 0.94 0.91 0.89 0.86 0.83 0.80 0.76 0.73 0.69 0.66 0.62 0.58 0.54 0.50 0.46 0.42 0.38 0.34 0.31 0.27 0.23 0.20 0.17 0.14 0.11 0.08 0.06 0.04 0.02 -0.00 -0.02 -0.03 -0.04 -0.05 -0.06 -0.07 -0.07 -0.07 -0.08 -0.08 -0.08 -0.07 -0.07 -0.06 -0.05 -0.05 -0.04 -0.03 -0.02 -0.01
0.33 0.36 0.40 0.43 0.47 0.50 0.54 0.58 0.61 0.65 0.69 0.72 0.75 0.79 0.82 0.85 0.88 0.91 0.93 0.96 0.98 1.00 1.02 1.03 1.05 1.05 1.06 1.06 1.06 1.05 1.04 1.03 1.01 0.99 0.97 0.95 0.92 0.89 0.86 0.83 0.79 0.75 0.72 0.68 0.64 0.60 0.56 0.52 0.48 0.44 0.39 0.35 0.32 0.28 0.24 0.21 0.17 0.14 0.11 0.08 0.06 0.03 0.01 -0.01 -0.02 -0.04 -0.05 -0.06 -0.07 -0.07 -0.08 -0.08 -0.08 -0.08 -0.08 -0.08 -0.07 -0.07 -0.06 -0.05 -0.04 -0.03 -0.02 -0.01
0.33 0.36 0.39 0.43 0.47 0.50 0.54 0.58 0.62 0.65 0.69 0.73 0.76 0.79 0.83 0.86 0.89 0.92 0.95 0.98 1.01 1.03 1.05 1.06 1.08 1.09 1.09 1.10 1.09 1.09 1.08 1.06 1.05 1.03 1.00 0.98 0.95 0.92 0.89 0.85 0.82 0.78 0.74 0.70 0.66 0.62 0.58 0.54 0.49 0.45 0.41 0.37 0.33 0.29 0.25 0.21 0.18 0.14 0.11 0.08 0.05 0.03 0.01 -0.01 -0.03 -0.04 -0.06 -0.07 -0.07 -0.08 -0.08 -0.09 -0.09 -0.09 -0.09 -0.09 -0.08 -0.07 -0.07 -0.06 -0.05 -0.04 -0.03 -0.02
0.32 0.36 0.39 0.43 0.46 0.50 0.54 0.58 0.62 0.65 0.69 0.73 0.77 0.80 0.84 0.87 0.91 0.94 0.97 1.00 1.03 1.06 1.08 1.10 1.11 1.13 1.13 1.13 1.13 1.13 1.12 1.10 1.08 1.06 1.04 1.01 0.98 0.95 0.92 0.88 0.85 0.81 0.77 0.73 0.69 0.64 0.60 0.56 0.51 0.47 0.43 0.38 0.34 0.30 0.26 0.22 0.18 0.15 0.11 0.08 0.05 0.03 0.00 -0.02 -0.04 -0.05 -0.06 -0.07 -0.08 -0.09 -0.09 -0.10 -0.10 -0.10 -0.10 -0.09 -0.09 -0.08 -0.07 -0.06 -0.05 -0.04 -0.03 -0.02
0.32 0.35 0.39 0.42 0.46 0.50 0.54 0.58 0.62 0.66 0.69 0.73 0.77 0.81 0.85 0.89 0.93 0.96 1.00 1.03 1.06 1.09 1.12 1.14 1.15 1.17 1.17 1.18 1.17 1.17 1.16 1.14 1.12 1.10 1.08 1.05 1.02 0.99 0.95 0.92 0.88 0.84 0.80 0.76 0.71 0.67 0.63 0.58 0.54 0.49 0.44 0.40 0.36 0.31 0.27 0.23 0.19 0.15 0.12 0.09 0.06 0.03 0.00 -0.02 -0.04 -0.06 -0.07 -0.08 -0.09 -0.10 -0.10 -0.10 -0.10 -0.10 -0.10 -0.10 -0.09 -0.09 -0.08 -0.07 -0.06 -0.05 -0.04 -0.03
0.31 0.35 0.38 0.42 0.46 0.50 0.54 0.58 0.62 0.66 0.70 0.74 0.78 0.82 0.86 0.90 0.95 0.98 1.02 1.06 1.09 1.12 1.15 1.18 1.19 1.21 1.22 1.22 1.22 1.21 1.20 1.18 1.16 1.14 1.11 1.09 1.06 1.02 0.99 0.95 0.91 0.87 0.83 0.79 0.74 0.70 0.65 0.61 0.56 0.51 0.47 0.42 0.37 0.33 0.28 0.24 0.20 0.16 0.13 0.09 0.06 0.03 0.00 -0.02 -0.04 -0.06 -0.07 -0.09 -0.10 -0.10 -0.11 -0.11 -0.11 -0.11 -0.11 -0.11 -0.10 -0.10 -0.09 -0.08 -0.07 -0.06 -0.05 -0.04
0.30 0.34 0.38 0.42 0.45 0.49 0.53 0.57 0.61 0.66 0.70 0.74 0.79 0.83 0.88 0.92 0.97 1.01 1.05 1.09 1.13 1.16 1.19 1.22 1.24 1.25 1.26 1.27 1.26 1.26 1.24 1.23 1.21 1.18 1.15 1.12 1.09 1.06 1.02 0.98 0.95 0.90 0.86 0.82 0.77 0.73 0.68 0.63 0.58 0.54 0.49 0.44 0.39 0.35 0.30 0.26 0.21 0.17 0.13 0.10 0.06 0.03 0.01 -0.02 -0.04 -0.06 -0.08 -0.09 -0.10 -0.11 -0.12 -0.12 -0.12 -0.12 -0.12 -0.11 -0.11 -0.10 -0.09 -0.09 -0.07 -0.06 -0.05 -0.04
0.30 0.33 0.37 0.41 0.45 0.49 0.53 0.57 0.61 0.66 0.70 0.75 0.80 0.84 0.89 0.94 0.99 1.03 1.08 1.12 1.16 1.20 1.23 1.26 1.29 1.30 1.31 1.32 1.31 1.30 1.29 1.27 1.25 1.22 1.20 1.16 1.13 1.10 1.06 1.02 0.98 0.94 0.89 0.85 0.80 0.76 0.71 0.66 0.61 0.56 0.51 0.46 0.41 0.36 0.32 0.27 0.23 0.18 0.14 0.11 0.07 0.04 0.01 -0.02 -0.04 -0.06 -0.08 -0.09 -0.10 -0.11 -0.12 -0.13 -0.13 -0.13 -0.13 -0.12 -0.12 -0.11 -0.10 -0.09 -0.08 -0.07 -0.06 -0.05
0.29 0.33 0.37 0.40 0.44 0.48 0.52 0.57 0.61 0.66 0.71 0.76 0.81 0.86 0.91 0.96 1.01 1.06 1.11 1.15 1.20 1.24 1.28 1.31 1.33 1.35 1.36 1.37 1.36 1.35 1.34 1.32 1.29 1.27 1.24 1.20 1.17 1.13 1.10 1.06 1.02 0.97 0.93 0.88 0.84 0.79 0.74 0.69 0.64 0.59 0.54 0.49 0.44 0.39 0.34 0.29 0.24 0.20 0.15 0.11 0.08 0.04 0.02 -0.01 -0.04 -0.06 -0.08 -0.09 -0.11 -0.12 -0.13 -0.13 -0.14 -0.14 -0.13 -0.13 -0.13 -0.12 -0.11 -0.10 -0.09 -0.08 -0.07 -0.05
0.29 0.32 0.36 0.40 0.44 0.48 0.52 0.57 0.62 0.66 0.71 0.77 0.82 0.87 0.92 0.98 1.03 1.08 1.13 1.18 1.23 1.28 1.32 1.36 1.38 1.41 1.42 1.42 1.41 1.40 1.38 1.36 1.34 1.31 1.28 1.24 1.21 1.17 1.13 1.09 1.05 1.01 0.96 0.92 0.87 0.82 0.77 0.72 0.67 0.62 0.56 0.51 0.46 0.41 0.36 0.31 0.26 0.21 0.17 0.12 0.09 0.05 0.02 -0.01 -0.03 -0.05 -0.07 -0.09 -0.11 -0.12 -0.13 -0.14 -0.14 -0.14 -0.14 -0.14 -0.13 -0.13 -0.12 -0.11 -0.10 -0.08 -0.07 -0.06
0.28 0.31 0.35 0.39 0.43 0.47 0.52 0.57 0.62 0.67 0.72 0.77 0.83 0.88 0.94 0.99 1.05 1.11 1.16 1.21 1.27 1.32 1.36 1.40 1.44 1.46 1.47 1.47 1.47 1.45 1.43 1.41 1.38 1.35 1.32 1.28 1.25 1.21 1.17 1.13 1.09 1.04 1.00 0.95 0.90 0.85 0.80 0.75 0.70 0.65 0.59 0.54 0.48 0.43 0.38 0.33 0.28 0.23 0.18 0.13 0.09 0.06 0.03 -0.00 -0.03 -0.05 -0.07 -0.09 -0.11 -0.12 -0.13 -0.14 -0.15 -0.15 -0.15 -0.15 -0.14 -0.14 -0.13 -0.12 -0.10 -0.09 -0.08 -0.07
0.27 0.31 0.34 0.38 0.43 0.47 0.52 0.57 0.62 0.67 0.73 0.78 0.84 0.90 0.95 1.01 1.07 1.13 1.19 1.24 1.30 1.35 1.40 1.45 1.49 1.52 1.53 1.53 1.52 1.50 1.48 1.45 1.42 1.39 1.36 1.32 1.29 1.25 1.21 1.17 1.13 1.08 1.03 0.99 0.94 0.89 0.84 0.78 0.73 0.68 0.62 0.57 0.51 0.46 0.40 0.35 0.30 0.24 0.19 0.15 0.10 0.07 0.04 0.01 -0.02 -0.04 -0.07 -0.09 -0.10 -0.12 -0.13 -0.14 -0.15 -0.16 -0.16 -0.16 -0.15 -0.14 -0.14 -0.12 -0.11 -0.10 -0.09 -0.07
0.26 0.30 0.34 0.38 0.42 0.47 0.52 0.57 0.62 0.68 0.73 0.79 0.85 0.91 0.97 1.03 1.09 1.15 1.21 1.27 1.33 1.39 1.44 1.50 1.54 1.58 1.59 1.58 1.57 1.54 1.52 1.49 1.46 1.43 1.40 1.36 1.33 1.29 1.25 1.21 1.16 1.12 1.07 1.02 0.97 0.92 0.87 0.82 0.76 0.71 0.65 0.59 0.54 0.48 0.43 0.37 0.32 0.26 0.21 0.16 0.11 0.08 0.05 0.02 -0.01 -0.04 -0.06 -0.08 -0.10 -0.12 -0.13 -0.14 -0.15 -0.16 -0.16 -0.16 -0.16 -0.15 -0.14 -0.13 -0.12 -0.11 -0.09 -0.08
0.25 0.29 0.33 0.37 0.42 0.47 0.52 0.57 0.62 0.68 0.74 0.80 0.86 0.92 0.98 1.04 1.11 1.17 1.23 1.29 1.36 1.42 1.48 1.53 1.59 1.64 1.65 1.63 1.61 1.58 1.56 1.53 1.50 1.47 1.44 1.40 1.36 1.33 1.28 1.24 1.20 1.15 1.11 1.06 1.01 0.96 0.90 0.85 0.79 0.74 0.68 0.62 0.57 0.51 0.45 0.40 0.34 0.29 0.23 0.18 0.14 0.10 0.06 0.03 0.00 -0.03 -0.05 -0.08 -0.10 -0.12 -0.13 -0.14 -0.15 -0.16 -0.17 -0.17 -0.17 -0.16 -0.15 -0.14 -0.13 -0.12 -0.10 -0.09
0.24 0.28 0.32 0.37 0.41 0.46 0.52 0.57 0.63 0.68 0.74 0.80 0.87 0.93 0.99 1.06 1.12 1.19 1.25 1.31 1.38 1.44 1.50 1.56 1.62 1.67 1.68 1.66 1.64 1.62 1.59 1.56 1.53 1.50 1.47 1.44 1.40 1.36 1.32 1.28 1.24 1.19 1.14 1.09 1.04 0.99 0.94 0.88 0.83 0.77 0.71 0.65 0.60 0.54 0.48 0.42 0.37 0.31 0.26 0.21 0.16 0.12 0.08 0.04 0.01 -0.02 -0.04 -0.07 -0.09 -0.11 -0.13 -0.14 -0.16 -0.16 -0.17 -0.17 -0.17 -0.17 -0.16 -0.15 -0.14 -0.13 -0.11 -0.10
0.24 0.27 0.32 0.36 0.41 0.46 0.51 0.57 0.63 0.69 0.75 0.81 0.87 0.94 1.00 1.07 1.13 1.20 1.26 1.33 1.39 1.45 1.51 1.57 1.62 1.66 1.68 1.67 1.66 1.64 1.62 1.59 1.57 1.54 1.50 1.47 1.43 1.40 1.36 1.31 1.27 1.22 1.18 1.13 1.08 1.02 0.97 0.91 0.86 0.80 0.74 0.68 0.63 0.57 0.51 0.45 0.39 0.34 0.28 0.23 0.18 0.14 0.10 0.06 0.03 -0.01 -0.03 -0.06 -0.09 -0.11 -0.13 -0.14 -0.16 -0.17 -0.17 -0.18 -0.18 -0.18 -0.17 -0.16 -0.15 -0.14 -0.12 -0.11
0.23 0.27 0.31 0.36 0.41 0.46 0.51 0.57 0.63 0.69 0.75 0.81 0.88 0.94 1.01 1.08 1.14 1.21 1.28 1.34 1.40 1.46 1.52 1.58 1.62 1.66 1.68 1.68 1.67 1.66 1.64 1.62 1.59 1.57 1.54 1.50 1.47 1.43 1.39 1.35 1.31 1.26 1.21 1.16 1.11 1.06 1.00 0.95 0.89 0.83 0.77 0.72 0.66 0.60 0.54 0.48 0.42 0.36 0.31 0.26 0.21 0.16 0.12 0.08 0.04 0.01 -0.02 -0.05 -0.08 -0.10 -0.12 -0.14 -0.15 -0.17 -0.17 -0.18 -0.18 -0.18 -0.18 -0.17 -0.16 -0.15 -0.13 -0.11
0.22 0.26 0.31 0.35 0.40 0.46 0.51 0.57 0.63 0.69 0.76 0.82 0.88 0.95 1.02 1.09 1.15 1.22 1.28 1.35 1.41 1.47 1.53 1.58 1.62 1.65 1.67 1.68 1.68 1.67 1.66 1.64 1.62 1.59 1.57 1.53 1.50 1.46 1.43 1.38 1.34 1.30 1.25 1.20 1.15 1.09 1.04 0.98 0.92 0.87 0.81 0.75 0.69 0.63 0.57 0.51 0.45 0.39 0.33 0.28 0.23 0.18 0.14 0.10 0.06 0.02 -0.01 -0.04 -0.07 -0.10 -0.12 -0.14 -0.15 -0.17 -0.18 -0.18 -0.19 -0.19 -0.18 -0.18 -0.17 -0.16 -0.14 -0.12
0.21 0.25 0.30 0.35 0.40 0.46 0.51 0.57 0.63 0.69 0.76 0.82 0.89 0.96 1.02 1.09 1.16 1.23 1.29 1.35 1.42 1.47 1.53 1.58 1.62 1.65 1.67 1.68 1.69 1.69 1.68 1.66 1.64 1.62 1.59 1.56 1.53 1.50 1.46 1.42 1.38 1.33 1.28 1.23 1.18 1.13 1.07 1.02 0.96 0.90 0.84 0.78 0.72 0.66 0.60 0.54 0.48 0.42 0.36 0.31 0.25 0.20 0.16 0.11 0.07 0.03 -0.00 -0.03 -0.06 -0.09 -0.11 -0.13 -0.15 -0.17 -0.18 -0.18 -0.19 -0.19 -0.19 -0.18 -0.18 -0.16 -0.15 -0.14
0.20 0.25 0.30 0.35 0.40 0.45 0.51 0.57 0.63 0.70 0.76 0.83 0.89 0.96 1.03 1.10 1.16 1.23 1.30 1.36 1.42 1.48 1.53 1.58 1.62 1.65 1.67 1.69 1.70 1.70 1.69 1.68 1.66 1.64 1.62 1.59 1.56 1.53 1.49 1.45 1.41 1.37 1.32 1.27 1.22 1.16 1.11 1.05 0.99 0.93 0.87 0.81 0.75 0.69 0.63 0.57 0.50 0.44 0.39 0.33 0.28 0.23 0.18 0.13 0.09 0.05 0.01 -0.02 -0.05 -0.08 -0.11 -0.13 -0.15 -0.16 -0.18 -0.19 -0.19 -0.19 -0.19 -0.19 -0.18 -0.17 -0.16 -0.15
0.20 0.24 0.29 0.34 0.40 0.45 0.51 0.57 0.63 0.70 0.76 0.83 0.90 0.97 1.03 1.10 1.17 1.23 1.30 1.36 1.42 1.48 1.53 1.58 1.62 1.65 1.68 1.69 1.70 1.71 1.71 1.70 1.69 1.67 1.65 1.62 1.59 1.56 1.52 1.49 1.44 1.40 1.35 1.30 1.25 1.20 1.14 1.09 1.03 0.97 0.91 0.84 0.78 0.72 0.66 0.59 0.53 0.47 0.41 0.35 0.30 0.25 0.20 0.15 0.10 0.06 0.02 -0.01 -0.04 -0.07 -0.10 -0.12 -0.14 -0.16 -0.18 -0.19 -0.19 -0.20 -0.20 -0.19 -0.19 -0.18 -0.17 -0.15
0.19 0.24 0.29 0.34 0.39 0.45 0.51 0.57 0.63 0.70 0.76 0.83 0.90 0.97 1.04 1.10 1.17 1.24 1.30 1.36 1.42 1.48 1.53 1.58 1.62 1.65 1.68 1.70 1.71 1.72 1.72 1.72 1.71 1.69 1.67 1.65 1.62 1.59 1.56 1.52 1.48 1.44 1.39 1.34 1.29 1.24 1.18 1.12 1.06 1.00 0.94 0.88 0.81 0.75 0.69 0.62 0.56 0.50 0.44 0.38 0.32 0.27 0.22 0.17 0.12 0.08 0.04 -0.00 -0.04 -0.07 -0.10 -0.12 -0.14 -0.16 -0.18 -0.19 -0.20 -0.20 -0.20 -0.20 -0.19 -0.19 -0.18 -0.16
0.19 0.24 0.28 0.34 0.39 0.45 0.51 0.57 0.63 0.70 0.77 0.83 0.90 0.97 1.04 1.11 1.17 1.24 1.31 1.37 1.43 1.48 1.53 1.58 1.62 1.66 1.69 1.71 1.72 1.73 1.74 1.74 1.73 1.72 1.70 1.68 1.65 1.62 1.59 1.55 1.52 1.47 1.43 1.38 1.33 1.27 1.22 1.16 1.10 1.03 0.97 0.91 0.84 0.78 0.71 0.65 0.59 0.52 0.46 0.40 0.34 0.29 0.23 0.18 0.13 0.09 0.05 0.01 -0.03 -0.06 -0.09 -0.12 -0.14 -0.16 -0.17 -0.19 -0.20 -0.20 -0.20 -0.20 -0.20 -0.19 -0.18 -0.17
0.19 0.23 0.28 0.33 0.39 0.45 0.51 0.57 0.63 0.70 0.77 0.83 0.90 0.97 1.04 1.11 1.18 1.24 1.31 1.37 1.43 1.48 1.54 1.58 1.63 1.66 1.69 1.72 1.74 1.75 1.75 1.75 1.75 1.74 1.73 1.71 1.68 1.66 1.62 1.59 1.55 1.51 1.46 1.41 1.36 1.31 1.25 1.19 1.13 1.07 1.01 0.94 0.88 0.81 0.74 0.68 0.61 0.55 0.49 0.42 0.36 0.31 0.25 0.20 0.15 0.10 0.06 0.02 -0.02 -0.05 -0.08 -0.11 -0.13 -0.16 -0.17 -0.19 -0.20 -0.20 -0.21 -0.21 -0.20 -0.20 -0.19 -0.18
0.18 0.23 0.28 0.33 0.39 0.45 0.51 0.57 0.63 0.70 0.77 0.84 0.90 0.97 1.04 1.11 1.18 1.25 1.31 1.37 1.43 1.49 1.54 1.59 1.63 1.67 1.70 1.73 1.75 1.76 1.77 1.78 1.77 1.77 1.75 1.74 1.72 1.69 1.66 1.63 1.59 1.55 1.50 1.45 1.40 1.34 1.29 1.23 1.17 1.10 1.04 0.97 0.91 0.84 0.77 0.71 0.64 0.57 0.51 0.45 0.39 0.33 0.27 0.21 0.16 0.12 0.07 0.03 -0.01 -0.05 -0.08 -0.11 -0.13 -0.15 -0.17 -0.19 -0.20 -0.20 -0.21 -0.21 -0.21 -0.20 -0.19 -0.19
0.18 0.23 0.28 0.33 0.39 0.44 0.50 0.57 0.63 0.70 0.77 0.84 0.91 0.98 1.04 1.11 1.18 1.25 1.31 1.38 1.44 1.49 1.55 1.60 1.64 1.68 1.71 1.74 1.76 1.78 1.79 1.80 1.80 1.79 1.78 1.77 1.75 1.72 1.69 1.66 1.62 1.58 1.54 1.49 1.44 1.38 1.32 1.26 1.20 1.14 1.07 1.00 0.94 0.87 0.80 0.73 0.66 0.60 0.53 0.47 0.40 0.34 0.29 0.23 0.18 0.13 0.08 0.04 -0.00 -0.04 -0.07 -0.10 -0.13 -0.15 -0.17 -0.18 -0.20 -0.21 -0.21 -0.21 -0.21 -0.21 -0.20 -0.19
0.18 0.22 0.27 0.33 0.38 0.44 0.50 0.57 0.63 0.70 0.77 0.84 0.91 0.98 1.05 1.12 1.18 1.25 1.32 1.38 1.44 1.50 1.55 1.60 1.65 1.69 1.72 1.75 1.78 1.80 1.81 1.82 1.82 1.82 1.81 1.80 1.78 1.76 1.73 1.70 1.66 1.62 1.58 1.53 1.47 1.42 1.36 1.30 1.24 1.17 1.11 1.04 0.97 0.90 0.83 0.76 0.69 0.62 0.55 0.49 0.42 0.36 0.30 0.24 0.19 0.14 0.09 0.05 0.00 -0.03 -0.07 -0.10 -0.12 -0.15 -0.17 -0.18 -0.20 -0.21 -0.21 -0.21 -0.21 -0.21 -0.20 -0.20
0.17 0.22 0.27 0.32 0.38 0.44 0.50 0.56 0.63 0.70 0.77 0.83 0.91 0.98 1.05 1.12 1.19 1.25 1.32 1.38 1.45 1.50 1.56 1.61 1.66 1.70 1.74 1.77 1.79 1.82 1.83 1.84 1.85 1.85 1.84 1.83 1.81 1.79 1.77 1.73 1.70 1.66 1.61 1.57 1.51 1.46 1.40 1.34 1.27 1.21 1.14 1.07 1.00 0.93 0.86 0.78 0.71 0.64 0.58 0.51 0.44 0.38 0.32 0.26 0.20 0.15 0.10 0.05 0.01 -0.03 -0.06 -0.09 -0.12 -0.15 -0.17 -0.18 -0.20 -0.21 -0.21 -0.22 -0.22 -0.21 -0.21 -0.20
0.17 0.22 0.27 0.32 0.38 0.43 0.50 0.56 0.63 0.69 0.76 0.83 0.90 0.98 1.05 1.12 1.19 1.26 1.32 1.39 1.45 1.51 1.57 1.62 1.67 1.71 1.75 1.78 1.81 1.84 1.85 1.87 1.87 1.88 1.87 1.86 1.85 1.83 1.80 1.77 1.74 1.70 1.65 1.60 1.55 1.50 1.44 1.37 1.31 1.24 1.17 1.10 1.03 0.96 0.88 0.81 0.74 0.67 0.60 0.53 0.46 0.39 0.33 0.27 0.21 0.16 0.11 0.06 0.02 -0.02 -0.06 -0.09 -0.12 -0.14 -0.16 -0.18 -0.20 -0.21 -0.21 -0.22 -0.22 -0.22 -0.21 -0.21
0.17 0.21 0.26 0.32 0.37 0.43 0.49 0.56 0.62 0.69 0.76 0.83 0.90 0.97 1.05 1.12 1.19 1.26 1.33 1.39 1.46 1.52 1.57 1.63 1.68 1.72 1.76 1.80 1.83 1.86 1.88 1.89 1.90 1.91 1.90 1.90 1.88 1.86 1.84 1.81 1.78 1.74 1.69 1.65 1.59 1.54 1.47 1.41 1.35 1.28 1.21 1.13 1.06 0.98 0.91 0.84 0.76 0.69 0.61 0.54 0.47 0.41 0.34 0.28 0.22 0.17 0.12 0.07 0.02 -0.02 -0.05 -0.09 -0.12 -0.14 -0.16 -0.18 -0.20 -0.21 -0.21 -0.22 -0.22 -0.22 -0.22 -0.21
0.16 0.21 0.26 0.31 0.37 0.43 0.49 0.55 0.62 0.69 0.76 0.83 0.90 0.97 1.04 1.12 1.19 1.26 1.33 1.40 1.46 1.52 1.58 1.64 1.69 1.74 1.78 1.82 1.85 1.88 1.90 1.92 1.93 1.94 1.94 1.93 1.92 1.90 1.88 1.85 1.82 1.78 1.74 1.69 1.63 1.58 1.51 1.45 1.38 1.31 1.24 1.17 1.09 1.01 0.94 0.86 0.78 0.71 0.63 0.56 0.49 0.42 0.35 0.29 0.23 0.17 0.12 0.07 0.03 -0.01 -0.05 -0.08 -0.11 -0.14 -0.16 -0.18 -0.19 -0.21 -0.21 -0.22 -0.22 -0.22 -0.22 -0.22
0.16 0.20 0.25 0.30 0.36 0.42 0.48 0.55 0.61 0.68 0.75 0.82 0.90 0.97 1.04 1.12 1.19 1.26 1.33 1.40 1.47 1.53 1.59 1.65 1.70 1.75 1.79 1.84 1.87 1.90 1.93 1.95 1.96 1.97 1.97 1.97 1.96 1.94 1.92 1.89 1.86 1.82 1.78 1.73 1.67 1.62 1.55 1.49 1.42 1.35 1.27 1.20 1.12 1.04 0.96 0.88 0.81 0.73 0.65 0.58 0.50 0.43 0.36 0.30 0.24 0.18 0.13 0.08 0.03 -0.01 -0.05 -0.08 -0.11 -0.14 -0.16 -0.18 -0.19 -0.21 -0.21 -0.22 -0.22 -0.22 -0.22 -0.22
0.15 0.20 0.25 0.30 0.35 0.41 0.47 0.54 0.61 0.68 0.75 0.82 0.89 0.97 1.04 1.11 1.19 1.26 1.33 1.40 1.47 1.54 1.60 1.66 1.71 1.76 1.81 1.85 1.89 1.93 1.95 1.98 1.99 2.00 2.01 2.01 2.00 1.98 1.96 1.94 1.90 1.87 1.82 1.77 1.72 1.66 1.59 1.53 1.46 1.38 1.31 1.23 1.15 1.07 0.99 0.91 0.83 0.75 0.67 0.59 0.52 0.44 0.37 0.31 0.25 0.19 0.13 0.08 0.04 -0.01 -0.04 -0.08 -0.11 -0.13 -0.16 -0.18 -0.19 -0.20 -0.21 -0.22 -0.22 -0.23 -0.23 -0.22
0.14 0.19 0.24 0.29 0.35 0.41 0.47 0.53 0.60 0.67 0.74 0.81 0.89 0.96 1.04 1.11 1.19 1.26 1.33 1.40 1.47 1.54 1.61 1.67 1.72 1.78 1.83 1.87 1.91 1.95 1.98 2.01 2.02 2.04 2.04 2.04 2.04 2.03 2.01 1.98 1.95 1.91 1.87 1.82 1.76 1.70 1.64 1.57 1.49 1.42 1.34 1.26 1.18 1.10 1.01 0.93 0.85 0.76 0.68 0.60 0.53 0.45 0.38 0.31 0.25 0.19 0.14 0.09 0.04 -0.00 -0.04 -0.08 -0.11 -0.13 -0.16 -0.18 -0.19 -0.20 -0.21 -0.22 -0.23 -0.23 -0.23 -0.23
